6 4575 426
145
772 81 447
629 497 202
775 325 982
784 417 156
932 902 728
537 857 739
918 211 679
506 340 568
868 16 940
263 593 449
991 310 355
68 431 580
757 218 934
328 676 355
221 80 922
545 511 67
467 674 691
504 835 34
965 980 221
895 501 152
325 731 302
153 896 22
489 399 607
466 432 502
968 333 475
792 84 10
694 328 354
712 409 480
643 121 951
492 420 197
607 925 167
717 438 200
986 104 483
620 806 881
858 559 553
502 554 962
325 435 279
464 327 549
832 595 200
720 658 639
992 130 467
989 958 581
600 466 473
929 775 581
770 455 718
628 807 335
898 552 530
811 569 148
384 954 913
114 315 686
334 382 392
326 8 553
962 957 850
231 61 185
588 305 980
564 890 52
747 943 740
593 469 370
516 443 7
525 299 412
163 699 571
976 455 217
590 343 427
220 342 584
239 496 875
601 258 449
377 40 428
238 455 517
653 433 768
957 307 456
878 977 368
999 882 541
826 764 269
401 98 698
763 515 413
495 523 571
206 357 904
310 410 844
611 484 410
559 262 394
949 107 546
737 987 979
306 685 291
542 542 134
94 751 89
898 729 212
964 297 823
720 297 280
917 338 176
183 965 740
541 555 3
316 256 13
611 974 931
24 609 176
304 151 199
876 825 893
939 737 374
323 846 819
154 157 814
343 886 197
100 856 709
879 479 461
14 123 744
400 94 447
20 152 963
674 829 984
930 322 665
646 385 191
353 605 110
453 356 243
694 854 297
75 831 974
720 837 695
845 154 673
306 865 524
952 231 329
353 331 692
27 413 81
438 63 858
358 266 801
95 374 807
51 868 478
809 304 7
308 992 499
650 706 399
822 698 15
381 267 282
237 119 111
926 444 788
826 944 702
888 944 655
521 489 946
131 616 445
654 434 522
850 683 542
226 741 486
101 661 532
961 568 903
276 758 772
766 259 224
836 741 54
18 325 395
949 925 56
850 378 711
83 184 790
259
945 345 268
322 501 555
772 785 675
312 665 321
920 696 516
857 149 948
807 535 591
284 82 268
898 674 841
939 593 717
3 334 768
471 965 121
83 103 366
149 732 776
488 238 64
736 773 70
122 274 632
560 455 748
880 61 889
954 320 34
733 345 90
640 212 717
135 211 37
483 144 668
778 256 345
127 398 808
328 758 566
591 371 76
805 964 279
370 309 441
329 125 429
661 241 166
870 394 314
513 901 687
748 614 965
222 122 748
234 311 997
193 838 172
6 803 711
547 136 442
343 431 420
923 843 239
314 903 901
622 535 777
275 321 177
404 261 972
93 747 562
237 698 271
836 504 420
101 743 433
897 277 110
645 487 324
246 889 524
243 258 961
389 581 789
619 688 477
899 25 913
134 920 179
65 697 727
51 706 763
500 471 68
652 266 850
52 1000 319
411 456 626
115 764 380
517 757 764
679 801 526
990 967 604
475 416 249
406 199 557
954 355 991
539 505 637
268 254 66
736 428 107
932 332 786
766 868 159
418 652 768
968 710 905
965 269 475
460 802 638
516 806 2
159 222 423
326 906 419
505 721 875
615 755 674
458 246 111
149 997 788
76 378 483
211 964 485
930 577 583
228 657 135
671 685 151
195 338 581
546 903 836
801 433 359
986 193 147
119 927 528
310 747 323
294 305 798
399 654 649
20 714 688
88 735 607
464 417 685
565 781 166
216 885 131
258 437 528
337 376 454
143 580 618
256 49 322
378 413 56
16 636 788
836 149 114
828 254 741
767 164 638
966 669 270
646 542 399
368 925 235
151 274 350
361 473 106
782 952 142
35 337 460
59 49 709
995 847 974
381 226 224
809 943 25
527 610 495
298 655 567
698 790 778
995 908 16
300 633 650
312 582 853
97 881 620
427 925 355
240 70 50
178 133 739
319 533 388
299 558 720
122 861 766
922 456 601
377 144 882
966 46 104
9 149 696
327 585 555
413 859 963
139 591 970
860 834 911
274 876 145
677 214 545
743 609 879
937 940 782
553 531 495
817 994 471
865 590 886
593 504 172
493 954 221
132 60 623
982 181 64
736 365 371
894 458 175
956 310 254
429 274 995
816 126 883
364 352 715
140 335 180
362 874 345
612 45 607
654 221 520
211 807 703
613 552 263
351 291 725
774 542 643
181 342 719
130 629 953
157 803 1
40 643 338
671 773 906
889 778 931
678 919 952
656 49 547
261 434 951
318 430 391
993 823 503
963 346 972
406 854 661
31 989 851
228 263 412
499 178 819
436 672 571
795 549 554
967 215 289
925 19 141
583 969 119
15 281 993
200 835 518
781 616 865
920 504 545
881 783 490
214 82 285
943 307 164
976 933 47
95 812 978
593 714 422
797 536 565
466 936 26
359 181 581
182 144 179
589 994 232
794 322 333
719 246 646
62 19 147
770 291 397
862 617 643
611 925 274
973 64 498
873 407 640
908 302 296
789 581 980
717 388 613
531 544 864
325 952 660
550 590 184
235 56 664
352 520 443
19 112 373
448 793 443
878 822 953
960 700 926
54 884 220
614 830 982
349 447 396
834 766 215
111 743 645
856 377 353
713 343 592
967 537 374
264 862 562
18 774 268
293 557 607
645 334 173
375 210 222
923 635 637
762 430 88
423 179 574
721 387 780
673 356 920
727 569 405
386 472 979
179 649 120
841 670 800
699 457 639
751 723 933
408 138 539
65 31 785
124 360 816
694 915 672
840 545 257
121 419 879
154 377 518
599 863 635
217
348 364 707
39 526 706
396 597 600
614 562 239
755 688 736
894 938 749
228 299 149
70 118 959
822 127 677
905 486 152
785 659 577
263 114 261
286 837 680
737 352 4
656 413 247
344 742 972
728 107 589
885 697 286
104 403 998
935 597 699
535 53 725
305 807 526
686 803 151
35 785 548
600 518 548
651 917 410
224 977 351
787 620 535
166 266 376
861 199 82
235 428 281
110 958 126
95 689 623
104 849 772
655 871 986
331 828 344
731 296 496
54 719 895
224 7 757
376 549 312
250 769 998
445 620 449
461 737 144
798 702 532
436 296 179
528 13 236
138 380 259
505 85 897
136 918 161
663 589 627
800 113 438
867 23 404
664 944 224
37 10 647
89 256 921
864 892 905
666 759 645
887 996 702
647 372 747
449 543 23
759 656 271
306 331 888
301 579 126
498 313 911
277 747 2
971 15 811
218 986 599
214 717 58
902 30 158
334 615 38
659 661 873
24 612 337
681 121 623
730 253 104
359 161 978
194 897 573
614 793 613
961 494 112
371 172 882
289 763 31
612 855 364
91 397 396
582 913 200
284 784 439
357 656 995
850 823 805
732 390 151
826 950 576
174 485 46
157 375 223
693 696 83
99 938 968
778 723 141
319 649 651
661 500 78
652 331 930
294 299 117
751 456 791
36 694 464
558 78 533
477 96 460
864 458 323
293 780 889
517 554 956
523 877 544
80 273 907
97 97 231
548 323 423
587 375 519
507 922 794
147 189 796
405 953 487
571 853 246
591 616 51
500 553 790
523 408 339
885 110 748
152 8 664
526 902 15
594 575 264
70 537 174
364 4 653
155 5 629
331 204 434
761 484 707
581 363 644
69 638 866
995 164 398
251 783 919
988 829 872
61 547 835
499 630 970
734 520 810
427 689 316
143 172 483
64 31 633
984 128 7
536 473 476
402 947 743
154 700 754
436 138 360
654 442 273
491 863 721
431 494 495
462 81 943
117 734 647
656 435 967
735 63 449
1000 576 525
879 828 32
71 151 780
639 960 920
769 938 85
252 742 496
191 787 828
40 53 582
283 762 583
45 32 833
940 465 65
864 261 987
243 849 856
435 589 271
350 418 810
446 717 592
859 685 462
207 315 515
64 629 65
975 931 150
9 135 430
880 507 954
498 118 275
318 653 310
199 899 888
67 604 549
521 515 650
430 434 521
651 617 552
892 328 40
237 743 388
472 782 359
847 160 477
16 892 174
488 145 563
81 112 387
960 383 979
29 698 897
571 307 621
627 429 531
456 397 11
606 280 172
146 901 211
97 197 562
542 553 664
194 784 763
981 42 940
13 923 175
795 976 346
124 232 63
664 464 538
516 111 957
357 99 508
275 841 325
226 226 690
631 397 843
774 248 688
328 2 950
575 296 910
282 301 660
996 535 608
333 541 223
920 851 124
758 892 47
96 381 828
682 671 792
456 932 518
529 207 598
369 491 713
28
1 23 686
716 41 386
365 553 361
181 974 545
403 124 960
723 777 856
76 633 93
917 367 251
974 652 340
379 10 434
584 959 847
344 605 683
248 721 295
236 22 206
314 757 996
53 314 430
482 710 41
488 20 477
332 450 312
939 599 55
747 117 453
886 733 595
472 345 656
690 743 166
973 571 939
289 975 362
289 488 429
591 731 238
212
496 479 120
372 525 902
851 702 187
750 220 428
898 889 302
657 815 516
352 941 635
225 124 18
841 117 130
674 84 482
58 22 567
750 30 104
483 939 126
250 420 613
9 445 428
127 131 204
823 350 849
798 806 100
783 79 244
382 74 167
284 15 783
521 593 443
218 622 515
573 120 912
481 9 589
511 410 362
30 519 771
749 313 240
516 444 928
85 131 453
234 998 503
753 386 822
550 637 46
877 567 484
441 526 249
226 537 866
315 323 634
212 641 546
793 508 918
26 25 636
948 721 466
966 701 184
749 667 766
276 705 253
935 936 201
78 540 913
692 447 351
888 332 338
891 292 975
409 258 69
769 141 433
482 368 615
415 692 39
514 209 897
979 630 937
602 73 159
802 677 830
917 294 963
821 986 80
899 589 543
178 758 377
542 281 641
294 817 468
62 416 762
984 459 725
881 495 449
120 922 740
110 304 532
384 988 678
563 857 247
891 390 454
963 95 521
236 36 267
13 36 789
720 971 42
322 566 173
288 205 230
829 609 300
600 812 894
529 550 141
748 169 335
311 636 638
573 134 626
813 39 594
7 113 392
854 655 486
214 490 276
78 236 570
393 776 16
638 343 436
862 520 971
656 427 448
366 694 314
539 804 547
419 120 414
994 495 242
984 103 749
833 451 141
401 160 580
633 447 496
139 732 804
996 117 172
718 411 763
515 103 434
689 943 830
439 192 881
325 247 756
710 44 760
982 281 589
936 851 903
942 740 747
657 778 50
987 949 88
224 27 38
290 930 657
744 744 648
125 29 659
733 563 354
954 321 780
370 176 1000
828 578 67
626 661 507
687 401 795
236 873 901
751 550 973
539 605 918
185 394 525
574 487 69
925 563 31
908 669 752
890 202 825
835 128 432
843 3 91
865 527 152
802 628 382
483 975 910
155 289 73
445 729 12
683 557 722
570 995 263
177 52 292
469 426 528
548 264 325
712 15 626
430 561 906
180 216 925
321 113 309
393 345 161
831 488 838
472 403 126
711 612 993
901 333 410
181 547 264
377 321 858
130 525 449
880 561 254
333 61 473
830 970 159
704 543 826
536 169 411
967 807 266
354 108 475
77 903 140
980 634 155
873 170 92
601 270 755
960 920 461
553 577 933
251 386 326
702 71 831
338 255 30
765 628 113
938 167 637
102 494 385
220 183 284
967 5 870
471 660 557
964 569 723
952 60 702
546 436 158
927 186 91
533 273 640
693 673 531
591 371 166
108 444 117
764 250 337
894 877 659
26 586 641
56 691 551
293 605 24
425 919 659
811 612 908
623 641 734
579 432 317
985 200 556
564 374 674
339 600 509
884 275 22
535 144 267
679 660 207
224 18 221
898 466 696
963 645 552
479 837 462
808 88 639
130 576 58
413 305 56
932 260 773
829 134 850
159 528 833
345 482 373
826 64 310
221
916 946 926
956 619 332
714 899 617
331 654 647
548 980 529
72 926 667
399 275 764
509 880 321
88 933 127
902 375 363
771 378 564
576 713 563
707 891 440
306 87 775
203 929 372
386 691 963
845 64 275
956 743 495
962 61 460
1000 732 418
194 220 954
603 9 645
205 662 65
992 175 915
257 970 722
15 913 640
846 354 481
677 384 457
464 80 357
620 358 19
827 929 586
373 809 447
860 729 34
868 964 541
287 224 426
940 761 8
891 453 874
52 563 833
365 496 781
560 858 375
397 389 188
619 991 310
690 455 852
173 369 5
364 49 272
792 495 54
570 100 723
400 904 793
985 404 957
379 384 16
304 573 105
318 869 513
785 917 740
161 666 768
873 434 146
165 490 660
770 294 196
163 872 652
31 849 845
783 85 817
584 927 319
870 354 622
56 90 72
932 904 399
964 378 258
850 124 647
598 946 2
918 816 550
546 542 527
652 343 961
415 531 222
653 975 362
793 934 708
94 93 810
940 1000 428
699 204 93
956 289 139
724 495 534
708 691 409
88 296 883
653 122 482
903 608 315
577 689 932
805 393 910
831 879 154
221 105 612
136 187 194
50 225 625
713 660 922
581 438 545
435 397 577
426 734 151
160 615 796
308 813 891
272 416 326
212 921 444
36 948 316
588 76 842
921 562 177
538 313 153
376 201 646
562 258 266
803 50 421
187 48 18
340 136 607
574 226 823
746 655 699
483 459 169
972 314 9
541 462 887
74 680 119
904 523 923
912 768 458
297 424 623
997 532 527
861 272 967
188 762 355
141 960 794
346 257 993
961 947 908
472 771 571
811 739 887
434 566 164
966 434 434
207 913 324
232 472 217
795 900 251
5 878 470
842 695 258
940 499 199
814 127 511
951 758 889
213 989 273
789 20 4
331 839 52
819 916 944
630 828 446
652 495 54
946 347 18
780 116 531
899 108 267
516 772 841
90 995 515
58 562 472
970 752 46
215 502 444
797 643 249
366 923 303
865 279 528
467 830 880
15 677 703
9 585 213
734 915 808
79 487 326
60 285 462
796 513 107
358 588 143
897 810 192
809 597 887
135 799 614
440 68 548
418 393 757
848 297 981
356 686 447
353 626 647
646 454 975
886 873 490
131 851 619
16 377 352
790 115 878
694 908 503
390 225 906
865 200 832
328 122 805
646 914 567
85 820 786
668 121 356
235 948 154
951 832 235
305 329 539
717 925 552
254 44 368
176 174 333
82 529 938
155 901 607
128 475 719
466 625 991
379 596 376
395 784 197
320 363 568
746 723 411
699 938 307
837 410 984
684 863 180
732 192 810
652 786 218
828 896 49
75 935 788
852 289 464
741 413 603
961 855 565
406 7 904
694 339 140
578 921 702
398 941 864
449 854 210
301 823 651
713 137 913
660 76 718
580 233 450
957 937 115
853 962 940
264 764 187
70 200 506
980 772 562
565 141 261
272 935 730
39 326 489
306 130 287
683 330 187
656 957 303
0 9980 8321 5993 9354 6571
4603 0 2069 6746 1619 5383
5937 5006 0 7883 3727 6636
8148 8828 4641 0 7969 1308
5618 7229 5472 4578 0 9412
6759 5890 1726 7558 7986 0
