13 6985 362
160
823 184 367
213 200 723
787 755 775
266 768 192
33 93 886
985 254 540
872 20 171
198 379 687
656 395 530
774 259 58
548 345 404
852 780 827
759 63 16
740 141 859
715 648 227
768 556 711
601 719 581
939 276 773
420 564 924
579 229 671
647 496 853
731 700 813
489 267 9
328 45 127
366 570 214
218 112 129
921 557 151
767 617 659
991 912 773
779 211 736
767 250 877
699 198 382
752 915 581
611 743 998
290 306 754
222 496 893
840 871 517
605 968 884
316 620 791
586 429 851
837 362 200
725 319 844
558 290 975
327 368 477
567 274 733
743 10 886
433 266 804
66 784 886
908 950 375
895 401 952
116 893 90
770 625 450
437 153 197
144 833 544
66 57 75
243 152 701
173 149 625
703 82 162
275 224 396
341 833 803
191 172 962
943 3 271
113 873 869
188 219 623
710 726 828
581 427 801
586 4 563
848 88 638
380 920 325
780 559 66
683 280 519
556 40 107
110 817 256
976 425 829
657 759 879
129 845 811
925 5 100
564 437 473
951 62 642
987 782 288
853 276 395
967 644 987
485 816 173
1000 822 865
560 154 701
432 578 162
893 666 715
670 708 566
193 839 413
672 826 923
230 454 23
587 571 710
435 710 377
126 904 301
532 267 66
757 369 787
130 208 437
563 700 404
836 697 793
42 402 42
934 808 926
414 307 256
850 879 814
743 421 910
429 926 817
118 607 885
565 431 716
555 915 180
336 999 899
597 596 98
631 182 685
731 221 982
923 609 472
713 579 173
663 119 374
405 829 491
424 170 655
436 202 275
849 319 544
439 497 843
251 368 363
779 591 714
619 664 47
600 454 349
421 336 129
265 250 362
480 240 452
396 969 586
442 585 238
595 234 77
879 937 972
203 302 714
133 247 809
171 933 661
411 569 113
112 299 340
505 483 243
399 659 884
962 114 830
612 891 120
112 32 516
265 945 619
672 537 30
538 69 175
631 646 655
879 737 950
499 609 68
818 997 912
805 65 42
987 886 740
446 87 90
632 368 579
201 640 9
130 250 513
609 373 500
301 90 607
339 665 779
199 386 894
222 249 843
563 978 253
68
889 425 55
166 230 427
77 597 875
170 356 449
854 260 84
116 265 445
847 146 497
618 686 307
431 302 900
932 467 185
697 462 276
236 688 894
105 574 105
747 635 570
848 804 712
431 252 775
426 534 225
211 798 320
78 863 6
110 856 904
591 967 85
951 956 661
682 241 721
496 942 117
456 345 604
418 488 768
309 270 201
159 236 192
825 973 840
615 986 405
381 64 129
196 491 428
761 190 214
247 894 641
36 227 251
112 570 675
508 513 576
880 284 360
792 415 353
602 403 401
59 275 932
354 904 576
522 923 907
150 786 41
9 409 91
323 418 341
961 47 766
401 379 549
221 199 29
587 694 942
55 487 321
360 467 336
789 740 571
806 163 365
288 317 112
289 732 879
399 234 530
63 933 753
56 110 411
366 380 673
552 793 236
569 549 837
548 642 63
727 316 60
216 163 480
637 469 424
486 238 273
615 243 465
249
535 239 298
191 524 220
835 312 740
531 837 221
129 239 718
598 177 271
950 794 305
928 161 56
662 1 304
49 610 766
647 187 301
62 865 192
865 325 591
285 797 810
877 603 220
330 166 306
987 563 826
689 782 122
615 31 675
638 669 405
269 210 753
10 610 343
603 734 950
647 512 591
742 628 856
639 102 871
393 995 460
761 26 278
450 77 497
164 808 116
574 943 679
200 637 366
591 401 720
497 970 995
187 942 983
54 966 231
664 757 815
338 276 431
789 176 261
177 622 990
779 259 26
663 560 982
157 903 250
500 9 585
733 232 578
331 150 145
64 893 760
828 584 974
419 551 124
271 232 271
342 77 894
107 881 499
113 342 464
94 965 545
605 495 175
350 700 733
901 246 877
944 481 693
509 639 306
976 245 571
338 614 346
130 265 620
355 493 576
15 927 618
911 847 180
738 41 614
265 436 875
764 101 16
64 662 933
637 351 507
778 501 539
822 784 91
778 679 977
420 807 298
536 547 873
238 911 746
9 998 297
624 360 772
424 614 471
241 424 977
724 823 602
715 812 599
634 714 3
179 674 808
822 357 277
793 762 262
588 232 154
408 205 234
940 212 607
993 524 741
599 338 697
179 645 640
315 138 392
815 651 240
206 505 995
162 973 589
593 111 437
35 193 148
732 569 104
814 120 433
578 251 232
424 348 314
156 921 402
542 560 896
987 423 173
944 424 320
680 981 201
18 714 395
407 648 486
965 651 809
805 454 22
258 93 972
431 665 886
327 920 923
124 943 905
78 712 868
460 224 55
155 783 374
801 760 837
862 115 502
205 870 686
593 698 234
645 324 769
266 355 555
774 577 387
755 583 127
46 237 55
112 33 391
301 123 404
378 74 197
308 525 863
363 209 816
660 827 241
618 442 84
435 276 859
608 933 892
340 689 519
923 290 618
830 951 442
762 442 434
775 461 32
233 143 554
640 693 735
613 720 790
147 55 439
179 702 361
195 283 760
853 4 255
603 333 574
917 838 578
283 383 994
334 943 234
399 994 778
824 48 689
601 102 522
611 942 286
826 107 923
494 100 482
27 824 828
298 962 512
753 467 143
33 45 913
801 480 799
603 279 71
320 926 935
220 369 545
152 439 748
423 903 280
943 360 190
366 877 407
232 577 124
285 31 345
439 997 735
764 717 702
112 956 16
972 71 527
48 64 61
261 94 411
919 934 217
807 476 153
476 646 771
742 158 265
594 565 464
370 488 549
339 402 236
310 855 364
275 151 773
232 86 489
951 49 945
697 722 287
974 10 147
942 248 977
751 309 136
743 641 552
252 763 1000
239 643 837
166 605 282
108 554 313
42 313 319
520 23 586
627 609 546
320 857 392
656 809 47
211 898 791
121 440 555
798 860 693
133 514 339
807 708 279
886 676 441
799 622 672
864 728 579
532 634 763
86 306 12
78 207 963
527 851 376
633 822 47
15 165 98
332 672 122
873 127 545
32 315 538
405 370 196
43 626 416
21 28 306
726 827 145
702 723 326
349 454 947
164 781 850
246 851 875
732 526 306
636 732 397
697 923 715
13 148 812
560 758 220
153 990 787
390 329 732
757 834 372
972 639 757
512 540 568
831 567 968
516 166 311
46 963 858
288 608 801
758 874 702
788 118 4
865 506 659
782 865 640
952 56 536
587 65 608
797 419 743
109
738 123 269
22 639 323
534 691 812
510 685 77
899 404 362
588 659 913
684 40 134
932 66 602
212 449 185
334 126 704
929 247 532
371 680 963
623 108 821
651 592 765
854 805 367
246 619 754
877 138 904
840 810 90
559 104 960
176 268 217
309 246 823
644 277 365
573 318 158
926 880 729
315 637 98
178 314 632
134 733 38
164 55 173
829 257 311
52 850 225
418 105 876
581 792 541
630 360 574
349 533 129
653 419 837
430 450 453
957 876 285
564 118 264
34 535 551
449 507 485
820 251 827
702 515 141
116 467 805
100 498 962
923 790 111
731 143 440
845 581 190
345 975 850
565 996 720
350 401 954
313 300 757
534 328 417
832 151 228
927 892 65
786 836 632
44 347 872
711 139 499
394 831 175
516 540 939
666 897 699
706 364 155
888 709 354
56 753 5
601 279 168
370 959 253
515 493 35
442 155 63
224 589 661
80 38 108
796 97 225
645 836 682
392 536 153
797 231 747
478 473 774
693 158 992
671 243 367
449 228 653
538 774 902
338 949 655
879 792 745
230 866 997
299 297 69
97 215 388
286 153 377
644 755 846
138 596 240
124 193 532
573 99 399
341 62 834
650 62 937
895 835 442
475 64 208
840 820 901
226 370 6
227 528 182
954 962 603
792 586 424
720 670 568
173 905 235
94 717 972
164 668 777
674 14 62
278 521 22
811 580 315
471 767 840
821 576 625
466 977 899
694 128 876
720 900 713
60
991 136 19
27 458 761
982 639 817
122 663 1000
475 540 518
57 660 649
552 463 441
130 717 740
942 971 987
238 328 282
993 669 52
635 285 416
862 998 967
49 779 808
468 892 31
598 867 644
919 301 531
183 945 453
315 613 111
521 881 420
720 152 196
807 263 175
906 162 490
429 283 808
828 974 883
958 683 57
196 45 155
10 26 883
617 600 597
610 96 192
578 544 496
136 427 790
810 725 162
890 109 174
642 284 956
966 238 492
558 190 440
299 829 616
516 677 335
629 866 582
536 600 23
25 862 401
436 898 532
860 678 278
767 431 892
566 84 231
717 424 560
635 511 502
774 144 113
284 725 123
242 830 856
82 823 240
820 92 977
236 813 356
477 680 593
386 882 981
619 146 326
369 834 442
682 638 391
456 105 537
251
179 981 995
886 805 762
420 729 607
241 915 973
349 351 231
386 206 419
497 529 813
755 663 282
987 31 19
647 10 765
914 455 331
732 294 956
961 289 325
797 908 581
175 69 184
972 275 938
907 591 931
711 706 923
523 218 468
744 182 599
309 692 1
259 69 501
878 665 143
274 587 753
146 123 440
564 35 12
317 905 249
47 409 291
592 22 356
665 991 637
846 989 186
302 989 798
128 98 860
998 62 679
582 668 882
989 703 258
305 272 459
152 617 865
933 215 167
997 234 192
995 132 3
331 480 259
839 16 845
219 342 497
894 928 767
574 491 546
963 639 47
415 575 814
938 15 590
531 544 183
421 797 680
63 6 576
630 268 605
105 314 758
814 476 735
443 525 351
964 930 836
340 590 617
441 555 372
784 525 749
906 260 86
194 615 133
69 516 55
648 681 650
993 549 843
550 985 570
560 159 408
646 234 320
751 111 551
159 944 925
400 303 525
828 228 470
287 734 298
240 984 951
578 90 489
79 549 264
909 580 968
719 612 101
934 819 657
936 435 819
85 284 921
40 489 200
959 666 464
331 349 251
243 49 377
817 314 156
21 472 106
17 134 758
930 183 623
150 157 156
228 782 611
911 559 104
23 567 967
316 714 810
828 773 199
127 596 760
261 397 922
760 312 849
585 964 961
980 989 31
921 475 394
472 442 77
923 608 966
289 917 486
269 149 969
846 268 440
349 421 169
897 820 743
224 77 961
90 481 453
848 520 343
29 78 433
114 95 900
982 694 766
127 39 274
907 99 270
82 996 987
426 750 648
83 429 865
836 847 15
402 673 657
456 678 51
206 602 916
476 633 468
487 743 655
464 624 301
298 542 482
179 583 735
436 34 55
483 603 750
73 43 949
160 999 408
630 4 908
953 207 859
645 2 610
810 837 839
880 914 831
653 387 318
287 210 724
776 785 240
726 804 9
902 609 602
658 655 144
456 216 424
75 39 629
886 790 929
495 646 912
994 8 780
677 260 637
485 989 688
664 308 194
612 255 456
662 896 834
629 851 424
872 127 201
301 715 746
955 716 431
84 482 981
839 321 657
117 640 999
559 36 597
959 848 968
961 530 924
129 984 386
495 507 222
852 471 215
638 589 545
825 804 194
893 99 99
670 589 89
569 256 418
588 582 42
335 23 49
803 540 757
883 126 308
609 577 321
111 340 550
63 681 650
735 679 217
605 13 266
387 193 782
296 607 454
189 956 655
338 670 988
885 84 11
186 475 562
793 85 896
340 587 737
842 766 462
58 263 242
604 517 410
332 617 880
437 428 689
789 137 335
56 635 343
871 872 869
618 630 439
913 107 639
630 321 892
518 627 190
997 666 440
440 387 338
66 719 332
613 474 69
596 80 671
714 730 197
707 151 715
726 858 227
439 326 638
609 303 528
533 544 126
990 401 74
204 819 639
469 620 921
785 917 544
885 996 248
119 30 498
136 62 889
298 133 996
792 955 1
236 726 52
674 559 596
679 923 135
688 290 683
126 769 797
972 61 132
6 789 717
762 232 705
817 951 959
238 226 149
189 375 394
503 417 162
393 742 419
211 100 280
385 751 944
820 206 234
315 487 21
986 892 346
506 249 86
993 241 94
377 917 173
381 465 875
139 211 901
988 52 651
737 979 551
755 292 562
452 327 315
805 66 813
196 892 778
24 380 822
225 910 218
105
794 802 41
219 714 330
226 972 666
457 624 513
49 687 482
747 263 100
4 678 651
496 422 355
422 359 924
574 222 405
468 144 692
14 379 174
446 857 168
912 534 975
192 435 521
185 864 208
400 896 518
498 10 723
89 76 224
972 612 465
880 283 143
538 372 841
998 292 96
423 728 199
807 325 185
664 349 531
40 39 6
179 842 954
847 540 45
697 112 625
62 631 136
544 420 199
592 820 802
157 383 164
617 513 876
625 947 720
640 772 137
282 754 325
663 741 360
325 211 592
124 741 945
273 581 309
361 80 386
398 847 730
99 608 851
559 184 629
711 915 839
628 12 857
666 239 797
11 143 933
425 699 78
361 821 62
855 969 112
180 993 279
518 945 492
908 838 167
544 120 252
810 60 139
639 650 608
600 60 421
67 492 753
34 637 651
107 974 78
948 809 275
702 992 702
5 107 967
219 899 350
650 514 980
446 594 764
871 147 848
932 753 852
323 754 339
546 701 778
986 18 846
786 934 943
888 567 483
670 833 856
82 257 372
26 561 237
808 666 759
235 559 534
609 850 393
557 168 779
247 282 921
292 40 613
843 870 687
689 940 767
762 503 173
41 141 874
977 729 13
370 826 753
222 673 364
974 230 664
168 138 607
275 283 563
16 633 380
243 869 381
129 678 395
576 779 183
333 924 597
347 122 690
617 308 428
85 27 319
914 421 348
726 967 86
164
175 489 278
352 732 970
122 81 577
227 185 700
617 396 239
916 530 693
180 163 92
465 939 413
221 597 419
970 96 582
633 56 833
688 492 544
923 839 232
349 162 970
916 464 569
267 692 526
558 400 871
640 105 645
962 122 473
296 635 268
326 940 398
660 600 70
884 618 119
307 535 635
760 944 320
679 143 233
369 163 183
683 883 144
955 393 450
898 873 26
867 441 50
961 621 307
764 492 5
272 496 806
720 205 644
910 13 642
209 798 280
452 526 132
225 195 819
116 435 69
759 779 653
178 91 358
132 942 53
577 463 25
702 441 970
154 964 731
876 536 833
298 417 880
194 29 56
794 272 262
629 596 170
180 473 397
410 898 645
651 908 934
787 222 818
67 893 98
234 287 332
465 926 133
2 759 507
157 920 644
563 239 585
278 491 612
941 332 725
853 695 796
543 857 999
214 75 372
713 150 589
826 613 446
112 528 237
129 169 476
545 762 690
928 214 547
641 355 723
238 878 623
466 752 456
84 349 112
369 932 559
149 541 77
287 861 375
882 593 111
333 546 676
450 567 520
68 299 964
121 769 716
828 25 263
143 407 414
157 783 652
971 62 151
595 279 410
488 292 932
606 352 134
960 392 694
793 543 796
767 564 783
170 340 664
962 789 170
618 664 397
848 261 698
510 52 502
352 143 455
470 28 28
476 692 989
485 925 616
565 701 990
153 315 907
480 720 58
604 55 131
496 191 565
795 920 583
165 902 128
893 368 93
604 444 147
207 465 323
327 933 835
247 712 660
607 542 559
270 194 116
80 169 720
874 581 558
541 986 73
171 112 388
29 506 691
477 486 440
101 715 397
263 136 546
558 860 43
58 889 105
784 486 293
508 207 838
8 526 218
470 952 510
71 13 941
244 585 87
164 878 919
300 902 966
716 454 446
705 261 391
247 225 654
889 812 213
237 691 382
788 294 531
578 606 637
223 736 107
375 922 677
721 569 118
962 282 943
52 474 467
903 653 720
727 771 381
351 770 811
154 264 823
585 329 688
203 507 666
862 519 540
631 297 713
891 449 593
579 706 499
674 523 368
189 436 202
592 970 989
733 288 258
973 143 835
169 904 125
351 702 848
124
184 877 185
855 747 462
219 938 956
251 284 472
992 574 147
866 315 969
558 822 908
971 381 533
396 378 860
453 819 612
29 7 371
132 812 178
75 779 529
78 877 757
658 330 504
896 934 775
894 600 155
179 231 878
744 879 941
940 596 513
638 266 261
67 638 293
914 386 378
179 722 792
141 656 923
522 142 19
932 642 825
177 658 326
738 882 663
895 413 479
262 851 569
458 465 364
471 990 235
751 952 803
367 374 725
76 175 910
197 24 573
506 834 332
13 982 316
423 417 348
364 796 52
83 858 940
296 947 664
369 864 754
917 460 70
650 588 905
942 664 258
398 489 223
899 247 612
75 261 173
182 823 155
250 157 879
195 214 546
662 433 710
728 410 978
991 609 979
834 775 945
632 214 421
953 777 283
916 773 286
413 228 646
206 768 401
617 921 835
394 239 703
56 459 163
607 654 387
295 953 191
31 535 228
634 237 188
337 618 994
130 806 829
197 162 843
61 121 577
64 859 343
439 494 815
962 361 73
217 153 800
485 68 280
648 478 829
391 442 174
872 873 858
691 571 791
873 678 178
259 668 397
617 549 259
377 989 66
603 33 604
407 661 334
888 202 36
565 399 98
427 984 310
42 141 13
866 754 11
789 813 630
290 246 479
637 890 258
442 915 920
70 541 567
708 116 963
398 388 329
625 774 760
815 91 596
852 444 135
671 369 258
416 626 883
869 780 214
604 40 375
693 448 368
750 680 8
727 501 802
639 18 762
475 832 548
359 127 989
337 283 284
897 108 282
151 40 617
649 656 346
99 563 41
267 295 286
507 78 512
423 768 701
889 82 610
955 430 658
771 730 803
283
459 133 715
227 774 384
882 212 875
426 796 766
694 818 676
806 742 263
437 895 584
551 893 433
594 921 301
293 17 675
218 322 403
644 79 340
454 723 209
119 391 990
89 184 636
540 478 605
291 372 24
760 648 891
894 823 83
707 945 423
720 630 943
957 189 479
169 995 279
729 893 985
509 742 516
938 963 681
877 179 777
660 449 759
898 611 661
637 870 807
907 928 896
205 785 678
216 484 304
338 697 907
230 475 252
496 981 482
300 625 817
456 952 103
70 630 197
895 8 546
801 288 874
753 721 919
96 615 652
605 196 905
469 375 372
643 805 158
794 555 38
933 675 892
249 838 433
795 609 77
113 103 766
667 742 896
315 916 124
959 977 673
765 70 850
879 136 491
382 191 357
74 681 788
170 992 35
320 9 489
663 175 344
82 420 569
959 183 919
285 917 639
103 409 988
691 936 515
305 611 345
299 605 984
614 54 30
667 278 101
86 213 821
972 115 437
316 435 910
701 940 928
452 181 199
68 256 903
559 561 983
497 61 98
570 630 347
756 1000 253
354 869 249
385 877 180
268 799 652
584 538 443
771 727 248
291 184 937
425 114 664
907 922 247
642 237 316
859 90 236
886 543 112
369 489 787
327 391 458
24 46 177
211 935 50
530 193 432
434 499 272
701 418 384
987 147 817
67 60 672
738 432 18
95 895 175
174 629 905
982 317 345
873 124 625
107 75 535
80 132 902
279 867 974
69 185 496
816 224 836
49 971 284
351 603 575
479 785 680
871 301 104
853 184 382
907 229 231
429 880 84
392 986 351
172 255 633
444 203 515
337 497 371
390 647 754
282 582 416
943 432 711
906 381 891
183 435 141
925 617 480
412 277 571
480 578 818
439 431 59
636 438 292
817 443 544
771 615 421
997 819 447
780 575 128
6 950 478
338 315 36
947 701 275
499 109 872
400 694 559
966 445 649
512 591 692
424 521 432
184 102 755
687 59 678
646 872 81
214 947 883
267 23 412
507 358 783
590 216 273
190 310 470
250 836 905
556 610 410
738 966 212
108 712 684
66 910 629
568 616 796
680 756 415
704 180 530
243 855 39
754 198 764
580 295 915
580 681 898
755 649 482
926 916 376
588 538 204
650 98 842
90 38 340
831 886 357
171 114 564
157 871 557
622 295 233
306 519 434
585 113 664
693 817 743
22 536 287
346 794 292
791 30 872
838 375 682
161 753 418
20 929 897
486 801 985
728 557 974
558 780 912
2 392 791
823 969 620
550 762 122
539 187 307
82 73 763
282 208 966
833 568 966
648 857 52
438 959 558
313 747 664
68 942 4
163 70 636
860 677 313
116 445 535
143 127 824
4 750 732
230 615 574
757 835 267
263 858 581
425 136 260
513 470 153
83 999 650
146 577 865
874 378 917
848 198 257
641 735 372
998 757 966
563 329 441
808 641 26
342 45 398
905 622 577
214 659 760
971 435 516
229 615 385
615 630 245
521 808 491
519 398 379
893 711 346
449 957 910
90 930 171
390 646 46
936 810 491
467 684 641
568 410 217
174 172 690
77 274 238
44 444 769
68 661 452
657 349 935
808 574 455
576 974 1
689 689 937
692 442 528
879 503 225
974 107 527
658 426 60
449 983 477
909 595 757
340 155 116
867 745 130
663 582 666
304 708 688
81 817 327
140 922 457
239 84 744
501 208 324
232 514 258
172 652 116
687 673 497
145 569 308
201 740 506
817 906 690
81 642 822
944 620 738
905 747 241
691 326 502
787 232 714
520 875 875
335 955 229
760 571 454
879 816 526
332 973 680
120 923 288
783 64 134
634 227 294
332 691 197
250 518 567
16 66 429
374 910 960
921 107 307
402 403 758
16 105 236
170 985 386
980 607 80
736 540 369
880 928 324
871 266 811
398 917 155
319 937 554
224
367 255 803
73 38 263
830 211 488
859 544 854
538 995 984
587 293 825
497 103 935
755 676 370
809 77 836
602 578 644
968 557 266
139 300 810
832 250 776
777 653 522
335 710 231
682 290 538
623 789 123
330 867 346
546 774 533
891 27 955
241 62 558
602 779 751
830 839 879
852 931 754
207 312 752
921 977 80
829 596 214
393 798 1000
61 352 746
213 173 8
789 392 774
688 510 530
457 578 386
62 67 494
479 583 239
420 938 48
105 526 105
530 947 436
378 809 339
541 587 87
483 757 767
720 280 801
103 869 156
21 854 233
701 886 284
255 547 89
221 154 501
818 791 802
461 206 127
662 583 409
189 765 863
8 307 340
312 177 994
787 157 646
132 767 91
334 259 530
925 836 225
999 439 902
198 774 740
447 6 518
297 973 792
230 831 291
208 722 924
601 549 84
155 815 460
105 751 302
347 1000 764
567 567 871
599 449 822
293 617 255
726 657 447
248 580 946
597 678 70
4 710 191
362 545 702
543 412 918
345 12 124
74 105 473
229 746 779
35 272 720
810 663 599
55 443 570
186 545 448
231 277 137
389 725 936
665 310 455
478 958 711
226 622 695
570 578 470
305 101 309
635 942 169
582 49 961
548 252 33
715 696 864
406 658 522
586 367 965
300 941 721
705 867 695
714 919 521
962 199 795
612 702 167
686 765 492
277 366 755
164 153 201
909 280 448
397 676 511
848 187 774
555 101 855
292 507 879
794 157 522
817 296 864
118 740 275
999 306 434
22 646 92
75 378 96
751 59 180
498 147 234
413 374 752
211 489 882
599 725 121
999 593 605
281 738 461
74 794 21
678 680 169
871 115 510
430 400 478
152 510 119
614 77 458
876 949 993
510 269 529
877 818 957
23 378 493
321 428 346
877 297 866
647 280 317
682 690 14
245 780 213
300 352 872
337 490 342
752 489 974
334 44 605
352 697 668
665 340 781
778 203 123
787 550 880
521 832 367
87 408 848
273 292 908
7 625 183
118 966 715
971 841 972
901 847 632
498 417 648
478 750 327
661 452 561
568 642 510
73 868 606
462 320 773
700 728 498
698 638 61
227 429 781
112 567 493
850 980 592
421 801 923
572 507 713
96 5 802
501 799 959
40 749 312
181 137 470
775 356 210
454 519 333
167 497 290
400 821 7
298 988 560
939 60 800
247 301 128
214 299 929
34 578 36
494 268 47
180 632 402
626 841 663
572 917 375
222 567 661
556 468 780
741 459 30
336 57 465
467 459 932
171 343 65
266 534 993
700 998 318
828 79 526
376 346 284
474 783 772
768 232 674
203 922 123
476 795 831
903 916 922
729 519 459
630 411 232
752 428 215
675 607 58
912 966 773
926 920 900
686 884 147
625 976 11
386 382 173
785 370 531
917 139 10
792 545 550
616 899 993
273 749 45
551 968 100
861 610 267
423 139 148
516 482 534
333 261 374
727 469 384
848 276 349
685 767 982
7 943 177
835 682 943
998 140 159
240 28 40
486 833 874
28
930 870 485
513 601 455
221 701 733
688 33 418
61 112 311
729 557 330
981 112 977
878 491 617
126 649 198
465 354 337
15 633 727
498 986 673
796 971 624
96 404 346
861 757 660
228 522 561
513 886 708
227 480 831
251 730 469
595 948 815
853 625 584
392 539 38
771 126 462
249 509 360
737 948 580
205 915 969
536 759 893
323 774 890
266
713 702 1
874 286 397
626 615 819
476 909 310
172 583 16
112 815 782
494 671 256
143 155 688
8 914 274
544 977 508
759 36 540
845 606 591
563 18 666
336 327 171
374 593 483
382 32 585
871 746 177
115 446 885
654 101 72
311 754 890
721 957 754
64 888 511
55 963 785
449 216 376
315 942 197
251 651 592
869 546 48
722 1 391
668 822 134
153 377 839
303 948 570
977 169 708
661 236 622
46 768 180
547 664 713
396 417 500
685 390 279
977 418 908
206 234 444
923 580 421
772 835 474
228 228 496
478 40 76
252 610 265
537 770 707
975 192 669
898 724 679
863 431 872
741 738 521
500 405 411
271 279 727
657 234 652
847 435 592
258 668 375
715 427 978
220 240 613
169 225 33
476 563 579
971 758 218
699 25 37
264 238 287
953 700 611
759 348 972
696 600 524
982 966 530
444 125 976
491 307 282
832 317 587
953 323 453
483 464 344
934 326 83
652 260 626
259 96 522
834 346 969
476 76 992
896 941 308
457 464 3
215 653 195
742 761 975
357 732 896
231 967 112
78 288 157
79 346 146
625 137 272
897 54 510
829 948 917
350 156 23
299 680 867
777 41 940
326 535 611
841 395 327
738 880 61
414 266 670
314 219 612
526 397 825
29 509 948
449 982 765
674 621 626
874 478 263
186 976 443
8 700 267
886 385 760
557 251 741
242 835 265
653 507 960
801 387 224
593 179 319
785 864 24
853 427 890
505 269 927
968 71 466
193 242 617
340 825 751
273 598 45
814 887 400
901 312 980
350 318 883
617 367 248
865 822 231
656 559 851
653 103 646
610 406 400
286 410 232
750 558 126
400 724 877
620 756 235
972 791 954
880 306 846
479 979 847
306 425 560
601 428 142
26 2 532
378 315 63
795 965 870
243 170 771
510 570 753
474 764 86
329 903 484
950 834 153
456 754 134
597 972 568
748 464 488
914 398 672
706 838 643
836 777 5
798 351 827
228 709 185
215 454 570
262 876 415
878 117 377
554 513 314
818 829 235
860 346 608
663 840 35
402 714 116
167 412 192
85 867 683
536 49 991
450 75 702
167 6 153
345 581 400
491 384 692
199 594 529
462 459 951
376 408 379
833 93 465
160 810 251
774 32 642
835 953 412
571 863 557
66 547 295
644 563 469
887 273 446
192 231 870
843 742 290
56 513 47
359 686 634
995 403 405
689 620 933
751 659 826
721 735 803
396 878 342
107 182 648
850 370 109
622 466 409
277 189 51
213 484 19
774 288 972
645 615 96
404 153 376
807 480 325
76 361 181
294 228 705
886 338 629
388 818 167
48 324 155
841 249 870
984 128 89
701 36 167
540 621 325
599 468 824
349 34 620
981 893 664
125 956 717
901 156 227
317 377 362
20 56 127
395 876 723
814 712 790
619 195 37
958 844 549
547 423 930
952 471 381
572 691 393
892 980 265
390 775 856
620 359 841
996 717 904
424 990 822
746 885 449
536 673 613
138 645 430
987 462 231
654 627 354
807 489 769
665 783 828
128 610 504
927 140 576
69 176 592
736 278 295
464 342 686
912 801 32
406 652 244
721 392 279
559 560 188
52 899 543
454 148 295
276 350 187
203 435 87
564 350 705
40 431 825
331 358 386
394 965 640
557 474 300
338 685 327
525 786 713
563 67 382
896 179 253
757 226 137
901 25 466
618 266 139
883 848 399
279 743 305
610 123 865
990 630 229
221 581 513
226 123 384
6 160 887
940 341 725
748 251 910
53 348 338
490 280 282
483 858 713
16 237 469
496 873 687
719 161 144
0 9897 4255 8774 9128 7281 5921 9054 6403 5692 1945 1443 5635
5388 0 4580 7994 9094 7193 3128 5775 1876 9496 2015 2540 2569
4601 101 0 698 9488 4803 5118 5485 1418 8744 2740 8351 1869
4763 8642 9973 0 4143 3907 1957 9209 1982 9496 4589 6986 792
8314 9451 3997 9187 0 5002 4658 2031 9544 3997 4955 5487 4428
8992 3483 8926 4884 1387 0 1496 8545 455 4613 4219 7095 2021
3558 7280 8576 741 3816 3608 0 7058 1863 7554 5334 5028 6837
2952 8280 8863 3684 1329 3857 5579 0 6593 3473 2839 6133 259
8162 3233 2886 8270 1356 6733 5383 3345 0 1830 5504 840 9292
7843 9858 3774 6872 5198 4407 9802 7189 6943 0 1364 9550 8912
6139 6537 9391 7357 6754 5005 7451 5285 8526 1049 0 528 2769
4402 4533 916 6092 4110 3985 4709 2151 4583 2184 6446 0 7616
3500 5376 1112 459 6320 7711 5569 8412 9645 7118 7792 1559 0
