13 8279 700
239
559 477 748
315 201 524
175 919 765
896 97 361
51 407 483
843 253 414
874 657 89
68 150 398
338 645 660
591 823 240
29 686 187
794 725 848
235 329 300
840 635 266
241 498 81
108 698 856
504 915 724
313 471 141
521 309 296
8 77 330
233 18 473
10 382 808
721 203 293
384 189 541
208 22 659
8 695 795
75 235 843
889 538 198
644 209 128
729 925 261
530 410 634
814 656 4
609 887 456
778 870 624
409 440 373
900 233 611
980 723 464
435 686 97
3 728 489
845 882 3
953 699 394
912 931 730
971 699 195
711 338 543
590 432 641
840 808 98
803 579 216
580 272 977
431 418 327
112 165 906
999 545 876
146 732 539
19 688 9
47 460 104
176 114 662
851 491 662
491 226 551
768 387 31
604 228 544
36 318 357
904 217 743
13 47 514
275 963 458
839 530 848
412 643 9
337 836 414
553 384 414
435 183 547
798 450 474
11 16 679
649 487 723
321 90 367
824 988 300
145 8 96
934 526 892
703 5 638
90 419 290
144 727 693
450 779 672
135 332 529
295 412 863
734 964 682
401 373 201
439 689 83
941 785 662
34 515 196
789 880 432
753 367 533
416 201 344
80 177 261
178 923 214
674 48 635
469 277 875
793 266 947
688 267 778
276 352 219
9 43 767
591 828 784
934 104 168
430 938 763
265 133 66
363 347 433
748 820 109
713 336 322
121 809 668
64 430 744
374 482 798
835 381 947
896 616 137
887 423 788
646 859 561
766 182 944
808 193 4
371 501 110
849 472 224
471 18 899
913 661 320
669 123 556
175 341 627
130 703 884
701 323 878
896 951 880
564 818 973
651 542 600
851 268 428
931 62 263
268 538 788
308 20 278
102 406 387
852 861 261
681 38 963
356 162 450
262 499 543
857 280 230
972 177 753
116 667 924
899 576 72
727 109 812
564 940 794
81 35 24
871 529 157
357 536 862
576 938 715
319 724 838
915 730 230
568 398 956
62 274 760
651 977 769
54 925 751
655 588 702
734 578 248
46 301 922
260 417 266
950 519 253
381 128 229
207 714 636
867 622 675
461 116 135
924 529 470
591 781 304
758 84 924
344 480 189
160 924 543
317 959 280
979 252 281
647 590 14
970 206 214
178 532 782
143 452 779
285 590 483
775 854 382
851 181 868
167 693 822
627 322 170
967 848 390
668 984 291
647 990 517
212 169 646
400 468 57
66 28 991
637 624 708
105 247 828
354 677 613
830 632 519
508 57 155
132 929 406
74 245 702
87 651 624
275 836 95
839 923 521
266 742 467
462 124 161
22 534 522
84 875 72
861 361 997
881 273 518
386 368 640
364 805 865
285 89 405
747 978 751
483 778 106
83 624 349
351 854 685
25 389 792
928 820 549
664 334 675
891 53 755
108 345 832
220 621 82
903 533 811
783 148 923
620 662 284
756 566 317
697 282 997
139 913 493
833 888 500
925 421 313
329 427 474
845 778 313
90 890 187
357 485 592
719 179 951
204 747 496
272 791 689
911 218 613
655 664 567
815 709 780
977 953 531
787 904 908
416 174 432
853 604 405
16 668 223
449 211 15
519 323 827
372 455 500
857 114 26
555 782 529
108 138 854
317 529 961
188
527 364 162
735 484 922
971 396 948
996 975 449
692 985 21
631 965 353
47 97 306
443 125 247
382 984 352
308 508 445
327 649 237
373 621 272
502 757 521
769 247 607
100 800 845
751 887 525
896 857 650
586 398 521
230 737 686
89 916 268
670 319 172
235 262 444
119 498 483
374 429 143
149 38 504
464 64 211
895 995 551
582 612 5
828 628 999
364 474 615
24 349 540
597 680 558
178 71 441
269 763 100
594 39 646
275 796 594
544 140 319
380 809 248
14 873 790
692 374 169
721 259 620
343 932 969
772 723 418
96 626 817
919 255 853
864 746 446
7 364 602
723 710 37
438 568 846
158 748 826
501 438 451
700 198 322
680 506 695
553 677 935
418 831 885
359 584 106
682 445 945
256 400 22
45 784 23
493 166 780
340 93 732
709 560 522
608 423 704
936 9 328
579 418 362
126 367 853
834 942 405
450 10 261
257 727 923
483 155 319
877 667 744
277 369 549
1 237 441
212 858 140
386 657 525
675 737 822
29 775 843
907 459 588
723 700 909
861 1000 168
626 6 484
988 111 683
414 839 101
798 625 356
632 956 179
906 393 353
855 855 597
591 587 761
805 971 491
988 964 57
468 599 484
306 601 582
585 973 674
777 204 764
792 988 225
898 595 605
889 732 36
130 505 829
683 160 545
432 666 92
23 417 511
190 577 956
614 289 294
405 101 917
406 207 335
869 837 86
274 706 524
796 416 437
400 391 562
281 801 849
896 903 477
359 194 623
626 539 306
206 423 843
440 906 476
895 821 384
173 430 984
655 459 10
636 843 99
791 800 714
173 584 773
970 86 418
732 641 758
560 38 508
651 413 778
305 524 581
570 324 983
268 54 598
132 317 975
721 512 356
621 565 315
140 394 31
506 323 245
941 909 9
296 795 554
797 419 32
353 904 46
114 901 967
418 198 745
677 561 329
929 215 850
514 93 926
350 245 362
585 238 849
104 712 498
699 333 290
691 593 736
520 82 168
679 871 311
519 154 626
571 385 541
278 326 775
322 581 890
836 269 83
917 607 726
364 819 652
442 796 194
451 587 181
101 992 227
205 258 49
661 773 924
788 556 163
497 798 802
929 412 996
475 532 100
526 543 589
948 751 259
531 361 663
448 136 119
305 427 992
484 773 316
349 172 231
647 853 195
886 462 874
974 862 972
425 746 118
395 444 547
99 63 8
15 36 353
87 209 459
622 112 414
322 326 26
475 204 341
500 461 975
364 272 295
953 641 412
944 504 115
336 762 712
91
66 708 529
286 5 537
439 852 965
103 968 195
684 609 225
126 289 926
714 950 460
743 829 625
211 637 883
957 481 728
871 322 761
849 937 861
215 689 436
550 655 80
416 707 468
239 609 458
315 318 782
395 725 591
891 708 57
873 335 931
127 70 607
7 470 349
457 488 55
256 962 962
263 615 969
319 33 276
753 362 730
37 203 652
275 54 929
898 755 164
180 429 506
10 464 305
15 600 411
726 139 823
401 218 108
454 363 758
731 144 835
44 598 396
353 920 703
780 929 788
355 46 323
81 619 126
906 733 590
234 446 360
902 276 578
830 118 732
262 704 11
964 285 667
528 226 816
415 472 529
658 217 376
752 67 137
169 921 821
597 803 564
634 788 685
657 635 84
238 306 642
245 151 447
594 20 23
223 169 761
110 862 997
273 226 505
100 692 485
924 794 360
516 556 431
372 25 430
790 974 731
958 416 534
329 769 655
512 387 547
899 150 753
129 608 436
769 681 342
762 445 221
552 430 211
516 382 951
611 857 403
891 461 282
639 682 496
602 22 944
52 951 599
679 441 404
189 195 214
161 842 740
635 886 407
191 615 556
166 566 498
468 640 267
388 221 351
433 61 498
389 771 275
218
155 627 647
647 500 141
736 951 119
161 510 294
24 924 720
106 471 895
319 638 975
431 480 623
513 275 662
146 527 618
462 524 513
258 274 376
587 354 759
13 397 201
910 990 114
484 742 88
817 588 1000
487 583 798
522 809 491
937 389 929
673 331 399
365 752 981
650 385 844
330 683 850
668 172 204
396 389 87
274 349 437
964 47 783
825 160 169
770 335 370
994 871 469
952 534 150
672 82 296
153 774 46
325 671 805
491 887 10
569 942 435
673 250 48
811 151 643
157 894 106
100 830 363
973 337 48
433 862 234
963 506 128
825 773 556
459 599 628
23 743 686
479 961 893
184 118 421
214 367 421
735 489 115
726 378 345
112 283 466
805 356 360
930 495 269
287 392 718
746 65 212
28 869 124
53 943 471
112 619 548
372 337 262
224 795 232
470 717 375
258 856 260
849 951 528
69 131 348
9 552 798
298 806 655
973 964 301
593 248 861
207 497 210
896 258 438
660 718 583
857 488 612
20 617 262
354 578 634
578 477 192
441 916 701
582 498 110
696 635 987
18 477 56
486 306 610
171 843 134
431 477 475
433 657 908
518 628 488
506 926 330
41 140 258
186 700 651
932 873 175
598 843 253
889 303 562
363 48 850
63 433 44
113 221 253
921 770 730
508 921 639
970 772 216
53 122 706
694 862 957
965 449 263
443 161 600
882 453 605
681 429 635
550 299 722
846 561 285
645 942 341
733 137 901
318 642 811
945 124 75
757 230 578
542 741 602
479 298 731
488 616 125
750 165 724
350 576 942
127 548 557
408 367 733
673 623 722
736 527 840
518 804 722
286 912 534
456 384 950
295 305 273
773 36 917
16 747 108
123 254 53
878 403 618
139 200 389
416 303 721
24 309 594
568 900 541
959 650 80
118 910 952
877 386 770
318 232 217
684 390 964
948 94 987
878 411 40
830 879 656
182 541 966
122 759 7
803 99 208
809 621 699
560 500 381
490 441 660
121 649 301
930 586 394
759 828 270
180 822 968
254 600 629
84 153 358
518 329 344
201 258 387
264 311 794
587 179 770
570 893 991
73 824 418
261 904 514
335 899 675
421 237 259
127 638 639
338 594 981
799 738 110
573 872 384
290 478 125
534 449 483
681 226 728
221 302 238
932 165 270
326 130 830
709 845 902
857 933 40
213 606 359
865 50 642
729 461 124
795 867 447
174 142 625
923 391 730
884 467 952
139 609 966
520 519 904
212 603 172
574 755 279
464 235 901
485 304 973
776 430 338
844 772 684
50 196 392
756 353 214
302 971 945
742 819 54
338 382 184
232 713 146
131 952 12
75 551 704
943 220 831
143 497 992
375 592 999
914 35 537
73 907 206
973 321 815
125 202 671
768 489 124
607 282 761
640 136 429
549 338 463
183 4 487
706 855 471
300 542 907
756 717 418
883 28 455
233 155 5
974 580 981
936 799 478
69 652 544
174 67 513
507 352 524
158
967 700 586
540 583 262
943 953 249
204 46 398
583 84 154
505 921 355
933 996 482
990 971 740
455 981 60
595 67 947
381 478 670
200 32 191
369 439 759
820 779 304
565 798 463
39 37 212
916 667 833
221 452 400
612 657 85
205 912 497
619 231 442
875 188 516
137 511 770
641 314 532
557 693 119
123 902 908
875 147 390
588 951 44
29 835 529
860 979 543
728 981 34
708 969 364
529 290 213
628 219 509
584 777 710
475 204 134
165 785 60
239 358 471
729 192 181
695 273 372
127 834 875
310 872 931
508 724 94
33 877 262
3 170 266
284 134 987
844 510 435
952 88 233
223 51 535
241 645 380
492 953 979
238 529 796
949 51 698
232 625 330
967 350 874
416 407 716
574 891 352
602 704 785
224 144 734
256 15 287
291 771 42
483 230 259
42 968 746
388 35 338
524 948 230
107 864 591
95 753 709
293 679 429
476 546 307
333 141 758
995 146 713
59 644 91
225 890 982
689 918 966
111 65 879
446 631 877
894 24 698
235 195 697
721 436 327
565 705 862
603 165 274
395 815 108
553 296 555
530 550 79
713 57 919
661 584 451
819 740 619
521 240 762
504 613 38
609 2 633
602 869 616
454 476 201
443 751 769
682 692 291
121 258 787
6 370 238
649 648 811
545 415 228
738 943 909
75 207 243
612 871 791
737 636 72
217 508 151
242 156 153
452 197 544
731 653 772
232 333 9
775 990 131
835 81 71
289 993 794
747 874 21
437 798 522
888 203 594
29 898 647
659 718 843
737 857 200
590 443 314
769 200 647
285 218 373
198 879 656
460 194 2
982 886 485
593 305 11
232 382 994
300 662 541
864 674 950
982 763 550
116 302 290
447 48 710
886 455 869
339 397 198
547 965 808
558 198 64
13 37 918
277 165 534
301 818 871
784 532 838
796 533 718
750 401 957
266 43 928
864 909 146
967 560 662
90 223 205
217 225 294
286 749 272
238 511 310
914 587 69
611 393 17
644 409 577
804 658 862
923 839 977
710 316 630
568 626 715
403 979 980
670 540 167
165 158 323
543 304 94
365 698 540
40
292 698 517
736 421 86
131 199 555
929 801 633
570 617 615
7 628 328
937 886 488
279 927 399
310 878 563
861 44 685
469 898 852
935 658 626
996 801 929
325 908 623
141 817 227
760 934 39
747 661 775
898 161 902
945 83 862
269 511 911
824 776 1
599 673 403
1 886 967
484 8 95
347 734 938
773 226 662
454 641 367
417 279 560
567 372 253
218 731 122
525 124 554
266 757 247
996 167 585
351 656 798
49 708 687
459 560 636
566 636 590
599 24 36
191 626 514
842 979 173
38
72 444 533
208 844 434
938 116 2
594 2 542
575 83 421
432 984 280
918 463 401
113 16 119
407 433 79
259 887 217
35 621 92
956 761 716
669 393 561
833 404 317
97 601 320
158 472 46
972 569 516
598 126 764
245 66 625
228 895 240
691 313 12
50 823 829
656 949 813
689 923 227
757 128 835
97 776 114
487 26 375
99 533 474
41 913 844
579 290 753
195 36 846
402 513 156
122 776 2
524 548 763
257 947 318
277 520 783
703 384 137
731 505 238
105
827 444 535
831 617 802
6 914 892
993 436 336
260 660 740
264 887 610
581 777 135
854 132 960
682 293 967
926 617 83
634 592 825
790 814 78
501 825 533
308 745 203
248 795 657
230 673 761
992 544 953
485 73 773
355 820 170
290 719 263
308 220 296
466 973 144
575 847 253
792 325 705
820 452 181
514 947 342
592 69 950
597 782 556
329 59 724
923 144 175
416 435 333
868 311 24
493 56 808
828 955 374
991 818 972
796 75 547
2 606 927
332 922 737
421 366 189
329 238 445
882 443 283
98 242 19
624 1 419
904 979 876
118 323 545
661 882 500
530 632 478
933 584 935
146 925 76
684 535 582
753 131 194
279 775 228
606 26 745
429 135 439
623 383 791
840 909 829
100 915 178
416 336 91
570 237 88
295 661 220
326 178 278
747 399 25
644 714 718
360 996 525
695 541 53
997 309 539
658 239 996
289 956 971
679 81 534
614 651 441
279 241 746
317 779 815
690 139 267
731 876 133
192 872 21
979 740 559
999 918 137
796 281 734
871 417 971
254 787 842
852 970 874
704 84 384
178 30 250
764 634 135
254 434 685
974 480 248
756 236 856
81 288 533
195 875 284
931 877 346
689 386 513
787 759 626
507 378 707
473 895 748
91 662 118
437 668 239
648 772 813
580 549 178
505 961 467
655 441 728
924 709 304
517 364 971
181 544 31
619 508 247
737 668 173
161
404 744 732
796 862 47
663 503 824
763 3 569
768 586 544
544 743 407
240 579 732
218 748 353
848 211 799
352 560 202
41 543 566
434 381 323
720 434 451
998 504 475
719 499 218
229 544 356
985 33 906
444 90 88
540 693 615
699 395 764
645 288 325
424 454 92
199 806 368
180 104 120
21 866 571
889 673 438
641 227 807
626 13 729
668 269 518
541 818 273
824 875 127
470 931 228
595 893 115
933 406 605
46 653 383
113 169 722
710 591 604
141 43 235
9 81 396
682 665 600
987 920 591
702 662 802
2 628 678
781 664 990
248 581 886
261 351 6
696 838 328
183 407 514
356 770 598
876 313 702
653 374 922
509 262 372
851 822 99
839 341 876
46 443 992
317 86 625
436 419 673
350 311 895
516 106 42
665 133 458
188 817 202
727 405 154
471 325 756
313 148 525
890 58 133
211 525 427
360 888 550
432 386 113
203 821 667
782 526 855
237 956 107
668 769 428
886 837 650
513 451 955
695 214 900
880 565 838
839 690 156
890 421 371
725 623 765
859 90 701
710 252 566
361 880 893
393 731 308
65 981 33
311 621 452
251 276 133
423 37 759
183 880 656
842 334 225
616 603 88
579 903 676
137 569 857
602 526 930
902 263 731
690 828 913
454 625 546
384 185 466
998 163 403
438 464 396
320 575 221
728 69 429
845 112 253
236 820 66
334 212 117
192 461 40
442 40 422
424 854 434
476 431 563
414 383 69
596 379 249
525 789 297
800 128 365
280 40 481
843 806 926
272 958 718
29 791 580
179 189 919
788 257 871
772 492 461
994 157 147
64 842 381
32 407 379
445 273 270
770 231 757
640 221 564
963 161 574
496 976 165
67 289 886
526 249 875
615 497 781
846 222 161
329 654 86
51 981 563
809 793 964
791 602 176
163 451 947
953 965 169
752 187 361
395 306 687
242 235 102
3 238 921
323 352 960
153 88 388
743 66 339
241 292 136
146 116 112
890 950 567
171 628 36
351 574 607
554 526 851
356 680 826
975 557 164
508 519 764
908 771 319
746 545 94
52 985 246
958 988 234
765 313 33
729 722 672
874 116 814
370 210 151
293
366 615 434
16 646 868
841 236 606
575 388 658
745 716 293
317 220 256
76 823 217
118 950 284
118 590 298
100 244 825
523 238 184
287 41 600
708 953 999
48 271 694
446 534 953
514 193 807
753 795 535
244 15 683
597 681 753
705 217 710
898 855 376
641 719 29
280 330 880
413 559 278
981 357 594
501 590 520
743 884 706
509 204 700
553 686 821
577 26 99
410 467 270
253 238 304
723 491 681
800 106 856
543 288 104
779 352 880
985 333 326
197 641 183
97 936 713
761 846 348
368 404 932
708 791 345
606 411 652
464 52 378
160 354 785
501 313 767
966 830 929
849 422 521
180 655 368
606 214 291
681 59 419
285 895 543
469 325 422
872 538 508
671 182 604
444 228 781
367 132 582
463 422 845
871 528 414
359 608 920
944 301 780
53 788 364
195 262 529
177 113 977
958 472 876
294 541 77
889 769 34
863 95 876
336 480 898
970 180 630
202 534 488
53 697 738
105 19 553
976 906 907
124 533 919
59 186 977
595 461 262
48 594 986
489 820 63
730 606 920
848 21 836
542 429 853
616 715 84
802 104 606
200 805 568
932 77 477
769 607 6
157 197 554
128 851 389
942 164 651
411 465 913
107 968 834
783 988 455
102 181 367
264 510 819
374 374 207
17 662 305
656 71 612
701 831 699
581 674 613
918 12 210
309 255 928
885 537 478
19 800 517
690 692 929
722 876 494
5 940 186
127 507 53
501 858 471
160 331 781
200 990 389
980 289 956
858 556 83
99 963 64
194 255 229
624 604 121
314 429 342
805 808 847
918 973 288
799 977 524
152 445 519
19 418 987
770 399 443
207 467 897
4 437 253
317 293 963
712 603 997
220 279 2
107 806 898
400 168 499
933 843 99
316 487 211
571 521 444
117 41 370
428 362 27
657 266 645
34 678 373
65 733 258
898 121 451
76 256 478
758 271 714
301 418 666
433 942 90
374 976 166
460 196 70
766 120 925
647 793 796
168 571 850
539 335 726
4 521 522
103 8 193
146 169 283
624 159 492
829 847 803
980 395 12
5 729 349
281 543 22
121 396 193
843 494 238
739 299 298
20 390 742
85 969 220
328 659 642
92 640 422
224 767 978
218 714 702
374 896 576
193 303 91
921 113 196
493 806 879
730 235 485
154 40 541
262 230 641
983 25 664
678 243 431
803 626 781
693 685 220
5 852 778
40 841 451
688 158 904
139 426 498
264 722 142
986 272 953
183 435 855
366 299 621
540 939 13
626 219 733
300 763 582
229 739 443
730 435 567
218 998 462
260 67 735
909 264 510
407 401 767
487 617 600
589 709 967
532 991 796
541 618 394
283 923 996
274 287 630
239 269 230
759 278 894
29 434 677
442 603 153
974 270 867
999 240 983
574 374 379
96 735 25
621 584 637
690 992 401
780 53 889
554 860 627
891 302 881
905 122 899
177 510 953
196 457 272
692 856 681
984 374 552
451 449 229
125 528 589
617 407 107
880 256 7
171 435 85
686 589 290
973 980 313
367 240 226
584 397 134
648 668 485
71 160 872
524 50 17
540 291 319
173 466 158
749 587 436
774 573 661
35 263 324
235 505 762
933 831 865
668 621 415
113 333 782
199 191 243
500 436 345
828 275 873
347 335 447
174 5 436
594 548 939
783 817 138
267 649 119
955 578 527
57 278 832
913 321 741
271 956 260
406 808 401
419 469 638
932 62 120
744 685 316
937 363 274
948 384 454
307 423 279
693 805 891
860 399 880
218 650 240
321 329 248
360 409 578
608 433 67
818 657 524
858 979 334
733 761 107
373 419 33
332 33 665
630 530 553
184 658 576
95 523 265
995 937 473
604 269 107
110 94 819
898 266 98
280 899 848
882 800 578
209 809 853
371 391 987
790 597 650
48 443 226
790 885 562
481 891 482
333 220 644
852 626 922
288 781 754
966 925 543
890 830 184
941 293 781
629 611 239
465 789 368
203 541 339
227
583 201 871
603 819 13
683 830 486
122 184 971
809 385 66
328 449 249
832 420 145
709 173 470
310 732 554
332 513 904
393 517 497
839 115 368
86 317 20
219 127 616
138 981 669
683 753 915
998 339 617
47 163 949
14 284 706
702 152 212
852 177 577
74 456 205
545 240 406
581 965 594
614 278 276
938 759 420
153 538 575
813 844 468
690 500 465
358 155 959
959 358 684
450 481 339
988 362 137
204 412 3
488 702 849
203 880 954
125 244 186
468 46 918
728 573 334
218 740 434
545 744 623
572 978 650
627 838 470
175 249 450
863 577 973
188 362 199
140 125 490
788 365 785
411 566 693
42 999 584
81 507 749
728 720 813
205 449 647
717 261 563
931 244 951
902 378 982
232 947 67
940 987 955
209 274 364
965 788 449
86 860 671
590 421 479
515 329 949
864 595 983
609 302 486
353 28 714
33 763 956
933 922 277
370 265 614
582 347 844
379 284 778
672 855 4
940 158 367
353 978 734
497 469 226
344 299 65
487 86 185
947 813 471
291 819 101
958 516 557
567 890 60
658 491 836
399 302 687
715 420 947
652 811 576
357 377 953
200 845 727
825 610 494
874 369 957
635 223 291
284 967 416
327 135 571
633 62 505
691 15 88
531 265 892
247 920 177
373 946 551
420 388 971
141 757 534
177 816 454
581 607 172
172 295 451
874 247 165
472 484 292
989 308 891
42 33 819
713 176 630
338 263 886
254 476 800
447 566 857
76 485 256
978 326 989
739 319 991
375 518 25
929 63 904
88 748 903
107 21 924
667 604 489
833 755 565
469 277 452
76 272 986
127 337 429
786 33 124
129 957 482
44 569 734
734 577 314
606 911 651
688 416 736
480 912 131
571 706 437
660 277 647
678 25 989
783 142 342
808 802 139
28 504 520
161 717 536
110 628 74
506 223 569
341 489 609
669 727 343
660 580 179
320 39 844
209 165 675
367 612 427
645 693 444
145 704 135
13 333 321
397 582 544
241 113 291
965 103 346
500 814 516
442 468 463
860 345 434
777 515 143
859 41 798
997 718 310
454 5 223
142 777 182
884 937 81
705 619 709
314 862 74
528 376 88
230 417 399
637 821 600
25 79 979
674 916 789
185 526 857
347 369 538
686 685 316
678 685 320
148 319 931
218 282 358
482 709 9
759 199 648
97 59 284
45 197 574
815 852 717
841 698 631
61 977 449
476 732 830
15 951 350
101 761 381
355 583 353
241 886 800
444 922 718
944 13 723
304 549 720
67 435 519
703 939 642
803 497 410
54 641 830
292 626 278
788 607 933
523 157 116
515 532 303
596 92 89
946 601 460
656 134 560
793 881 986
686 409 857
30 928 57
592 218 881
174 795 37
760 720 770
7 527 434
859 742 45
36 685 621
541 761 910
129 173 313
934 466 872
256 762 496
100 925 969
628 957 380
10 706 544
37 213 374
665 931 45
203 141 685
501 173 121
880 647 977
417 315 78
136 313 97
526 152 760
603 574 578
496 492 925
157 864 699
258 722 274
60 451 838
117
727 807 139
524 168 236
278 756 237
602 995 570
547 845 389
867 34 727
494 531 804
275 77 39
58 611 107
386 847 492
165 420 451
21 997 198
41 228 777
623 585 776
634 410 175
280 399 342
746 306 656
501 158 125
3 261 426
712 953 626
91 240 746
786 479 710
229 359 899
591 593 233
22 250 688
537 651 437
422 519 203
185 174 446
841 113 341
931 212 111
69 929 112
639 796 167
653 922 2
552 519 509
6 714 436
431 258 960
745 366 323
760 165 891
538 190 725
617 325 999
783 234 182
903 254 930
579 756 588
642 493 1000
275 94 265
866 987 544
642 590 144
475 428 785
529 504 683
894 10 780
426 195 803
184 629 828
246 56 631
511 613 757
716 751 465
435 385 618
812 491 991
267 857 322
964 984 502
273 17 812
785 91 933
790 208 401
56 249 351
409 753 426
942 363 105
285 649 131
110 65 190
42 673 703
18 525 208
247 757 220
180 658 937
892 316 401
687 182 689
477 9 566
176 421 345
276 955 539
673 974 896
639 841 996
616 538 629
683 905 876
812 163 317
104 578 985
841 203 622
294 447 736
821 949 676
494 349 25
411 416 659
813 656 756
94 130 709
957 417 372
248 906 333
141 155 244
676 889 411
140 648 577
258 58 698
256 206 103
11 473 415
396 406 407
564 569 596
411 951 215
935 593 556
462 423 979
782 920 16
701 627 740
474 959 971
12 368 687
292 575 321
668 745 408
842 268 726
493 698 518
278 528 445
201 30 786
626 988 23
619 45 11
863 459 549
113 969 573
439 824 744
106
121 426 960
746 896 180
518 136 691
582 826 121
957 148 12
301 319 360
693 53 643
325 785 946
346 485 436
957 751 109
657 525 114
20 836 420
959 159 2
810 980 936
380 377 430
970 840 175
172 439 240
47 467 786
888 400 880
29 188 476
201 405 96
994 669 521
878 221 959
446 644 788
471 254 19
448 25 988
481 512 652
241 704 608
291 771 437
141 472 297
609 475 132
944 372 560
704 433 421
902 736 600
683 28 739
807 119 438
108 33 87
561 948 671
837 904 325
502 454 514
856 983 932
905 736 422
909 612 957
788 961 942
491 669 847
28 824 395
337 667 609
513 979 9
261 432 304
575 160 445
981 765 610
569 308 78
454 352 995
751 220 419
722 612 887
510 921 612
663 626 975
896 383 68
892 280 688
164 888 254
869 439 729
824 93 494
762 642 341
413 366 506
27 133 585
931 420 714
407 242 942
981 75 564
463 811 882
118 68 196
477 835 579
717 795 26
122 38 404
854 949 573
623 276 940
410 221 976
674 657 131
184 991 667
668 351 919
812 717 724
697 854 752
536 530 285
129 548 567
898 516 305
310 65 493
173 750 394
6 165 49
211 237 605
241 252 355
274 177 505
254 57 96
372 759 733
26 233 149
773 182 265
337 787 168
463 920 22
433 630 812
569 274 344
883 722 789
136 614 364
636 114 260
693 560 998
580 40 699
776 782 805
934 243 587
300 708 913
0 8592 8312 8897 6248 2372 2750 1077 4403 9820 7763 8528 122
3806 0 518 8019 5288 6608 5344 6590 9002 9848 4548 1447 4217
6079 7732 0 2446 1320 4971 7134 3428 300 5676 9407 5085 2852
9201 122 3190 0 6612 2256 900 8936 3695 8807 2450 3451 6651
5711 9554 4520 835 0 6207 9279 3221 9637 7736 5336 7875 1079
4166 9714 3355 3171 141 0 5016 2555 3412 9082 539 6598 8261
3728 2797 2506 8309 7655 7461 0 4292 7174 3617 9486 5441 2355
8659 9456 4073 8704 3231 8971 80 0 3227 2528 1852 5428 1649
7454 5665 2623 7507 3806 6459 159 7537 0 3142 5800 4091 843
4017 9352 3103 1630 9083 3574 9853 2133 7686 0 8004 6685 8164
8473 9900 9388 9213 8462 7324 7552 8220 2514 4805 0 1179 2209
9114 7703 5407 7180 8709 7639 9508 5058 7378 8896 516 0 2932
5476 7760 697 8460 8448 9518 3614 8284 1003 1562 1598 6666 0
