8 3308 575
195
846 873 344
757 518 841
193 97 22
862 159 124
773 217 811
535 117 149
705 881 333
106 194 364
231 587 778
940 83 960
146 195 891
477 303 151
413 761 73
618 308 672
997 489 47
186 444 198
193 593 506
407 703 215
375 884 421
246 145 804
833 118 121
881 902 994
921 575 675
611 156 89
914 492 102
421 641 532
40 587 780
479 46 425
609 525 8
834 130 258
204 226 895
668 18 572
137 729 151
300 536 590
11 134 23
512 643 29
234 959 311
524 79 446
701 529 42
429 804 701
183 7 514
397 932 556
559 284 364
888 224 79
717 186 501
735 683 974
394 451 555
812 586 83
352 54 519
430 578 478
828 245 114
486 611 573
328 782 807
945 589 17
908 78 809
16 314 254
782 237 821
229 499 810
640 471 842
592 93 824
146 784 246
154 877 325
320 611 83
88 947 556
166 443 595
739 908 39
506 474 624
254 883 902
642 873 609
760 210 251
302 535 960
643 532 677
919 431 432
134 838 404
473 356 966
999 182 45
727 743 525
723 250 816
549 411 864
617 861 7
834 399 706
84 926 624
637 541 977
489 635 150
720 897 419
529 949 483
628 892 616
752 220 201
195 586 265
726 189 755
852 283 992
540 882 486
932 718 410
210 202 732
433 139 945
295 72 27
852 641 77
897 25 226
678 677 892
783 281 221
530 669 199
468 375 994
636 925 888
69 193 332
177 993 947
741 497 734
89 203 161
520 169 43
745 806 931
870 971 228
204 35 190
618 877 562
764 506 706
426 76 302
252 124 49
31 639 109
537 959 861
496 222 816
728 218 905
515 924 884
442 779 91
821 585 423
791 101 593
131 915 531
575 255 210
528 119 71
367 306 631
729 435 746
323 122 595
782 543 809
431 984 960
739 396 621
876 949 475
94 436 453
112 298 201
922 539 243
869 463 395
100 221 620
454 970 446
485 769 656
885 41 222
217 117 812
737 210 429
781 35 444
456 553 912
143 115 6
136 450 218
889 673 276
931 73 667
750 321 289
603 855 274
770 649 351
34 718 545
668 38 886
198 8 922
726 467 456
100 68 512
15 758 988
315 545 23
982 68 432
435 742 15
675 111 756
982 794 726
226 405 419
478 361 220
224 220 204
625 39 244
482 547 256
97 352 208
787 371 853
232 335 396
997 687 44
626 751 591
450 585 871
180 752 798
900 150 310
732 587 890
579 547 58
153 95 404
670 248 930
62 726 391
844 29 533
346 323 205
908 691 656
275 741 613
658 573 817
683 185 844
443 239 836
633 59 435
460 830 933
196 447 753
463 481 358
508 726 832
94 847 545
146 443 757
289
3 153 187
871 35 321
732 885 399
66 567 950
24 525 335
733 786 664
146 570 519
532 27 496
610 656 897
592 460 619
301 725 755
965 48 223
294 935 34
600 218 766
668 561 904
708 287 134
884 831 219
174 152 185
145 276 471
718 521 801
658 833 557
263 791 279
436 495 52
818 896 300
32 383 456
118 443 296
855 105 898
284 275 947
692 346 903
881 255 961
177 490 675
843 709 466
861 566 560
433 238 418
573 394 330
821 692 940
842 626 334
356 450 341
610 17 91
881 892 303
234 290 904
429 631 411
323 807 992
338 763 84
235 415 114
489 503 129
735 268 388
256 292 105
166 612 577
393 206 133
648 326 993
944 287 465
487 665 609
4 85 171
605 336 20
426 885 321
359 457 169
229 193 92
898 880 477
256 479 10
268 222 843
471 435 772
988 710 690
907 110 243
382 2 655
518 231 417
224 778 115
767 714 910
897 733 990
799 535 497
724 444 693
844 725 497
520 844 97
213 168 187
762 116 201
862 79 29
126 654 306
812 153 58
571 994 605
492 386 464
933 712 752
920 345 712
615 316 256
930 622 989
281 856 598
725 377 567
631 501 1000
761 764 8
195 235 26
334 92 247
589 602 917
83 724 421
969 385 848
400 620 261
425 798 653
530 305 256
867 725 670
534 125 920
780 709 377
649 441 692
910 280 232
974 785 628
15 258 780
863 224 694
954 509 420
720 37 378
923 948 89
993 277 25
494 509 84
75 449 636
312 459 363
398 938 34
289 483 969
10 906 946
304 653 956
43 965 227
192 870 844
617 313 66
755 501 217
295 955 75
85 148 349
867 300 818
227 280 843
182 322 594
276 859 207
181 610 78
255 840 990
912 237 551
846 280 688
914 729 870
714 132 972
81 834 476
312 914 331
703 809 999
779 292 904
1 981 142
154 502 111
622 632 839
388 903 261
699 172 768
187 875 559
606 254 660
766 159 871
784 426 175
562 197 835
743 208 396
930 865 446
339 415 726
636 876 828
352 536 940
151 992 496
205 180 993
211 260 721
251 193 323
329 993 294
344 906 723
779 181 614
789 965 934
438 462 380
734 970 594
637 362 698
73 17 732
976 349 332
921 260 792
111 564 935
884 966 529
552 513 986
50 658 386
368 302 524
312 328 461
919 294 415
325 68 875
925 224 820
843 552 988
877 926 87
873 532 520
928 630 302
87 147 645
613 1000 5
107 73 843
766 25 364
762 739 837
645 974 116
890 918 498
95 819 390
822 380 876
608 757 238
913 786 775
824 661 263
528 918 317
590 223 336
618 592 856
299 907 486
355 591 424
936 170 314
888 575 447
27 764 564
892 200 90
838 464 528
547 185 945
242 405 594
149 621 369
572 583 341
734 453 665
981 844 169
748 103 450
662 697 421
681 791 91
188 279 106
915 940 141
986 99 665
609 421 379
981 813 814
848 836 438
532 752 430
854 954 823
328 994 229
236 59 212
969 676 668
778 44 447
291 517 506
982 700 684
895 603 944
630 792 265
269 227 242
552 586 868
601 395 332
447 643 833
188 276 547
159 719 186
678 84 676
394 121 411
186 35 473
357 167 493
57 108 770
94 368 874
450 688 1000
296 620 912
232 951 577
897 563 42
5 383 823
962 386 781
103 841 659
735 282 919
657 257 513
625 889 974
133 36 476
857 870 990
974 264 541
454 112 123
203 879 583
426 816 273
410 197 29
432 679 329
890 683 910
530 73 62
269 459 489
288 978 655
596 62 812
756 953 558
539 171 546
221 955 762
599 394 198
745 834 896
647 976 777
480 887 920
904 29 555
973 116 894
756 379 568
839 798 38
452 264 401
160 489 637
107 183 62
972 101 364
974 706 97
901 712 854
667 595 502
669 485 45
86 764 752
332 932 433
858 413 526
843 219 930
998 397 479
305 788 439
407 851 994
293 263 126
262 190 730
524 491 174
258 530 624
40
744 914 695
653 98 225
103 879 991
465 659 439
733 136 201
428 820 200
60 361 473
245 443 943
300 202 592
288 642 716
273 621 227
477 562 138
701 634 416
661 631 878
928 122 327
661 358 601
845 850 382
30 941 585
383 825 697
77 923 916
53 219 737
608 289 998
739 744 891
193 888 635
90 240 619
838 428 503
922 184 409
345 184 653
789 154 675
196 362 686
254 41 492
360 713 451
931 795 4
959 84 341
240 459 961
495 166 100
540 982 237
305 208 205
584 597 216
969 758 697
226
355 609 175
206 850 455
160 736 934
332 783 881
38 694 108
274 355 496
427 80 627
615 162 682
663 408 726
367 629 784
454 885 758
10 958 579
641 861 886
752 919 579
225 193 221
796 599 223
461 177 955
742 573 473
773 392 630
943 968 448
374 521 213
232 671 43
343 579 110
186 702 531
932 298 436
676 896 329
578 271 196
225 780 344
268 714 137
577 66 477
660 637 364
234 766 773
948 691 649
903 983 295
742 658 831
24 232 203
793 501 567
642 456 817
663 414 464
962 710 733
291 499 529
949 160 18
447 622 223
922 884 838
718 19 488
467 215 997
614 844 944
377 317 873
257 24 738
574 73 369
524 972 818
895 535 928
513 353 186
859 71 617
73 944 682
942 595 32
356 193 717
289 435 243
469 371 888
718 327 466
48 176 436
143 398 803
62 543 463
607 974 754
228 319 182
117 636 544
535 521 559
645 677 713
532 421 197
952 756 907
310 977 996
22 949 277
639 575 911
489 738 93
83 229 215
460 157 318
914 361 341
292 295 208
438 381 746
399 231 632
581 1000 837
435 461 683
327 526 430
457 969 974
507 650 450
555 526 584
382 722 534
178 924 379
324 474 760
228 645 559
418 324 539
828 606 377
500 991 307
571 705 291
52 710 944
566 458 44
747 972 711
641 951 386
460 173 606
651 196 189
269 855 951
131 23 423
552 401 848
939 431 450
58 868 776
570 108 850
675 464 741
502 370 75
974 105 141
674 838 844
633 195 259
182 389 757
592 290 331
765 505 285
669 829 704
884 814 441
900 964 573
424 837 728
550 593 473
344 40 371
642 580 919
931 846 76
763 730 606
571 392 589
983 151 877
531 492 732
669 211 209
470 624 443
82 698 315
962 930 837
604 47 924
459 871 599
150 858 748
147 57 532
302 727 27
121 549 709
196 210 797
696 116 999
997 817 644
42 457 998
80 50 873
686 540 169
128 878 276
911 357 535
298 676 965
237 491 961
55 17 186
440 742 360
252 32 747
955 851 906
385 549 772
286 303 624
896 279 17
536 654 811
704 286 527
900 669 526
753 585 26
273 734 782
393 380 298
367 194 288
543 937 458
200 868 450
223 53 442
820 877 901
94 926 916
976 843 850
15 26 429
336 462 692
366 842 581
739 92 782
275 952 209
568 988 934
938 469 464
694 361 40
433 62 443
432 89 686
275 736 466
938 301 567
59 795 76
78 962 750
20 508 861
307 136 13
63 471 493
943 330 194
901 723 407
370 502 74
79 399 929
118 326 821
419 764 602
101 591 41
1000 243 545
250 248 753
404 818 468
563 54 992
181 650 175
198 142 305
174 307 215
211 547 266
419 683 78
857 866 289
623 419 376
308 339 542
708 611 246
62 130 763
35 552 746
804 286 192
742 12 563
91 512 442
164 750 385
868 62 525
483 938 716
972 529 128
259 474 402
848 533 449
761 870 734
912 47 186
970 777 640
521 533 659
450 397 473
289 561 640
236 848 78
29 359 165
299 87 312
109 608 360
553 340 546
540 414 511
111
651 483 969
714 146 428
850 645 818
915 611 114
568 814 571
122 620 543
885 742 530
938 984 496
332 42 814
515 125 612
653 607 263
850 993 990
126 649 104
762 636 171
852 597 19
54 381 14
158 52 956
619 448 713
57 842 202
760 39 550
306 342 747
592 135 941
680 212 910
99 477 440
832 960 581
152 105 740
134 397 643
230 451 337
969 542 546
708 844 628
799 330 146
222 55 931
626 54 766
122 25 674
954 879 936
107 933 285
955 526 270
612 587 166
257 624 397
440 67 464
98 549 790
816 533 971
747 79 504
829 803 802
503 231 29
671 586 594
980 819 768
790 278 669
527 739 814
992 901 415
482 549 330
443 29 799
259 510 302
165 337 48
384 995 232
728 160 961
32 991 730
682 568 939
885 223 302
61 314 266
904 795 593
987 566 575
547 423 109
341 577 683
13 609 220
437 196 615
443 748 674
737 928 739
83 925 699
330 336 932
781 917 590
165 662 787
37 935 817
680 290 594
459 595 749
87 847 129
420 475 956
856 566 337
45 293 881
709 168 223
309 641 712
801 527 323
140 212 583
349 549 474
778 972 644
396 528 458
121 685 327
13 789 101
454 829 361
848 675 706
621 540 134
731 634 606
668 808 240
526 764 1
577 798 485
404 284 607
463 3 651
387 85 540
589 36 849
439 165 364
592 20 929
139 66 690
395 381 635
737 220 593
685 273 828
803 860 201
291 602 392
377 124 683
438 975 588
628 440 350
183 810 360
35
276 907 385
727 204 141
526 439 87
829 489 143
214 729 318
218 522 935
333 172 892
731 819 153
35 989 369
443 569 689
332 271 830
413 627 56
356 582 885
275 241 11
712 762 488
696 75 242
568 613 413
924 283 821
707 903 440
272 382 332
250 521 507
145 352 952
609 503 715
696 350 108
266 458 131
290 369 601
443 990 261
644 72 186
714 168 70
907 373 563
470 179 859
426 685 304
848 996 434
107 793 564
83 259 563
23
49 728 161
667 199 152
218 653 271
268 248 516
325 428 282
48 42 55
498 724 74
100 832 633
326 629 622
609 515 726
691 828 729
242 936 558
246 534 29
967 288 340
949 538 614
498 277 318
920 201 513
808 578 478
872 351 230
395 307 351
631 567 138
303 134 98
863 219 408
183
488 762 758
162 1 592
643 133 480
134 394 87
968 501 950
429 958 255
72 311 487
886 453 869
528 763 957
639 348 312
757 156 82
774 838 220
837 816 724
638 394 422
335 251 621
940 821 81
804 960 198
585 882 887
503 80 134
256 840 106
681 7 174
59 380 164
913 892 664
522 511 972
227 120 199
148 130 299
431 322 689
370 535 927
813 985 660
841 707 567
270 946 854
991 602 735
805 931 792
641 66 268
150 735 228
843 107 475
862 836 733
464 510 46
708 267 478
180 780 455
183 798 151
151 249 489
937 632 941
987 778 939
571 472 320
664 516 656
810 670 873
46 62 316
225 314 883
420 799 552
872 194 242
575 908 457
980 316 987
870 940 948
183 931 228
77 941 341
19 677 364
551 155 681
586 365 412
280 6 650
808 670 175
466 781 402
939 752 670
175 1 274
362 143 568
760 172 723
501 192 305
524 97 53
437 126 137
675 158 680
948 125 183
21 449 832
887 925 886
845 359 949
314 835 840
755 436 282
891 459 377
721 526 868
954 328 254
492 947 7
615 80 902
790 622 589
342 395 176
570 997 487
632 715 606
265 165 392
891 801 169
947 608 46
347 902 222
121 262 643
753 712 88
50 275 668
828 110 863
435 456 392
46 398 872
443 861 652
401 766 853
902 927 485
602 209 743
769 413 815
405 299 306
582 32 309
586 295 305
17 266 720
48 767 923
299 167 940
152 341 653
902 19 7
868 721 832
217 626 700
327 906 628
61 494 249
887 785 134
183 318 957
777 547 759
280 715 101
965 942 718
355 783 406
843 575 360
405 776 566
653 34 125
450 874 151
710 738 413
46 252 525
737 58 52
186 205 154
342 308 867
801 23 214
753 201 751
843 507 587
716 792 983
544 206 160
679 484 241
423 83 869
718 512 932
1000 817 200
346 749 380
704 520 486
635 422 274
612 463 140
638 114 83
232 104 328
210 11 4
441 575 874
776 709 35
192 791 56
882 754 623
633 166 585
52 788 523
92 723 320
145 67 79
962 414 573
176 633 25
483 647 311
152 499 748
782 163 526
944 425 398
729 931 406
475 248 431
603 662 351
563 558 711
807 785 188
68 815 16
35 772 408
698 319 564
568 783 137
70 224 425
827 422 38
886 389 939
628 241 12
916 87 217
197 920 504
889 958 12
991 350 782
546 587 796
592 556 339
282 340 525
600 585 710
856 760 656
221 7 749
995 573 469
36 952 638
508 175 601
0 6233 4628 1651 155 8878 6739 6168
8483 0 1207 166 293 6482 2376 3375
2910 8909 0 9327 7625 9352 4979 48
2793 3774 5258 0 9065 9670 2311 3807
9726 7076 5308 2713 0 3085 8058 5772
8153 3090 5194 2247 4515 0 360 1521
4582 3592 2287 1507 6655 2956 0 2191
9164 4218 4130 2211 4620 4832 2977 0
