6 2867 853
66
672 903 74
246 859 95
667 421 367
628 871 148
432 139 318
155 357 661
336 612 322
341 476 430
294 765 410
787 350 777
769 762 104
770 682 230
817 348 546
461 656 280
260 865 960
739 229 235
666 69 591
139 929 619
70 41 844
110 678 192
447 650 963
821 474 336
239 100 16
964 463 515
762 407 774
286 210 902
481 601 776
161 186 873
592 93 870
779 490 651
815 771 529
630 298 695
981 841 713
930 937 663
386 17 5
361 582 481
581 348 35
271 744 224
555 806 482
242 715 5
338 274 413
726 605 830
310 361 217
446 432 103
467 621 33
23 425 198
283 980 305
29 498 468
24 114 833
163 44 474
389 278 851
965 920 641
129 105 655
634 422 909
877 227 502
375 878 355
815 215 436
454 814 866
590 113 35
928 844 671
176 157 332
974 709 628
360 338 911
23 302 90
533 497 191
750 914 956
176
959 446 931
140 39 445
946 767 444
462 632 516
738 5 852
577 926 777
797 606 299
991 305 426
1 269 191
46 73 696
101 71 986
118 474 544
439 773 541
78 311 90
92 186 636
979 374 195
805 886 330
473 371 847
133 955 895
734 744 50
227 582 800
484 165 424
717 890 143
222 883 2
473 320 587
69 270 914
747 730 578
844 626 258
651 177 365
106 789 848
789 4 860
126 31 213
70 67 106
849 54 256
52 155 539
863 942 797
902 251 443
222 680 571
957 455 321
852 472 957
202 812 981
547 652 688
929 308 231
966 11 525
356 700 705
609 219 439
804 163 230
605 311 16
364 588 196
122 151 936
199 678 54
201 177 143
884 658 846
833 79 148
783 558 186
473 361 29
579 865 965
918 254 512
366 999 664
86 838 730
548 662 785
612 298 143
351 416 323
982 47 642
38 66 607
413 583 47
557 541 170
948 673 134
204 533 896
891 907 337
971 903 401
764 742 608
261 999 993
271 585 483
234 49 389
874 377 513
659 118 291
308 505 928
824 475 978
706 765 204
901 637 859
722 140 932
318 993 663
551 406 42
119 858 881
141 587 283
679 658 54
279 709 775
782 645 315
301 95 449
350 867 886
491 143 458
935 646 753
687 504 257
807 116 811
489 724 238
64 965 352
48 928 753
514 975 11
132 625 477
411 137 266
807 991 986
357 479 945
384 808 834
417 516 218
218 367 914
417 325 924
177 845 540
50 44 666
813 431 795
450 554 535
467 801 576
159 882 15
705 331 148
802 522 280
209 113 350
850 180 570
41 656 941
21 957 779
688 774 792
635 228 687
916 554 869
291 438 686
179 93 464
867 401 855
832 647 982
827 774 565
535 142 474
515 779 63
315 843 566
437 953 902
367 310 588
420 113 33
522 765 398
85 965 115
63 663 363
958 189 209
380 711 116
285 576 157
538 366 511
355 653 783
270 895 634
785 873 629
431 562 483
859 441 409
599 858 847
643 403 635
709 297 912
311 242 800
483 302 939
711 439 386
829 196 201
889 711 312
594 430 693
574 465 943
607 312 639
49 431 738
472 368 527
597 784 656
161 205 668
407 573 572
885 320 654
37 601 25
837 161 762
165 813 821
20 396 725
386 115 390
473 460 923
916 121 204
278 831 729
286 114 743
24 52 56
813 593 937
574 953 284
334 774 933
326 576 549
263
261 32 237
331 669 250
579 743 693
646 193 918
139 387 693
470 844 295
153 481 309
144 209 192
325 878 872
307 344 606
363 290 853
945 948 575
121 258 768
762 763 180
202 740 485
810 454 244
513 653 326
213 394 882
849 142 999
705 759 80
939 735 566
44 855 421
176 651 263
14 971 483
593 501 519
937 561 869
420 330 336
319 1 704
368 464 958
771 474 816
267 85 576
539 639 605
387 788 242
981 750 286
66 692 969
497 962 853
847 827 191
366 600 836
818 826 280
512 496 144
534 217 797
17 310 811
148 725 55
574 977 879
294 912 287
277 553 224
746 537 845
508 143 354
585 4 751
692 665 356
664 236 755
366 403 405
957 502 375
973 901 156
973 880 504
374 522 36
524 235 856
132 485 57
124 22 668
79 26 5
979 532 885
967 762 30
487 151 229
972 463 860
356 13 710
881 930 399
657 659 975
849 258 86
638 672 863
992 807 398
818 756 502
966 79 937
674 826 313
705 855 141
877 690 621
26 236 808
590 939 990
905 908 258
458 999 256
35 815 522
796 536 887
924 851 956
94 371 555
681 367 626
58 826 855
984 822 241
784 455 228
978 592 910
690 286 927
600 852 130
53 163 683
373 505 330
409 45 131
380 254 923
155 586 742
810 783 861
305 572 193
45 18 581
367 819 73
142 570 704
361 739 839
908 762 613
177 256 576
194 524 300
666 232 356
322 284 61
540 616 301
666 232 859
994 979 683
743 233 561
169 607 191
264 479 939
691 401 926
509 480 89
516 723 855
784 578 665
682 323 55
244 563 387
531 223 739
524 389 946
99 303 574
734 70 216
740 290 485
200 128 649
170 564 192
386 693 372
317 935 866
581 294 846
729 448 860
67 605 641
556 652 886
976 984 179
471 675 230
912 704 802
871 493 557
162 601 848
773 555 694
52 300 850
275 256 473
856 914 646
889 240 64
605 738 821
720 160 145
730 302 261
796 24 540
415 769 307
352 941 533
397 396 368
966 538 485
489 802 891
949 577 221
211 330 774
343 917 716
356 924 171
986 786 426
672 710 705
62 528 964
561 551 723
79 380 466
397 173 553
100 105 486
186 19 905
160 174 294
688 766 944
952 608 100
686 369 212
485 811 189
656 814 421
131 299 728
591 383 356
593 112 672
58 28 563
499 123 236
669 878 806
565 771 382
769 372 985
33 747 561
35 181 515
372 256 23
959 30 530
517 694 643
231 869 423
839 947 91
311 934 924
479 856 505
837 436 620
688 155 123
446 411 939
774 49 640
842 469 55
657 355 340
563 890 277
651 807 543
698 893 783
172 706 793
4 339 726
148 315 338
317 861 699
562 882 120
699 97 131
772 377 817
556 349 972
527 250 306
946 492 737
16 123 408
47 637 733
402 622 886
293 785 6
929 868 766
800 772 263
647 340 188
583 302 572
863 959 856
463 11 305
815 95 556
921 233 779
74 1000 654
550 128 162
669 446 671
609 512 270
857 600 635
332 870 112
841 459 786
470 527 707
333 123 831
596 225 587
719 511 376
359 191 861
60 379 711
253 637 336
886 122 87
867 940 859
465 276 25
874 374 120
523 429 536
32 269 240
176 944 810
409 375 888
46 939 601
846 325 388
293 539 658
694 998 561
914 265 749
395 318 168
668 62 157
832 796 904
879 532 312
688 603 283
440 517 762
288 615 821
825 554 862
816 331 994
31 323 389
919 978 134
209 525 515
926 827 81
642 300 839
543 49 947
625 933 138
534 59 677
711 104 403
319 864 762
226 660 153
16
102 468 312
820 288 721
603 842 79
770 241 338
348 353 500
178 404 469
245 65 289
601 296 781
977 307 795
278 685 398
868 465 172
568 664 301
957 293 669
217 672 402
505 116 310
810 936 468
85
221 898 608
117 260 554
310 181 431
840 486 582
407 464 804
103 12 785
890 632 863
767 300 695
537 466 250
198 891 533
497 802 4
303 82 638
159 725 858
438 905 358
505 645 551
126 387 863
462 948 570
815 833 59
129 898 303
77 202 251
779 915 490
453 378 694
1000 420 688
114 993 212
507 693 695
424 135 901
725 381 64
575 413 76
907 96 66
675 165 480
102 325 962
866 333 21
384 958 992
775 113 264
164 928 181
614 880 457
525 917 714
751 433 372
83 110 987
647 606 314
914 141 221
420 568 739
124 811 13
864 588 512
801 767 105
449 837 240
85 287 667
502 67 672
578 90 428
605 955 695
590 533 310
172 727 248
566 589 814
694 993 610
307 790 873
255 514 303
989 914 109
514 104 497
815 437 457
673 489 82
642 160 360
606 178 403
437 594 851
128 484 718
172 6 534
305 823 680
711 146 788
335 888 986
373 949 910
487 96 298
257 771 240
66 214 507
997 852 878
673 767 565
101 539 510
707 171 153
485 603 886
66 211 260
86 664 193
226 440 759
302 691 36
194 438 581
271 327 606
902 514 422
258 467 777
261
848 602 140
975 603 743
297 640 88
67 448 59
468 272 710
404 212 366
363 207 243
106 372 855
384 538 497
255 61 786
664 717 497
537 64 402
71 37 255
715 749 635
253 123 574
840 175 391
344 427 92
952 335 8
363 541 312
414 92 414
471 826 394
314 353 218
295 298 315
35 392 923
409 28 861
144 111 305
3 726 44
376 385 527
978 223 454
903 136 372
665 914 584
315 672 180
201 5 962
695 806 347
5 377 756
935 40 483
928 323 42
555 159 983
146 875 517
159 604 984
751 307 994
275 976 870
985 595 1000
536 264 114
536 500 829
884 839 730
927 147 472
142 644 133
282 31 21
732 927 753
790 709 829
140 807 962
704 178 165
432 878 437
953 546 809
438 480 796
609 231 73
832 167 211
562 44 971
336 772 450
360 620 674
128 626 965
838 982 391
383 652 362
403 434 677
407 858 666
262 169 898
701 878 667
638 185 139
233 788 939
246 830 984
424 962 600
703 872 217
711 69 814
759 889 647
602 109 809
586 335 327
283 74 413
351 330 180
712 864 491
564 983 387
927 111 918
653 453 771
596 543 5
802 230 213
806 643 618
632 433 529
45 900 251
2 246 18
7 673 832
95 650 36
60 475 453
822 220 68
695 702 841
256 65 903
807 206 367
742 44 54
317 79 76
428 760 521
888 137 465
165 234 354
238 875 818
631 913 292
756 205 63
809 360 989
849 379 937
427 182 657
399 119 384
869 301 359
74 831 867
843 873 904
877 840 24
368 682 894
154 866 365
610 372 395
104 613 143
422 796 90
67 778 211
868 183 114
142 902 66
996 311 121
917 835 953
521 591 750
882 728 784
286 896 682
406 291 809
792 107 568
313 221 900
243 472 596
276 830 650
488 935 153
373 185 887
453 670 246
475 610 868
598 499 874
356 366 709
788 155 782
387 682 295
628 547 691
679 583 885
554 270 189
49 189 548
237 710 726
877 678 260
950 528 943
531 589 288
452 874 539
711 928 705
539 550 541
543 706 943
685 589 620
579 373 312
888 700 749
211 135 261
113 539 936
12 211 521
439 511 702
396 730 820
276 652 267
447 26 464
449 552 23
409 470 114
744 589 362
310 111 893
919 782 95
350 115 882
666 716 937
894 971 603
824 42 868
612 394 369
370 990 886
778 20 202
639 474 927
374 676 288
141 531 718
568 321 224
244 321 812
884 274 263
532 327 869
969 192 970
601 420 877
714 499 358
828 849 936
444 993 205
676 484 789
944 900 708
846 302 469
561 498 114
530 241 687
825 969 386
6 725 663
672 675 699
696 523 767
613 791 886
582 570 588
954 906 585
465 520 38
297 437 347
603 132 465
692 814 104
333 308 280
773 116 533
845 137 219
977 334 895
46 242 759
667 820 424
569 512 974
279 913 58
796 806 239
516 616 408
976 924 752
495 717 818
960 988 122
21 150 488
104 21 173
303 827 450
794 912 644
684 362 334
640 832 666
746 231 850
605 502 318
781 642 219
373 5 204
844 546 957
24 553 237
665 146 5
706 486 272
737 642 797
909 703 273
412 344 783
873 244 170
861 470 668
948 417 49
604 591 365
533 539 921
571 197 66
943 181 580
887 557 675
395 363 232
288 110 52
205 61 191
332 519 661
650 920 557
743 16 17
65 872 148
735 418 86
393 929 339
718 457 654
106 430 711
463 385 292
479 178 249
381 145 337
522 207 425
17 452 272
794 188 714
420 422 247
122 779 471
836 918 136
874 865 813
75 111 976
202 648 210
0 2337 9797 8146 1178 1952
8856 0 4234 884 2693 6325
3898 7085 0 1089 2971 2771
7737 8408 8761 0 6291 7737
5647 1948 4685 1436 0 3790
8243 1778 2495 7522 7187 0
