9 879 254
29
51 218 131
711 232 659
367 100 856
423 791 639
515 138 488
101 809 58
968 928 321
906 28 91
435 257 468
32 343 96
666 698 100
640 951 827
482 618 310
567 696 460
7 295 607
987 333 440
100 939 969
449 538 761
429 545 438
538 409 302
353 129 753
622 650 285
748 674 425
168 327 38
37 993 33
411 399 371
101 86 677
924 50 502
528 159 86
249
598 666 839
407 17 713
481 198 677
401 859 173
718 30 617
865 440 437
699 402 173
722 325 567
67 740 925
62 435 788
369 917 979
546 942 668
637 712 497
776 422 172
730 962 120
538 540 590
392 512 319
685 624 393
990 475 62
371 330 617
604 929 652
228 190 897
343 972 751
718 380 478
236 47 747
499 751 879
889 959 245
523 196 42
633 799 881
82 495 65
919 848 273
948 570 222
158 535 232
199 102 724
567 679 599
793 405 151
11 426 975
27 80 557
731 307 878
364 837 989
653 559 14
937 276 847
400 100 427
460 475 214
866 128 316
932 679 618
673 438 237
405 774 586
959 134 946
439 25 289
571 371 440
644 302 662
940 306 360
741 861 73
768 928 211
157 962 603
341 723 949
897 779 814
134 764 932
558 971 63
777 740 465
364 264 376
631 750 394
683 184 769
981 245 181
717 802 848
761 390 24
531 171 455
271 720 623
890 822 494
957 249 999
943 217 289
789 507 809
866 308 620
51 512 657
464 604 173
318 570 81
732 88 121
498 912 57
536 346 27
678 708 97
807 81 9
898 361 408
366 5 880
332 212 550
371 260 738
788 40 271
20 379 62
589 920 58
852 63 176
918 287 435
946 717 392
185 955 284
596 456 623
978 10 97
187 963 760
323 132 293
279 870 565
478 594 520
453 52 283
923 486 107
839 781 848
723 749 102
603 328 634
693 425 616
839 708 610
136 210 351
589 80 841
402 254 578
354 392 786
375 638 484
317 594 569
820 100 11
316 120 939
725 915 592
481 840 336
92 983 160
654 881 205
308 670 923
469 168 573
997 550 275
492 370 714
882 399 48
648 131 951
120 195 563
40 104 16
465 355 505
164 760 389
512 965 817
423 433 548
398 452 7
841 608 158
846 678 707
848 650 531
717 797 461
985 250 520
621 327 466
98 403 73
922 56 661
203 31 970
44 618 334
493 543 523
247 570 71
482 293 981
873 261 184
630 551 871
883 683 143
341 606 605
746 516 84
390 166 401
486 913 333
831 911 690
204 581 23
170 229 149
760 101 61
575 524 187
190 612 44
130 990 315
642 642 919
279 65 232
821 318 543
124 931 68
818 802 270
518 96 613
672 368 349
495 542 568
545 275 651
704 119 444
915 591 56
747 521 769
870 12 49
331 969 1
278 736 69
414 110 422
946 171 377
801 331 710
357 616 344
646 421 379
228 681 453
435 303 527
496 178 669
844 266 102
685 362 239
163 162 836
202 998 590
749 670 138
162 399 801
111 552 132
204 238 801
217 268 990
215 350 204
562 124 591
385 881 409
750 524 125
257 526 508
437 803 473
105 490 667
956 322 813
193 678 216
496 672 396
609 129 217
304 982 274
974 925 581
331 431 397
735 879 792
147 163 770
681 818 178
354 421 60
609 387 179
883 842 913
1000 443 371
834 411 454
757 777 960
743 310 157
854 447 728
271 937 916
344 48 184
541 47 464
376 103 620
984 759 387
777 33 90
733 482 171
119 231 209
95 196 212
892 725 718
789 269 583
627 535 881
316 177 283
570 326 244
261 253 868
972 118 661
185 812 458
734 675 12
987 850 669
496 492 184
973 504 838
976 775 278
78 928 136
498 933 2
699 801 87
516 712 450
149 598 912
416 875 655
338 99 50
809 674 895
551 505 812
314 986 440
469 914 384
212 915 862
170
639 808 552
44 511 819
649 159 213
62 813 599
326 745 139
677 837 926
958 222 175
243 174 754
845 163 816
566 238 181
178 754 106
243 712 4
680 645 442
28 705 668
3 606 938
311 44 571
718 705 151
688 898 216
492 309 928
440 815 486
772 790 432
606 794 406
209 264 782
854 436 684
34 464 419
160 76 796
958 628 597
91 64 181
19 445 946
451 959 668
591 410 360
7 150 61
591 544 572
102 905 206
663 744 440
948 444 502
570 456 497
336 928 301
244 701 664
625 970 852
692 520 616
897 881 263
550 551 65
138 800 96
745 566 419
375 964 519
30 918 678
412 6 928
729 494 304
728 780 285
643 336 767
339 259 164
72 414 976
924 129 554
173 501 87
445 233 737
917 506 601
26 783 295
820 235 511
382 550 895
388 119 189
752 198 117
847 857 443
941 26 509
605 202 883
974 770 748
416 654 795
36 198 770
109 89 683
193 891 582
564 689 185
553 305 19
987 790 996
34 60 763
966 224 431
649 202 898
274 153 928
111 558 556
275 916 473
690 364 275
611 333 549
631 52 203
566 393 389
519 883 927
810 479 155
831 431 504
739 657 512
46 642 802
271 501 194
778 249 99
597 999 841
243 214 263
412 643 660
819 876 638
282 806 430
820 674 530
835 861 957
723 466 226
44 546 789
284 835 211
167 970 296
839 805 856
472 971 778
707 531 559
256 557 971
417 6 247
873 55 677
18 336 304
114 277 232
700 216 347
76 175 251
706 413 602
421 204 332
866 44 329
132 335 570
396 990 910
92 666 794
608 52 878
973 633 80
256 469 730
456 137 351
239 243 152
402 641 939
656 273 836
412 800 29
555 969 233
409 224 239
580 460 428
160 554 715
573 242 985
764 970 94
750 115 729
793 29 33
810 142 363
304 778 817
821 232 857
357 654 174
716 328 221
720 51 154
460 450 996
730 2 707
126 832 562
256 495 860
674 505 223
102 757 447
379 323 954
845 555 159
962 380 884
205 797 524
54 769 382
2 606 55
531 364 806
505 310 671
665 684 726
426 175 555
111 768 551
91 702 186
496 246 917
787 78 344
125 994 956
277 567 843
772 489 626
966 872 238
761 975 501
730 850 556
619 902 615
242 702 768
689 265 424
778 160 443
877 512 372
153
149 254 296
894 293 560
201 482 206
769 747 680
397 436 4
840 353 414
615 854 353
490 651 737
635 915 674
829 798 94
522 665 969
149 503 802
905 101 383
414 823 224
4 474 256
44 862 789
563 683 87
986 679 417
245 674 762
953 955 72
771 448 240
675 217 560
62 135 889
991 548 348
196 989 557
462 166 106
655 91 529
253 597 976
136 806 798
37 836 141
635 212 10
24 332 542
931 898 652
342 899 318
505 715 707
320 565 883
920 108 768
251 945 621
51 359 844
344 182 857
633 638 771
737 294 157
736 914 529
40 594 637
153 731 917
652 206 799
620 17 764
492 487 795
269 522 504
464 812 799
221 686 626
948 362 864
876 312 452
383 323 843
486 558 307
196 432 830
36 196 483
416 812 905
854 5 844
692 28 129
54 667 108
708 414 488
64 808 78
287 230 454
471 140 938
865 295 907
618 776 150
830 376 984
992 667 404
169 598 371
816 44 28
997 26 715
476 544 669
873 450 756
912 422 359
618 245 380
527 655 83
253 442 814
253 570 894
643 625 141
547 152 858
168 870 427
455 644 175
390 457 100
715 431 969
303 522 229
15 1 994
121 372 874
578 962 921
773 976 344
542 203 420
546 220 78
202 336 747
134 660 698
325 399 574
542 121 745
672 166 633
311 752 896
92 137 829
812 397 210
637 154 2
602 392 825
966 36 274
25 359 825
221 770 704
852 781 419
392 733 946
796 394 870
241 340 675
817 331 603
368 55 397
25 421 58
991 62 86
444 21 639
594 486 401
992 131 818
382 324 175
650 87 583
290 415 94
997 266 730
973 424 977
246 41 773
903 451 521
143 70 493
420 387 556
948 368 715
292 546 740
940 605 176
79 775 673
544 558 315
8 52 778
329 51 502
751 479 873
678 775 342
965 472 917
564 789 699
475 587 381
531 524 104
490 775 242
885 48 51
745 199 221
72 402 992
443 759 641
790 722 226
560 778 443
451 850 347
350 755 488
33 189 821
328 474 655
424 8 431
750 864 368
504 641 85
301 436 907
254
455 98 474
679 956 956
361 840 986
446 894 277
273 387 484
880 838 984
674 529 10
648 779 437
649 574 565
267 196 966
970 886 319
148 409 934
227 371 621
310 221 367
909 351 893
939 667 556
649 445 317
876 375 101
143 28 478
537 639 194
878 820 448
875 987 59
376 182 710
654 649 870
196 109 43
531 413 688
313 618 158
214 8 769
560 7 27
724 558 474
313 379 243
920 549 569
666 943 261
934 316 504
181 558 78
848 33 929
24 779 558
737 951 869
1 894 715
359 934 117
474 272 139
645 995 641
258 729 940
936 251 409
909 830 791
768 667 833
806 239 206
123 610 793
747 257 234
997 866 348
432 48 304
995 971 304
839 664 198
810 138 126
423 316 450
138 121 171
947 407 82
727 567 24
262 90 194
362 106 245
404 462 777
299 890 684
19 300 94
963 185 804
226 746 106
889 169 355
882 712 991
426 278 40
267 346 472
957 428 144
737 159 841
862 554 672
472 705 354
50 872 324
636 439 310
843 429 903
676 313 914
533 85 738
496 706 243
689 706 673
266 340 31
313 874 67
290 255 208
780 488 937
413 898 389
699 254 425
255 86 586
588 729 476
632 288 314
22 726 214
108 398 435
949 421 717
414 389 145
574 636 277
550 897 822
917 230 673
72 301 137
871 884 861
264 868 533
707 531 99
140 256 660
405 335 123
322 794 861
612 311 431
43 106 994
618 666 30
270 384 398
558 905 200
856 971 398
910 605 851
748 857 814
463 772 220
62 934 334
73 391 609
149 985 101
261 311 605
793 484 942
361 407 332
969 475 264
814 723 776
905 608 219
472 834 356
587 829 761
463 706 24
444 603 906
236 82 157
554 641 875
191 324 450
307 359 728
167 219 574
624 380 784
643 794 728
378 670 113
63 639 829
884 33 869
474 30 969
699 10 36
262 265 55
562 69 691
40 135 421
554 988 916
865 779 146
456 482 630
285 351 811
968 952 622
51 769 814
937 374 247
964 806 965
898 189 151
169 93 437
572 564 611
759 807 776
968 256 894
389 788 25
548 520 420
24 792 310
705 463 356
149 558 396
335 324 734
624 828 710
35 160 673
220 120 143
385 511 577
122 506 625
606 442 992
141 924 102
176 499 483
590 758 790
129 553 335
933 949 632
408 637 453
825 309 549
649 909 578
88 565 201
582 111 611
657 779 741
199 553 720
145 585 274
567 511 334
595 159 15
216 85 475
333 249 550
192 343 540
63 939 386
252 406 153
246 603 781
606 829 525
481 735 616
458 828 399
978 359 819
406 787 877
784 21 182
761 873 595
643 923 135
563 374 159
176 68 862
823 46 168
431 54 302
293 16 662
442 471 14
131 143 252
367 415 24
870 368 420
593 485 600
749 356 362
34 61 408
597 295 229
901 753 650
987 17 586
658 70 62
254 683 243
633 401 501
19 53 551
780 442 86
206 822 602
15 729 1000
662 300 238
378 151 1000
297 190 251
817 271 437
656 847 236
402 22 193
717 252 922
839 311 568
204 425 494
174 290 382
559 135 658
926 150 925
636 265 424
435 646 318
987 97 583
357 345 105
796 61 849
245 965 335
302 511 137
480 102 510
654 355 300
112 402 797
894 482 581
832 687 482
28 944 830
398 32 809
46 610 549
351 148 790
595 924 932
606 521 5
605 792 253
845 704 193
605 2 212
217 97 595
493 466 206
960 361 741
292 946 234
629 273 598
175
225 821 542
962 766 932
472 83 667
215 309 291
92 75 955
898 272 448
188 563 483
171 149 570
621 900 440
525 168 273
802 696 469
745 421 663
600 698 199
16 488 660
122 318 960
196 826 352
57 498 290
575 702 739
495 171 758
591 251 975
405 100 3
593 387 521
818 643 139
804 708 245
702 405 619
360 822 808
262 124 371
935 421 435
361 302 278
436 432 877
275 473 235
466 162 721
122 996 804
623 688 233
694 472 869
865 979 913
820 800 295
520 470 504
542 542 198
173 603 811
156 271 225
330 498 803
614 912 121
11 771 929
53 25 445
580 109 648
703 826 236
171 894 706
91 580 875
408 196 583
685 682 616
292 572 906
267 504 751
727 3 932
167 587 188
685 674 438
734 546 921
586 973 802
706 557 817
667 846 658
180 596 740
192 399 364
29 137 140
888 158 804
389 289 321
164 172 316
452 391 257
832 264 608
680 283 59
22 8 382
974 331 605
148 520 709
774 447 154
184 375 659
681 121 297
401 384 333
965 830 227
848 893 561
996 295 891
528 89 375
832 107 180
907 198 800
778 17 422
294 133 214
4 986 330
166 398 365
964 948 976
707 591 536
586 125 693
52 392 16
765 279 569
964 575 290
218 967 585
157 376 239
453 939 873
571 344 281
228 371 581
523 564 187
120 824 689
357 612 273
934 75 358
86 772 193
655 657 998
881 37 784
459 188 82
295 360 192
372 836 27
477 772 194
337 311 447
934 144 831
896 93 14
146 748 332
312 552 748
38 916 846
974 378 128
885 717 51
64 321 837
94 596 50
159 895 191
574 227 284
161 317 817
352 462 588
511 682 910
595 214 643
363 47 957
668 717 832
741 470 617
300 771 287
78 130 65
372 735 520
852 217 988
398 599 747
96 153 687
215 404 89
478 1000 627
75 345 572
644 583 674
592 884 947
782 656 953
326 903 352
79 126 155
542 703 139
851 612 499
905 133 851
60 946 499
747 164 466
26 660 716
65 916 841
719 445 694
768 693 805
995 707 457
183 527 185
572 274 932
885 856 629
320 934 981
287 413 822
543 668 680
492 574 126
539 298 444
194 628 639
723 727 571
333 317 811
208 60 130
669 810 830
509 388 33
441 239 30
637 528 883
970 76 818
560 191 528
201 51 498
87 221 778
844 658 255
873 98 286
214 889 19
486 645 692
26
430 531 715
825 826 337
512 91 669
392 100 19
714 929 322
526 447 938
714 5 245
928 839 116
561 559 953
941 214 684
260 691 689
740 71 559
788 618 687
847 923 917
105 130 738
351 859 261
500 63 979
545 181 520
414 90 306
776 667 361
572 378 302
948 945 620
502 841 59
122 790 998
487 689 159
268 262 381
101
895 151 563
142 800 211
199 263 923
600 96 702
937 127 87
136 447 343
564 581 878
647 513 727
401 415 724
303 282 64
425 176 44
543 854 850
906 718 862
336 799 91
927 666 125
368 444 788
246 417 115
189 606 617
735 385 871
581 631 320
762 207 390
245 341 628
105 791 584
543 956 979
679 284 333
696 283 589
575 577 849
433 569 895
505 48 261
309 664 16
705 570 286
379 865 562
73 967 395
797 577 620
281 479 562
114 283 182
853 512 122
368 518 726
958 458 599
492 945 129
836 497 626
69 942 733
324 417 728
598 236 797
877 295 742
972 824 733
56 542 722
601 653 751
503 264 787
590 593 838
510 543 164
174 211 42
248 644 5
98 699 739
620 830 852
479 9 115
289 909 100
224 74 614
574 688 627
704 159 948
734 948 257
239 919 145
474 112 990
304 407 819
912 582 612
392 775 13
820 499 205
835 327 34
365 17 423
74 603 365
154 371 510
776 859 599
493 329 817
727 407 361
415 646 393
725 250 556
45 247 182
252 685 613
170 110 572
153 727 518
589 735 740
955 866 34
269 281 774
383 576 591
723 847 566
146 654 858
208 48 622
623 336 758
560 557 83
755 790 102
838 858 203
654 158 276
536 448 70
460 835 337
693 297 99
59 877 87
37 44 918
590 218 188
824 90 982
499 373 689
603 912 453
92
260 155 631
375 778 420
783 192 603
337 634 996
590 308 731
246 528 3
962 461 498
495 552 430
696 565 301
321 371 216
994 343 784
573 663 514
440 101 702
589 614 462
382 808 644
627 561 589
158 871 414
574 892 182
40 636 45
205 444 953
775 981 871
856 384 988
286 655 72
3 253 916
4 9 513
957 317 822
805 310 919
993 209 999
875 339 374
644 349 618
19 827 894
911 427 497
891 80 853
550 156 247
683 604 302
816 371 572
314 503 825
161 395 120
691 866 308
325 308 188
768 996 841
942 288 334
127 68 321
921 11 861
499 767 16
757 315 765
717 387 729
437 188 156
187 916 189
166 760 597
761 38 534
804 599 355
733 947 682
824 554 296
840 14 493
181 573 199
267 223 742
509 772 808
175 425 774
158 749 292
128 633 141
769 160 232
515 657 582
781 372 318
719 564 589
152 850 752
137 659 142
191 326 767
195 721 1000
495 748 972
45 466 419
539 32 637
533 402 799
856 466 236
901 492 334
566 440 843
691 73 92
344 413 83
838 451 148
399 57 774
142 952 933
578 634 682
771 819 789
314 82 656
569 56 629
492 386 580
747 112 807
423 206 62
151 341 580
455 273 266
305 783 882
394 459 636
0 8823 6265 8960 4035 180 512 7271 6221
4968 0 2919 5857 6371 1368 3465 2028 5894
668 583 0 1787 661 7496 3585 3185 4494
5279 6668 6262 0 2920 5536 4012 7596 2433
2504 5517 9639 7019 0 9639 3151 6682 2527
1321 9956 8270 914 700 0 2693 2863 269
9396 2314 594 9302 9408 6494 0 6984 858
7405 4849 2393 5465 393 6587 2396 0 3447
4214 3077 9943 7239 3574 1274 5872 7475 0
