9 1947 597
19
955 496 289
138 422 228
191 112 902
166 545 997
132 254 263
118 587 682
282 784 653
997 266 161
950 186 912
224 815 93
837 544 836
962 97 577
215 580 901
711 139 608
705 897 425
959 903 3
46 640 246
508 995 891
272 857 956
219
844 840 554
780 645 198
265 770 568
818 906 441
722 495 626
423 88 310
490 277 750
298 677 338
609 626 492
910 620 658
485 800 343
138 568 313
955 693 265
783 839 348
177 43 102
593 805 699
239 204 805
977 668 530
638 786 467
104 993 919
160 140 82
463 785 661
465 379 345
750 252 905
781 207 107
427 778 900
283 477 301
452 292 57
465 867 771
102 997 520
657 973 307
304 801 907
419 393 390
211 374 360
75 921 539
268 889 767
565 288 949
828 258 445
742 903 902
749 915 265
310 257 964
273 142 293
204 341 203
407 606 79
458 755 173
878 319 929
554 33 135
741 841 224
823 911 796
987 138 929
303 776 254
756 426 465
127 763 587
892 635 173
865 833 157
871 498 608
251 648 389
872 216 716
697 145 434
658 93 651
997 422 829
733 926 47
556 151 352
578 4 856
115 213 351
280 608 701
490 295 270
888 485 629
640 908 300
864 285 14
537 657 239
796 343 142
564 268 872
250 640 178
313 753 305
942 673 205
346 500 477
971 729 610
175 566 688
813 866 355
215 876 288
580 392 107
380 654 146
194 680 842
16 644 697
703 591 457
246 126 195
716 580 173
18 157 93
805 127 999
52 516 401
995 978 260
433 596 461
114 64 129
372 792 318
863 324 755
348 540 294
797 35 493
262 140 499
81 398 249
357 419 945
595 761 132
432 34 209
886 88 484
20 106 786
235 388 147
314 436 152
593 417 9
763 176 435
704 811 798
250 635 787
80 81 302
233 205 841
404 825 377
743 11 832
476 572 555
441 33 188
458 356 919
248 147 378
779 644 418
50 396 137
138 288 542
468 711 936
456 69 468
887 14 465
239 91 679
177 616 118
455 233 766
471 647 442
689 400 8
440 17 241
860 372 117
172 773 27
293 839 364
725 506 437
363 703 280
381 651 649
994 465 295
841 430 217
111 775 749
934 519 15
821 919 309
370 527 727
382 900 497
308 305 359
172 786 994
239 751 246
249 493 482
652 585 557
452 98 833
855 726 906
270 561 590
60 319 19
429 121 152
18 473 665
16 61 516
326 586 371
907 815 448
852 503 566
555 547 167
458 196 291
685 582 215
958 900 80
235 183 569
803 819 162
87 925 383
311 265 986
740 890 988
543 432 238
954 776 567
493 928 18
249 674 40
769 737 31
992 636 231
23 498 444
591 589 978
921 185 643
235 533 471
661 850 54
873 227 601
216 764 234
374 369 759
148 241 484
852 139 105
807 693 666
824 92 757
540 162 603
403 403 602
927 731 298
390 469 476
252 486 464
498 435 512
783 917 569
255 389 625
986 360 441
909 680 891
588 732 718
232 797 238
926 687 568
392 179 295
786 464 759
328 391 162
79 185 445
830 434 986
406 23 197
43 290 605
337 484 611
308 844 163
878 659 620
305 161 174
231 549 919
901 630 183
686 914 661
294 818 839
573 795 215
662 851 932
131 383 414
602 624 725
76 83 79
153
534 264 640
310 183 216
740 619 97
764 235 148
696 385 310
346 628 705
342 726 780
450 98 610
598 509 14
16 440 712
959 656 682
845 383 647
257 113 935
11 222 374
256 536 93
881 409 94
519 116 765
656 816 941
858 926 745
389 362 324
255 675 725
457 26 839
190 377 783
135 946 684
575 885 868
380 334 742
476 555 332
900 571 11
519 430 264
539 968 803
238 161 65
291 244 331
509 782 523
172 80 938
900 894 43
73 480 930
722 280 357
529 165 874
600 935 706
811 909 946
49 958 313
583 391 936
369 518 652
834 984 937
813 802 605
185 410 186
842 921 161
224 126 217
993 509 372
644 712 430
162 706 190
446 531 255
488 402 534
730 222 819
364 183 684
872 397 638
613 961 972
593 323 613
919 274 985
669 192 234
90 407 646
963 238 804
29 520 508
290 753 968
819 586 839
30 343 11
685 899 747
965 253 67
25 719 726
580 851 186
771 858 694
988 946 230
522 294 605
178 435 206
621 542 979
6 466 671
565 339 868
34 980 471
894 757 842
231 621 95
81 53 725
243 142 215
844 897 424
190 485 717
246 952 783
582 870 103
956 56 23
120 618 715
936 285 5
17 78 587
171 580 474
269 558 726
49 423 342
886 506 67
461 778 300
816 481 896
725 222 221
835 43 571
680 484 599
169 188 823
382 21 104
226 775 298
383 737 751
756 487 813
759 278 483
784 709 964
858 738 351
1 229 967
475 243 356
103 306 306
594 5 992
861 805 329
70 516 447
694 273 327
120 996 752
213 97 343
313 526 410
382 140 26
85 477 431
56 160 811
80 880 519
733 630 713
97 353 705
76 22 484
485 294 167
133 452 130
870 7 688
773 881 179
853 417 931
516 541 570
180 449 122
412 220 534
135 187 92
339 951 777
589 267 965
27 310 999
930 357 202
89 371 874
776 561 816
548 378 931
455 962 998
799 718 653
704 120 644
178 446 862
449 811 362
780 681 46
956 770 517
804 606 396
9 283 518
553 527 317
487 557 659
367 560 23
974 667 131
16
372 918 463
954 549 554
519 958 503
405 353 46
154 753 928
80 451 930
643 546 770
859 883 511
780 249 625
928 457 46
309 192 943
679 984 407
621 503 771
177 929 210
990 964 907
83 162 269
235
910 239 396
15 878 647
139 159 104
569 355 895
462 143 150
21 126 792
502 672 449
271 149 854
628 594 131
575 386 444
620 143 727
307 543 296
71 194 16
334 861 232
478 177 44
696 838 662
522 439 278
894 752 241
731 558 539
357 275 438
694 908 292
234 854 518
987 412 228
829 126 831
743 551 83
390 943 200
614 651 699
566 55 496
348 547 761
922 944 287
5 824 936
116 885 224
202 840 753
179 431 342
933 805 238
381 265 870
376 215 864
771 426 172
402 381 942
781 554 728
674 593 960
726 975 579
655 506 35
385 176 174
856 223 294
925 650 498
488 481 853
862 747 574
285 281 829
349 661 733
283 770 361
162 764 375
475 153 803
447 625 194
184 859 949
263 360 977
780 575 369
743 496 428
271 524 582
733 202 216
769 101 61
1000 253 826
545 331 228
375 712 191
77 90 906
764 504 534
779 959 939
354 219 137
536 625 565
222 956 312
368 703 874
492 353 664
518 793 583
434 483 131
910 394 686
769 933 232
208 773 120
970 663 957
974 782 429
709 587 483
376 571 64
433 961 794
478 516 429
224 887 877
711 647 565
961 860 383
201 288 965
451 621 335
920 592 370
799 344 529
819 827 449
613 376 438
437 287 829
403 129 933
776 699 32
170 390 827
903 845 854
715 351 56
500 160 847
585 752 554
160 20 365
471 111 167
250 70 654
724 500 221
434 819 698
420 126 157
88 80 656
498 485 505
351 812 340
891 779 458
303 41 437
326 847 109
666 823 349
458 196 328
221 451 969
623 102 904
50 991 467
80 221 982
76 234 116
368 790 635
276 18 447
371 647 679
603 63 930
575 330 209
928 611 607
379 149 618
754 408 683
192 327 4
152 337 893
798 430 106
585 53 203
257 968 960
22 816 800
565 800 670
399 259 960
181 674 879
582 269 856
427 41 720
453 442 265
4 632 38
422 676 164
27 598 807
539 1 915
248 318 781
379 196 670
832 327 295
647 447 276
695 919 113
645 935 324
780 510 878
875 705 475
366 818 131
575 605 111
652 101 135
262 761 691
658 486 889
386 432 701
993 703 233
880 59 805
206 860 658
801 391 640
647 797 718
80 416 573
466 516 28
597 549 822
288 745 14
64 621 3
944 140 583
752 473 2
287 195 148
109 178 937
112 726 521
572 430 536
975 33 238
50 430 289
859 864 378
699 554 115
188 568 680
572 872 758
89 901 991
734 825 944
366 887 631
629 45 776
797 833 210
809 882 98
851 523 504
668 807 379
942 886 518
315 950 142
756 777 576
953 42 799
670 516 861
953 166 550
245 514 43
659 207 783
596 722 876
482 556 248
944 880 792
628 220 500
924 768 4
778 359 270
697 444 346
705 960 129
364 848 553
137 233 102
441 114 54
725 456 830
343 798 716
267 178 610
556 673 865
988 942 688
148 181 562
47 765 311
669 502 682
219 439 637
742 563 173
139 384 704
119 712 314
661 795 707
891 738 369
236 254 602
900 611 745
477 935 728
967 63 78
848 502 71
385 455 122
417 933 840
224 108 730
871 276 629
622 887 987
987 184 892
546 432 918
11 549 46
935 141 360
760 490 896
182
252 334 93
213 888 536
283 384 66
552 811 389
663 963 458
235 221 362
818 900 632
186 313 760
265 91 664
513 218 889
61 653 107
614 673 208
721 278 603
343 505 681
332 213 761
428 473 82
952 504 748
575 969 378
939 603 892
314 320 185
781 780 479
576 947 585
291 833 522
159 521 333
530 485 763
805 621 32
270 272 45
385 892 672
796 933 795
53 793 627
109 912 706
978 78 689
813 664 761
106 933 572
763 642 131
325 342 300
923 264 560
749 787 798
345 705 15
315 849 382
824 617 63
879 416 691
467 330 751
282 789 987
345 772 59
895 246 551
495 34 873
419 783 833
170 557 196
897 860 325
899 774 335
193 903 21
663 103 349
362 195 807
766 138 615
927 872 835
82 941 470
815 41 904
251 365 354
608 387 704
634 929 619
926 552 485
900 874 991
47 548 970
816 720 804
177 21 109
347 166 48
87 569 588
154 906 821
640 244 214
912 742 609
369 216 861
50 972 830
630 777 753
224 408 222
52 288 359
773 207 234
121 638 891
730 904 756
214 900 218
591 392 898
652 650 661
138 315 861
310 205 353
52 912 698
526 870 971
440 157 887
548 943 114
102 603 816
987 792 262
952 660 11
164 330 937
68 515 282
744 969 19
218 932 264
737 120 555
150 685 718
625 209 4
937 987 271
982 235 669
372 593 114
21 16 220
142 237 751
541 190 533
687 564 548
182 557 773
268 776 584
794 865 125
413 559 657
340 577 484
764 463 338
247 112 573
367 239 152
56 587 842
128 376 846
688 507 647
604 229 966
276 596 203
618 656 818
190 909 523
357 750 746
560 786 8
580 132 655
590 895 203
689 994 416
59 246 247
768 544 820
656 812 166
584 119 352
986 856 600
359 482 90
363 877 232
338 61 814
395 208 15
964 701 695
534 652 798
256 969 473
935 221 159
368 177 494
606 875 764
151 461 30
176 768 163
813 951 188
381 188 496
530 164 717
478 487 12
46 559 898
87 552 678
743 768 417
746 261 9
563 301 16
493 379 741
687 14 627
382 815 728
552 565 374
540 84 159
761 254 837
48 966 232
132 277 819
341 496 923
45 806 944
501 698 257
36 513 232
789 485 540
483 511 657
186 795 695
208 934 907
548 897 288
420 348 358
898 632 621
363 634 311
359 491 556
909 776 691
381 170 118
405 57 881
696 935 773
753 78 889
821 543 148
187 584 586
235 764 351
870 712 892
938 706 300
19
562 130 490
167 400 477
579 523 317
295 829 594
512 809 752
120 787 660
1000 314 254
362 870 184
139 213 87
458 976 494
467 624 888
407 935 889
866 505 292
781 937 319
741 867 722
97 845 44
57 650 15
166 260 27
388 169 726
158
713 165 998
907 206 515
61 582 912
295 740 79
551 477 339
393 265 41
11 971 101
917 654 698
793 295 465
797 469 968
409 128 310
862 91 602
660 299 146
14 748 827
388 334 518
962 334 675
192 356 452
390 233 571
609 923 415
997 429 544
562 76 522
539 510 548
311 153 949
384 13 656
811 549 708
262 904 644
783 359 594
509 596 747
480 815 253
581 144 241
401 413 49
84 259 727
434 687 898
290 609 674
960 618 805
155 28 455
453 668 664
356 983 554
739 840 842
416 15 176
828 810 468
931 660 251
364 293 193
647 573 245
865 393 330
750 659 303
114 330 742
145 887 626
655 597 1
527 575 958
913 397 587
704 630 2
26 926 11
404 579 981
727 184 780
270 75 348
252 863 424
973 522 267
527 642 379
941 398 783
144 497 714
43 413 476
751 139 588
271 154 700
928 680 528
765 74 200
508 170 760
806 189 115
945 226 333
186 754 395
91 793 420
762 202 386
939 29 192
309 8 421
304 717 624
72 288 187
380 551 180
530 423 417
713 385 299
167 227 204
812 22 655
99 275 552
481 162 468
611 360 584
872 472 61
184 548 109
840 922 241
108 395 123
466 250 452
568 457 8
519 8 585
278 410 855
77 379 976
516 760 990
847 508 171
176 610 60
987 560 791
691 849 661
801 373 72
943 359 201
857 927 403
4 722 987
829 636 3
331 670 918
64 470 293
561 122 270
845 985 374
407 493 837
420 892 471
832 313 235
545 691 837
556 735 618
166 549 631
851 732 673
803 722 355
228 971 328
828 449 984
303 627 428
874 80 650
713 339 485
117 979 162
935 125 477
65 705 861
661 720 867
240 524 432
208 929 295
568 8 704
721 458 815
44 599 879
748 484 794
655 459 69
641 67 507
815 220 587
433 744 394
848 787 439
148 387 222
306 719 420
673 833 454
372 872 392
750 827 953
545 697 203
578 264 116
634 145 477
416 828 995
293 356 391
878 394 657
166 302 326
885 71 316
148 761 741
402 151 235
774 440 321
285 981 178
574 956 49
536 510 801
413 773 694
868 158 481
351 348 144
575 134 384
154
887 979 201
997 909 450
605 888 16
205 614 871
884 927 417
696 897 914
440 836 89
347 752 548
502 497 188
58 1 785
224 275 12
325 326 980
882 872 253
914 449 123
981 672 327
228 172 109
818 650 516
763 751 658
730 266 644
893 369 986
261 655 149
268 834 954
697 122 512
25 105 83
388 157 760
352 651 308
476 546 445
373 117 641
621 205 625
238 475 925
947 666 106
25 887 301
690 626 728
632 607 709
339 907 936
107 49 848
313 879 177
974 497 515
67 263 685
691 94 626
27 311 67
489 832 86
607 236 627
438 533 149
615 229 946
346 461 771
655 919 271
989 987 761
542 852 839
963 62 36
968 29 341
453 632 136
551 590 148
419 717 757
999 841 73
312 358 681
155 615 355
277 159 231
131 459 893
304 255 343
840 1000 318
471 984 119
474 390 648
265 703 617
104 487 215
317 36 398
296 191 419
990 612 2
872 284 408
957 357 576
381 586 851
1000 851 977
340 899 993
571 594 191
102 415 908
308 475 512
928 151 79
588 219 992
610 175 123
292 202 630
422 915 121
957 80 731
140 865 945
419 582 199
197 257 43
171 906 101
773 562 741
532 923 689
349 973 509
555 759 751
113 206 96
402 465 382
382 593 475
225 832 918
791 698 441
230 645 679
729 41 29
419 436 483
540 220 441
94 325 710
188 686 206
78 980 219
503 943 949
579 671 625
944 733 903
621 470 294
708 162 281
56 857 803
292 718 379
967 565 82
59 984 154
376 256 988
569 160 242
919 326 519
584 311 513
550 867 471
653 834 313
12 571 202
235 427 349
661 799 97
203 521 614
257 977 805
127 186 415
984 394 831
496 255 390
349 307 571
125 1000 5
1 362 6
309 928 346
538 223 982
848 787 762
268 214 90
410 853 811
192 446 99
272 405 219
754 138 706
687 291 467
856 951 819
985 679 377
945 758 480
579 899 326
787 194 386
76 298 492
457 405 180
159 202 515
595 63 369
779 454 500
983 944 464
977 832 166
751 831 725
991 950 296
675 122 627
332 787 383
770 999 256
0 2553 4519 2166 5199 1933 8724 5086 1503
4770 0 9554 3386 9777 3251 8302 763 530
9225 218 0 3121 4820 5622 4615 4948 2982
8014 1634 1829 0 5920 5927 6584 8774 2045
3305 3073 537 7624 0 301 5185 909 3837
26 7183 5779 6233 8180 0 9201 9513 4666
978 974 1430 4924 3126 9202 0 2486 1097
7673 3543 3665 7692 3519 5112 9090 0 7749
5222 5613 4805 8135 555 8544 7762 8742 0
