9 4790 365
7
786 446 775
988 270 112
713 774 603
872 896 496
294 142 108
578 835 524
395 467 16
96
845 796 799
976 389 259
720 392 334
577 812 72
52 908 379
830 559 222
871 416 44
988 47 709
243 887 237
23 794 207
568 71 640
931 475 377
907 794 820
579 779 509
702 347 164
610 271 806
112 939 3
442 275 205
871 77 941
482 375 555
108 471 944
68 855 758
110 43 596
613 272 248
674 806 951
447 296 493
691 15 53
13 422 28
13 339 958
446 66 529
567 976 649
405 783 777
633 199 617
494 200 878
331 198 821
668 55 797
959 918 253
722 700 485
744 264 443
383 717 905
971 470 255
718 25 560
645 432 30
301 818 755
975 765 181
509 436 679
191 28 705
115 15 77
527 177 201
405 924 440
514 372 399
360 270 813
861 264 763
704 671 97
147 553 937
832 446 358
77 576 501
612 6 182
200 970 998
963 378 596
776 550 783
641 54 439
269 358 740
405 384 850
387 297 444
928 263 377
343 703 266
230 547 269
487 734 569
432 455 595
249 412 391
41 124 704
480 708 834
272 518 680
268 660 58
991 531 560
552 447 878
322 953 601
921 792 706
763 168 79
364 551 480
741 298 330
247 439 278
782 535 683
268 440 519
768 84 202
370 977 428
954 389 175
789 938 29
140 786 414
215 552 60
233 311 111
912 536 562
168 910 389
483 688 132
645 42 421
14
315 256 212
948 931 900
828 923 359
105 729 20
774 974 889
767 432 620
490 449 699
452 674 794
89 463 886
496 528 99
924 763 928
509 536 919
673 961 43
469 458 580
23
297 899 331
556 77 788
121 967 61
931 853 486
170 747 441
405 831 759
524 811 111
579 161 590
389 988 238
3 154 746
62 711 666
157 312 257
231 717 933
493 157 641
949 594 476
809 83 605
786 844 757
236 678 987
213 460 94
868 914 260
34 416 656
800 430 213
163 278 532
204
880 652 592
412 621 32
258 421 988
302 464 46
780 535 433
993 888 668
914 361 566
542 629 794
632 514 982
818 95 389
884 672 723
4 950 532
300 559 227
359 948 441
704 286 563
618 167 163
402 909 154
956 352 690
404 194 176
229 952 988
665 477 264
657 245 238
703 377 962
912 223 629
996 117 405
155 769 367
736 427 499
431 269 332
170 71 214
488 872 842
814 907 147
142 199 504
758 353 92
772 680 345
407 449 515
730 108 173
446 604 740
456 868 995
867 337 763
133 739 210
438 464 759
280 836 729
664 292 406
949 404 332
940 44 34
682 577 505
47 684 155
980 596 802
308 480 917
596 555 589
459 834 612
615 819 137
612 709 182
389 806 595
551 457 208
256 104 616
966 865 525
720 654 132
615 978 987
462 610 812
467 822 143
839 321 159
475 448 203
354 310 403
884 721 277
508 180 157
57 788 171
194 294 474
42 646 605
423 338 925
546 25 594
768 358 401
389 89 238
917 922 352
266 38 971
777 863 827
790 412 238
437 599 540
778 721 436
913 294 369
575 438 221
379 632 235
952 200 793
291 284 118
168 815 369
655 912 66
956 880 968
892 709 491
154 311 218
333 205 141
763 336 828
335 820 34
261 535 774
429 691 256
557 925 173
816 11 485
564 301 460
50 761 109
504 774 828
284 613 815
142 18 162
157 120 771
693 151 146
213 806 391
565 629 906
313 113 698
185 112 104
785 679 746
529 983 623
303 878 514
851 917 838
553 62 215
788 903 170
217 366 724
258 230 367
764 634 531
917 518 449
609 555 965
502 150 96
963 520 164
983 161 29
337 197 41
924 158 238
812 659 792
985 260 841
290 399 507
997 233 528
202 605 327
854 124 72
376 695 544
957 232 503
738 705 890
876 810 933
490 624 179
582 941 571
966 204 980
975 117 443
837 754 72
397 921 311
139 205 391
389 782 533
232 742 508
9 465 802
396 858 412
442 587 181
159 821 472
361 843 486
375 76 126
595 351 743
626 216 124
805 772 346
797 8 461
61 607 508
389 431 976
698 619 274
981 87 70
878 892 690
79 124 691
993 28 716
999 29 519
616 326 105
949 223 998
775 584 155
91 195 613
91 277 142
127 554 423
308 666 678
321 158 9
313 447 569
624 252 985
614 874 895
281 80 436
290 32 705
576 728 128
693 228 438
147 292 848
745 107 653
260 581 760
662 799 190
142 301 145
435 20 82
714 534 309
250 592 861
787 390 629
844 167 162
967 825 826
166 175 695
232 512 306
252 160 440
363 874 381
299 207 105
816 305 159
332 411 935
834 376 383
566 480 720
599 338 848
787 883 379
379 348 590
919 366 777
217 750 436
661 614 53
618 927 973
708 146 521
618 384 864
149
557 378 312
227 968 197
246 501 509
996 484 417
742 722 784
878 771 368
475 920 127
994 195 676
251 322 865
53 690 316
532 250 963
912 597 493
747 564 513
117 208 327
298 805 231
471 574 867
110 828 494
186 635 114
665 120 547
379 294 848
180 99 317
778 964 2
871 470 199
814 49 397
156 494 110
280 793 224
122 918 131
612 743 595
71 246 644
723 820 728
857 315 566
773 372 569
173 648 743
999 292 819
887 332 234
712 199 154
244 316 379
785 153 287
637 171 269
229 524 974
646 863 664
781 514 587
983 471 431
264 395 615
362 691 66
794 129 854
573 12 281
843 601 515
960 549 513
370 35 295
762 208 266
890 909 247
327 212 528
757 883 500
422 678 401
247 890 736
921 366 848
165 918 70
237 725 185
166 226 457
972 940 212
817 831 633
831 959 830
472 654 970
232 195 5
812 498 718
760 820 59
146 409 725
805 571 381
333 994 915
751 759 197
845 444 281
957 706 278
327 869 527
970 406 79
981 537 466
740 584 866
368 157 81
543 741 942
572 507 621
549 459 403
612 432 969
10 289 620
887 522 470
742 786 266
42 134 443
179 559 119
694 194 356
249 731 658
883 551 857
351 204 322
550 707 481
659 328 940
72 5 191
476 220 145
832 632 348
255 4 274
555 692 766
536 158 414
705 74 561
10 392 863
522 999 612
153 613 377
778 676 678
710 330 243
762 84 217
475 622 385
336 647 134
698 602 650
760 797 514
792 94 614
907 981 216
966 318 860
360 447 528
689 956 265
825 591 303
249 997 532
56 93 399
680 969 505
58 146 705
596 614 507
395 172 417
568 389 446
267 236 234
671 408 460
832 654 458
473 3 623
613 689 328
729 985 127
723 121 844
799 57 973
269 627 694
114 162 472
801 943 147
881 99 687
116 243 68
643 647 8
670 22 688
260 312 239
303 763 476
970 594 457
385 583 472
784 689 146
647 726 52
817 382 372
316 34 212
32 15 914
319 492 281
374 326 860
227
222 288 684
756 821 523
680 632 667
470 995 812
795 158 153
23 301 765
724 204 549
982 634 762
610 211 893
826 184 599
978 797 38
925 531 556
297 215 877
206 535 287
650 909 45
937 561 329
810 23 577
763 770 628
505 163 811
746 451 155
659 564 101
146 328 132
991 483 590
646 839 907
653 339 96
182 113 360
486 970 304
820 419 978
671 469 806
604 134 244
719 380 831
484 380 495
515 631 680
593 5 113
326 231 221
707 170 598
526 145 952
282 560 477
675 943 111
146 608 740
410 177 760
99 597 7
978 131 431
813 230 806
189 511 475
827 149 166
794 909 220
798 368 522
480 736 304
796 583 913
47 844 839
17 774 690
635 70 652
638 524 246
785 659 198
32 500 718
671 764 686
283 539 958
621 425 698
663 162 321
833 700 995
970 269 413
282 536 435
247 580 329
763 883 162
231 24 261
819 968 185
253 712 465
260 985 879
15 878 321
834 260 451
674 853 344
156 756 266
789 868 924
640 818 795
435 376 82
691 740 431
442 782 730
624 14 789
304 847 588
314 263 990
7 928 91
44 901 173
734 176 434
639 404 115
99 980 422
476 532 120
711 713 59
547 946 964
674 888 81
36 705 608
255 656 857
837 784 280
802 511 692
444 142 602
504 426 972
318 276 372
38 86 541
256 171 594
245 782 429
525 430 486
708 175 459
199 394 556
584 913 61
834 740 476
417 999 822
751 371 722
589 490 999
549 687 420
762 250 155
645 272 418
287 645 951
471 746 780
803 163 243
912 680 255
704 594 547
422 624 448
450 295 234
125 463 238
100 629 713
235 109 650
834 433 810
457 434 584
85 573 858
349 489 347
611 829 72
13 301 749
109 328 352
645 722 861
982 632 563
123 934 477
425 355 923
233 721 995
475 131 26
828 937 967
387 220 372
748 330 733
702 334 446
980 821 964
590 139 93
507 935 751
755 449 882
130 876 682
275 698 468
303 819 544
256 74 303
939 653 644
872 435 318
8 745 422
369 829 996
982 418 551
277 576 952
558 317 182
699 725 24
654 220 116
960 674 285
543 224 30
380 390 809
277 925 283
800 213 325
430 558 646
176 196 271
486 531 516
180 440 778
889 553 792
988 259 671
881 74 917
163 695 868
264 5 189
987 399 602
793 216 482
539 699 260
843 92 754
54 443 5
182 232 990
4 319 706
99 882 765
534 837 49
341 522 812
29 683 385
837 824 58
802 254 259
869 568 155
116 122 272
580 514 802
758 76 235
211 616 764
552 934 857
109 459 841
768 730 479
549 606 364
752 97 796
235 783 629
738 556 15
816 369 414
51 67 235
300 478 868
773 302 633
372 468 879
880 641 293
712 45 197
739 452 772
973 844 354
997 666 773
319 118 435
42 449 422
194 478 221
227 547 209
665 413 704
661 34 881
959 113 672
598 130 718
997 923 182
700 522 1000
349 854 275
336 756 841
493 685 541
370 511 492
726 117 614
13 889 902
767 20 130
572 625 723
740 161 688
582 460 364
452 341 492
63 744 141
66 680 907
15
926 940 362
96 103 744
796 832 183
743 524 363
970 63 179
499 899 403
596 851 880
706 166 813
617 542 942
966 204 791
450 197 28
558 319 951
526 802 899
62 962 950
379 53 288
177
71 166 952
204 841 988
89 336 530
457 579 62
597 745 749
412 930 301
632 95 156
994 649 571
596 895 339
453 675 890
179 378 876
268 138 789
448 152 639
789 719 960
402 604 150
240 410 113
539 817 216
799 163 288
362 28 589
556 345 987
909 907 347
682 530 45
673 397 15
864 986 929
294 410 455
609 224 426
693 613 654
528 542 678
876 297 448
364 392 212
260 232 663
247 232 402
473 394 646
76 760 138
571 244 53
208 369 22
739 304 293
240 978 827
345 237 437
861 251 419
532 319 492
85 531 166
931 673 705
170 856 186
754 256 857
431 534 313
456 962 464
601 26 619
159 800 641
363 360 940
180 825 178
61 322 136
456 576 275
943 107 581
135 1000 446
769 452 137
384 589 660
318 469 125
804 181 742
673 447 472
852 295 313
511 265 727
357 547 455
246 816 452
854 68 363
612 787 422
388 578 467
388 141 880
740 180 788
198 701 637
578 60 193
821 836 844
529 612 125
117 198 759
434 265 35
797 44 344
753 69 754
739 80 543
292 490 341
102 889 414
446 549 810
712 952 134
165 736 346
684 243 999
991 755 314
813 856 562
827 964 136
640 269 290
854 52 976
595 838 20
923 597 800
295 615 475
216 107 610
731 596 560
293 8 457
2 942 560
247 27 871
374 648 598
269 329 445
157 450 700
473 429 843
780 260 77
154 205 481
763 381 910
824 750 445
424 517 700
600 818 127
582 704 304
538 992 594
48 645 306
880 707 813
697 927 322
344 806 898
471 35 774
661 911 869
360 978 183
713 42 48
140 488 453
639 985 685
316 757 797
975 785 796
578 666 328
969 952 686
602 271 351
455 36 170
720 123 957
37 669 719
603 596 509
171 207 906
833 385 652
165 50 386
316 581 168
289 587 233
900 717 90
377 711 84
253 261 937
211 382 908
499 646 888
686 245 654
452 355 17
126 999 650
886 110 674
443 486 560
673 757 328
942 253 953
54 482 922
748 472 963
137 329 288
871 191 221
60 348 789
306 472 61
54 116 817
355 595 295
258 817 106
599 459 31
539 822 5
521 834 441
327 213 912
228 396 800
458 850 163
490 592 669
214 317 207
948 723 202
736 832 926
484 335 790
733 874 356
848 59 585
821 140 829
553 906 971
616 163 896
643 585 969
311 950 331
238 676 1
989 578 784
894 785 503
606 482 183
143 89 927
0 6337 5496 1275 2274 2836 809 2193 7033
9759 0 610 4209 2040 770 8766 9171 6766
1456 6275 0 1324 9398 8797 9900 3787 1670
128 6785 2150 0 2755 1211 1521 6387 78
9056 5085 8177 4681 0 9181 1211 8641 9954
5826 6359 2408 1296 2959 0 515 4669 6102
3230 4242 6769 3868 9460 6403 0 7975 1389
9372 7009 806 2204 3663 4540 6521 0 2292
242 2296 8727 7454 7941 7558 6848 7804 0
