1 4238 735
298
257 75 327
614 345 713
566 711 251
730 853 466
488 587 41
62 986 636
757 30 355
521 222 841
492 604 917
313 239 32
41 772 438
167 322 46
106 894 847
765 628 908
865 60 663
662 966 736
907 438 159
950 980 919
562 11 42
507 968 826
831 373 608
730 500 287
315 750 859
830 182 523
606 25 395
349 831 701
320 282 238
956 214 189
679 265 635
13 689 517
377 483 176
270 268 616
963 187 680
628 654 209
593 888 106
753 698 373
376 591 943
571 106 517
370 827 930
806 585 717
97 539 494
667 122 313
286 476 988
553 323 642
11 903 250
292 111 364
566 669 139
924 547 947
159 129 59
561 615 638
397 173 755
340 289 659
133 504 693
1000 725 435
563 127 112
505 560 376
853 155 799
412 671 989
956 330 846
168 18 38
229 217 462
468 101 944
785 913 281
802 297 131
600 832 752
884 7 182
124 435 60
765 830 986
212 617 419
545 13 235
422 586 437
944 852 75
225 656 126
471 615 168
578 533 549
176 691 599
151 62 621
925 341 50
642 968 458
528 143 567
342 313 287
277 413 929
735 672 607
794 400 380
150 208 225
630 490 780
483 98 8
994 419 214
911 218 123
268 786 474
480 804 81
890 997 799
127 782 648
269 485 64
552 968 958
244 85 943
225 59 904
828 595 816
862 286 418
166 753 944
18 231 247
1000 260 430
385 1 378
367 533 417
181 826 141
396 687 627
870 591 825
645 130 134
606 394 606
654 134 284
301 499 973
184 971 772
249 694 330
898 111 738
536 653 478
526 199 303
258 238 53
542 811 618
130 606 75
175 100 765
116 543 565
438 952 540
836 239 7
17 840 338
468 145 297
359 608 734
751 473 694
763 600 277
973 410 46
22 730 216
863 187 763
100 988 543
260 155 282
809 630 991
316 306 307
91 862 201
100 593 724
282 771 932
753 730 993
702 176 317
753 11 471
481 507 476
519 536 362
510 429 794
454 712 228
640 99 401
961 898 873
327 422 499
114 432 863
935 134 893
720 100 66
986 933 302
516 128 816
425 529 556
902 651 184
477 346 110
341 153 681
523 567 736
869 818 353
664 555 860
205 552 580
329 396 453
951 170 399
143 245 64
858 493 484
570 515 429
453 684 47
285 295 178
262 765 825
513 850 114
843 439 812
197 86 246
183 258 767
565 555 858
841 751 851
41 552 329
287 648 814
800 827 884
401 249 918
605 107 48
532 608 665
546 237 718
741 274 76
819 308 576
680 535 617
213 702 224
608 152 485
887 116 468
496 694 297
647 80 64
570 909 280
769 724 460
79 50 753
245 105 871
423 57 839
104 926 546
922 867 902
637 492 912
646 151 311
188 134 509
859 319 830
562 741 918
229 317 754
961 203 416
256 782 623
698 766 4
513 902 463
409 865 530
348 861 847
169 910 781
400 250 855
185 784 518
258 973 82
125 407 236
90 458 457
952 76 571
599 260 777
562 726 82
985 590 397
253 148 547
47 265 272
453 549 950
358 161 10
1000 525 341
173 426 206
467 610 678
670 322 465
486 855 885
694 375 511
90 71 97
63 51 265
1000 285 625
156 302 850
556 410 286
605 244 980
507 423 411
237 383 725
449 309 916
161 367 503
919 945 556
363 447 103
315 237 19
111 675 92
225 972 446
700 208 291
866 324 671
966 835 257
139 10 671
857 541 929
776 761 738
857 894 808
857 484 931
633 664 886
181 997 8
482 63 279
836 445 232
606 286 113
618 470 187
916 772 407
914 854 505
813 200 871
607 70 998
198 65 919
426 867 782
600 562 102
615 179 548
429 428 217
785 490 848
709 149 779
593 118 793
49 209 425
465 241 455
662 367 398
367 750 630
21 86 827
471 871 543
592 191 226
768 285 191
881 205 372
331 399 532
783 756 232
432 952 150
193 311 734
802 403 828
191 349 556
349 928 520
21 333 863
30 29 844
578 225 876
306 277 564
433 583 720
250 421 567
511 982 662
318 704 801
213 376 320
600 176 420
199 539 361
971 711 671
0
