11 4047 859
250
772 81 848
629 497 824
775 325 914
784 417 846
932 902 926
537 857 934
918 211 942
506 340 868
868 16 909
263 593 838
991 310 907
68 431 886
757 218 845
328 676 951
221 80 908
545 511 964
467 674 916
504 835 872
965 980 1000
895 501 805
325 731 981
153 896 818
489 399 830
466 432 825
968 333 844
792 84 983
694 328 932
712 409 889
643 121 975
492 420 813
607 925 917
717 438 850
986 104 961
620 806 939
858 559 865
502 554 834
325 435 881
464 327 841
832 595 919
720 658 987
992 130 902
989 958 951
600 466 832
929 775 893
770 455 943
628 807 856
898 552 886
811 569 978
384 954 972
114 315 886
334 382 980
326 8 962
962 957 825
231 61 992
588 305 912
564 890 938
747 943 878
593 469 977
516 443 861
525 299 954
163 699 979
976 455 955
590 343 945
220 342 948
239 496 820
601 258 897
377 40 986
238 455 801
653 433 823
957 307 855
878 977 848
999 882 939
826 764 924
401 98 971
763 515 888
495 523 977
206 357 816
310 410 946
611 484 991
559 262 821
949 107 981
737 987 844
306 685 971
542 542 804
94 751 847
898 729 813
964 297 957
720 297 932
917 338 820
183 965 828
541 555 982
316 256 938
611 974 835
24 609 831
304 151 826
876 825 884
939 737 950
323 846 838
154 157 935
343 886 939
100 856 817
879 479 807
14 123 883
400 94 918
20 152 806
674 829 926
930 322 885
646 385 943
353 605 980
453 356 896
694 854 895
75 831 830
720 837 878
845 154 900
306 865 856
952 231 842
353 331 979
27 413 809
438 63 984
358 266 940
95 374 805
51 868 915
809 304 929
308 992 935
650 706 955
822 698 959
381 267 938
237 119 907
926 444 856
826 944 958
888 944 954
521 489 950
131 616 907
654 434 827
850 683 915
226 741 992
101 661 914
961 568 802
276 758 813
766 259 867
836 741 833
18 325 975
949 925 831
850 378 815
83 184 838
559 945 910
268 322 991
555 772 805
675 312 803
321 920 946
516 857 900
948 807 864
591 284 870
268 898 829
841 939 927
717 3 898
768 471 891
121 83 903
366 149 812
776 488 867
64 736 915
70 122 873
632 560 983
748 880 958
889 954 925
34 733 884
90 640 831
717 135 952
37 483 924
668 778 987
345 127 907
808 328 957
566 591 855
76 805 882
279 370 979
441 329 968
429 661 1000
166 870 998
314 513 997
687 748 974
965 222 997
748 234 823
997 193 871
172 6 938
711 547 963
442 343 801
420 923 812
239 314 918
901 622 984
777 275 881
177 404 818
972 93 906
562 237 821
271 836 929
420 101 896
433 897 937
110 645 816
324 246 838
524 243 928
961 389 929
789 619 973
477 899 894
913 134 818
179 65 936
727 51 825
763 500 994
68 652 803
850 52 960
319 411 871
626 115 850
380 517 912
764 679 959
526 990 984
604 475 853
249 406 947
557 954 823
991 539 949
637 268 921
66 736 940
107 932 959
786 766 925
159 418 855
768 968 979
905 965 911
475 460 811
638 516 844
2 159 954
423 326 907
419 505 827
875 615 952
674 458 897
111 149 856
788 76 937
483 211 934
485 930 912
583 228 998
135 671 922
151 195 983
581 546 813
836 801 861
359 986 939
147 119 877
528 310 875
323 294 889
798 399 961
649 20 937
688 88 805
607 464 865
685 565 913
166 216 897
278
258 437 906
337 376 883
143 580 937
256 49 988
378 413 866
16 636 977
836 149 873
828 254 951
767 164 920
966 669 813
646 542 805
368 925 827
151 274 978
361 473 929
782 952 853
35 337 901
59 49 867
995 847 823
381 226 852
809 943 803
527 610 836
298 655 910
698 790 816
995 908 971
300 633 882
312 582 996
97 881 849
427 925 817
240 70 931
178 133 939
319 533 999
299 558 998
122 861 843
922 456 971
377 144 877
966 46 932
9 149 876
327 585 831
413 859 886
139 591 855
860 834 915
274 876 924
677 214 852
743 609 887
937 940 844
553 531 954
817 994 833
865 590 861
593 504 888
493 954 856
132 60 920
982 181 937
736 365 884
894 458 946
956 310 812
429 274 923
816 126 851
364 352 958
140 335 859
362 874 1000
612 45 894
654 221 887
211 807 929
613 552 949
351 291 941
774 542 831
181 342 871
130 629 927
157 803 974
40 643 851
671 773 881
889 778 861
678 919 916
656 49 832
261 434 931
318 430 836
993 823 948
963 346 876
406 854 844
31 989 812
228 263 840
499 178 963
436 672 891
795 549 998
967 215 902
925 19 991
583 969 844
15 281 896
200 835 938
781 616 928
920 504 875
881 783 815
214 82 943
943 307 959
976 933 928
95 812 942
593 714 834
797 536 982
466 936 943
359 181 947
182 144 922
589 994 916
794 322 976
719 246 847
62 19 822
770 291 997
862 617 816
611 925 878
973 64 827
873 407 991
908 302 862
789 581 846
717 388 930
531 544 856
325 952 896
550 590 941
235 56 878
352 520 890
19 112 917
448 793 854
878 822 915
960 700 888
54 884 999
614 830 918
349 447 964
834 766 830
111 743 885
856 377 963
713 343 853
967 537 946
264 862 914
18 774 881
293 557 907
645 334 885
375 210 893
923 635 908
762 430 833
423 179 899
721 387 821
673 356 837
727 569 969
386 472 806
179 649 910
841 670 941
699 457 874
751 723 838
408 138 861
65 31 876
124 360 850
694 915 994
840 545 977
121 419 947
154 377 964
599 863 972
717 348 942
707 39 983
706 396 889
600 614 817
239 755 952
736 894 869
749 228 930
149 70 831
959 822 876
677 905 830
152 785 843
577 263 974
261 286 839
680 737 890
4 656 854
247 344 811
972 728 975
589 885 972
286 104 981
998 935 840
699 535 893
725 305 853
526 686 841
151 35 901
548 600 883
548 651 847
410 224 829
351 787 820
535 166 802
376 861 914
82 235 987
281 110 876
126 95 839
623 104 870
772 655 867
986 331 852
344 731 965
496 54 840
895 224 950
757 376 943
312 250 951
998 445 894
449 461 987
144 798 946
532 436 906
179 528 877
236 138 963
259 505 848
897 136 807
161 663 877
627 800 889
438 867 929
404 664 959
224 37 892
647 89 936
921 864 877
905 666 830
645 887 804
702 647 806
747 449 943
23 759 869
271 306 952
888 301 874
126 498 937
911 277 845
2 971 873
811 218 808
599 214 908
58 902 862
158 334 981
38 659 802
873 24 882
337 681 949
623 730 902
104 359 850
978 194 858
573 614 820
613 961 974
112 371 952
882 289 989
31 612 923
364 91 989
396 582 828
200 284 911
439 357 969
995 850 986
805 732 930
151 826 977
576 174 954
46 157 948
223 693 888
83 99 931
968 778 976
141 319 972
651 661 871
78 652 852
930 294 957
117 751 997
791 36 948
464 558 916
533 477 841
460 864 905
323 293 938
889 517 953
956 523 890
544 80 868
907 97 820
231 548 993
423 587 932
519 507 869
794 147 875
796 405 872
487 571 940
246 591 996
51 500 878
790 523 878
339 885 948
748 152 952
664 526 888
15 594 951
264 70 825
174 364 909
653 155 823
629 331 821
298
761 484 950
581 363 839
69 638 969
995 164 802
251 783 817
988 829 884
61 547 929
499 630 964
734 520 914
427 689 913
143 172 998
64 31 999
984 128 852
536 473 817
402 947 927
154 700 872
436 138 875
654 442 882
491 863 868
431 494 832
462 81 986
117 734 879
656 435 991
735 63 802
1000 576 984
879 828 856
71 151 967
639 960 860
769 938 811
252 742 805
191 787 996
40 53 847
283 762 955
45 32 875
940 465 936
864 261 994
243 849 818
435 589 877
350 418 835
446 717 860
859 685 935
207 315 904
64 629 851
975 931 850
9 135 958
880 507 958
498 118 917
318 653 906
199 899 925
67 604 952
521 515 998
430 434 834
651 617 837
892 328 990
237 743 893
472 782 948
847 160 859
16 892 978
488 145 991
81 112 921
960 383 865
29 698 852
571 307 994
627 429 805
456 397 938
606 280 946
146 901 905
97 197 944
542 553 804
194 784 978
981 42 810
13 923 844
795 976 840
124 232 935
664 464 856
516 111 809
357 99 933
275 841 890
226 226 951
631 397 942
774 248 970
328 2 877
575 296 808
282 301 865
996 535 811
333 541 982
920 851 816
758 892 906
96 381 818
682 671 931
456 932 844
529 207 993
369 491 925
328 1 980
686 716 936
386 365 871
361 181 951
545 403 931
960 723 942
856 76 914
93 917 946
251 974 966
340 379 879
434 584 869
847 344 888
683 248 919
295 236 868
206 314 971
996 53 916
430 482 880
41 488 902
477 332 916
312 939 802
55 747 919
453 886 822
595 472 801
656 690 989
166 973 938
939 289 958
362 289 978
429 591 998
238 12 900
479 120 990
525 902 902
702 187 915
220 428 832
889 302 868
815 516 993
941 635 810
124 18 844
117 130 991
84 482 853
22 567 903
30 104 927
939 126 820
420 613 946
445 428 807
131 204 805
350 849 919
806 100 959
79 244 883
74 167 883
15 783 976
593 443 946
622 515 914
120 912 972
9 589 933
410 362 985
519 771 972
313 240 818
444 928 978
131 453 930
998 503 955
386 822 885
637 46 992
567 484 979
526 249 853
537 866 916
323 634 800
641 546 953
508 918 904
25 636 942
721 466 980
701 184 918
667 766 962
705 253 872
936 201 829
540 913 964
447 351 919
332 338 951
292 975 834
258 69 927
141 433 959
368 615 897
692 39 923
209 897 862
630 937 884
73 159 905
677 830 824
294 963 888
986 80 814
589 543 990
758 377 988
281 641 909
817 468 904
416 762 872
459 725 977
495 449 916
922 740 974
304 532 885
988 678 816
857 247 981
390 454 817
95 521 817
36 267 876
36 789 885
971 42 971
566 173 954
205 230 907
609 300 839
812 894 957
550 141 936
169 335 885
636 638 912
134 626 936
39 594 803
113 392 857
655 486 858
490 276 814
236 570 950
776 16 982
343 436 885
520 971 835
427 448 951
694 314 960
804 547 936
120 414 866
495 242 829
103 749 987
451 141 881
160 580 880
447 496 974
732 804 867
117 172 960
411 763 851
103 434 898
943 830 826
192 881 972
247 756 940
44 760 926
281 589 956
851 903 803
740 747 897
778 50 1000
949 88 919
27 38 967
930 657 950
744 648 987
29 659 939
563 354 979
321 780 907
176 1000 947
578 67 993
661 507 817
401 795 932
873 901 972
550 973 973
605 918 887
394 525 992
487 69 830
563 31 820
669 752 984
202 825 979
128 432 837
3 91 972
527 152 856
628 382 984
975 910 934
289 73 900
729 12 905
557 722 843
995 263 992
52 292 961
426 528 879
264 325 869
15 626 846
561 906 867
216 925 846
113 309 864
345 161 979
488 838 901
403 126 909
612 993 861
333 410 823
547 264 1000
321 858 994
525 449 962
561 254 808
61 473 957
970 159 904
543 826 868
169 411 811
807 266 930
108 475 875
903 140 923
634 155 900
170 92 896
270 755 815
920 461 975
577 933 977
386 326 917
71 831 851
255 30 927
628 113 856
167 637 897
494 385 887
183 284 803
5 870 869
267
557 964 881
723 952 967
702 546 914
158 927 865
91 533 971
640 693 871
531 591 984
166 108 963
117 764 968
337 894 935
659 26 990
641 56 929
551 293 821
24 425 957
659 811 927
908 623 906
734 579 959
317 985 810
556 564 906
674 339 837
509 884 815
22 535 927
267 679 853
207 224 992
221 898 987
696 963 968
552 479 805
462 808 810
639 130 843
58 413 936
56 932 940
773 829 951
850 159 872
833 345 962
373 826 928
310 421 920
946 926 874
619 332 967
899 617 977
654 647 923
980 529 844
926 667 818
275 764 910
880 321 929
933 127 967
375 363 982
378 564 988
713 563 847
891 440 847
87 775 994
929 372 889
691 963 997
64 275 947
743 495 953
61 460 845
732 418 888
220 954 855
9 645 910
662 65 924
175 915 844
970 722 889
913 640 806
354 481 845
384 457 907
80 357 864
358 19 838
929 586 809
809 447 945
729 34 800
964 541 928
224 426 927
761 8 944
453 874 838
563 833 890
496 781 831
858 375 884
389 188 910
991 310 856
455 852 885
369 5 886
49 272 806
495 54 940
100 723 965
904 793 962
404 957 815
384 16 808
573 105 870
869 513 913
917 740 909
666 768 907
434 146 930
490 660 926
294 196 914
872 652 967
849 845 967
85 817 884
927 319 858
354 622 868
90 72 815
904 399 826
378 258 958
124 647 1000
946 2 837
816 550 880
542 527 925
343 961 887
531 222 824
975 362 867
934 708 898
93 810 824
1000 428 813
204 93 855
289 139 987
495 534 823
691 409 896
296 883 991
122 482 893
608 315 817
689 932 887
393 910 879
879 154 856
105 612 955
187 194 952
225 625 838
660 922 962
438 545 901
397 577 923
734 151 981
615 796 989
813 891 838
416 326 806
921 444 898
948 316 928
76 842 943
562 177 874
313 153 810
201 646 823
258 266 881
50 421 816
48 18 939
136 607 814
226 823 866
655 699 974
459 169 966
314 9 953
462 887 813
680 119 971
523 923 938
768 458 993
424 623 816
532 527 879
272 967 936
762 355 928
960 794 950
257 993 870
947 908 801
771 571 951
739 887 893
566 164 842
434 434 892
913 324 822
472 217 827
900 251 846
878 470 806
695 258 850
499 199 849
127 511 939
758 889 873
989 273 836
20 4 949
839 52 979
916 944 881
828 446 890
495 54 882
347 18 979
116 531 972
108 267 919
772 841 807
995 515 840
562 472 990
752 46 930
502 444 838
643 249 812
923 303 979
279 528 862
830 880 835
677 703 850
585 213 839
915 808 952
487 326 892
285 462 949
513 107 1000
588 143 967
810 192 822
597 887 968
799 614 886
68 548 823
393 757 936
297 981 941
686 447 835
626 647 898
454 975 851
873 490 812
851 619 933
377 352 911
115 878 835
908 503 976
225 906 865
200 832 987
122 805 836
914 567 986
820 786 906
121 356 863
948 154 807
832 235 811
329 539 881
925 552 901
44 368 876
174 333 819
529 938 898
901 607 975
475 719 863
625 991 918
596 376 939
784 197 876
363 568 859
723 411 985
938 307 880
410 984 996
863 180 949
192 810 884
786 218 960
896 49 902
935 788 944
289 464 900
413 603 862
855 565 845
7 904 892
339 140 992
921 702 809
941 864 967
854 210 811
823 651 893
137 913 892
76 718 921
233 450 891
937 115 932
962 940 948
764 187 963
200 506 943
772 562 847
141 261 829
935 730 829
326 489 837
130 287 858
330 187 800
957 303 872
819 402 879
158 382 863
529 85 900
985 248 861
516 36 946
500 830 941
32 882 992
264 741 887
767 394 974
454 76 875
300
216 433 994
902 83 922
362 160 966
184 367 957
200 723 879
755 775 866
768 192 859
93 886 849
254 540 968
20 171 907
379 687 802
395 530 825
259 58 891
345 404 912
780 827 919
63 16 915
141 859 872
648 227 895
556 711 924
719 581 952
276 773 978
564 924 846
229 671 936
496 853 974
700 813 883
267 9 902
45 127 894
570 214 878
112 129 870
557 151 982
617 659 995
912 773 884
211 736 961
250 877 862
198 382 850
915 581 973
743 998 971
306 754 909
496 893 901
871 517 938
968 884 888
620 791 966
429 851 987
362 200 962
319 844 990
290 975 927
368 477 848
274 733 960
10 886 991
266 804 840
784 886 923
950 375 939
401 952 915
893 90 891
625 450 948
153 197 938
833 544 972
57 75 941
152 701 922
149 625 969
82 162 951
224 396 869
833 803 888
172 962 894
3 271 991
873 869 920
219 623 876
726 828 841
427 801 813
4 563 875
88 638 897
920 325 985
559 66 816
280 519 906
40 107 954
817 256 898
425 829 999
759 879 875
845 811 943
5 100 824
437 473 887
62 642 847
782 288 844
276 395 954
644 987 952
816 173 854
822 865 919
154 701 817
578 162 831
666 715 883
708 566 991
839 413 976
826 923 941
454 23 992
571 710 879
710 377 942
904 301 944
267 66 827
369 787 867
208 437 856
700 404 983
697 793 809
402 42 974
808 926 814
307 256 908
879 814 871
421 910 958
926 817 924
607 885 982
431 716 916
915 180 832
999 899 946
596 98 982
182 685 904
221 982 930
609 472 865
579 173 819
119 374 955
829 491 942
170 655 977
202 275 957
319 544 811
497 843 960
368 363 895
591 714 999
664 47 818
454 349 848
336 129 910
250 362 918
240 452 954
969 586 975
585 238 859
234 77 878
937 972 966
302 714 923
247 809 889
933 661 877
569 113 832
299 340 923
483 243 871
659 884 871
114 830 826
891 120 854
32 516 826
945 619 989
537 30 984
69 175 889
646 655 921
737 950 818
609 68 966
997 912 943
65 42 939
886 740 851
87 90 884
368 579 849
640 9 928
250 513 878
373 500 801
90 607 824
665 779 859
386 894 851
249 843 842
978 253 960
889 425 915
166 230 864
77 597 931
170 356 841
854 260 822
116 265 827
847 146 947
618 686 926
431 302 976
932 467 984
697 462 889
236 688 895
105 574 953
747 635 908
848 804 886
431 252 827
426 534 973
211 798 854
78 863 958
110 856 881
591 967 866
951 956 995
682 241 941
496 942 856
456 345 999
418 488 828
309 270 860
159 236 843
825 973 824
615 986 863
381 64 934
196 491 832
761 190 944
247 894 812
36 227 807
112 570 968
508 513 890
880 284 877
792 415 841
602 403 919
59 275 810
354 904 913
522 923 866
150 786 804
9 409 815
323 418 881
961 47 822
401 379 811
221 199 901
587 694 850
55 487 949
360 467 816
789 740 800
806 163 975
288 317 976
289 732 859
399 234 872
63 933 952
56 110 872
366 380 890
552 793 973
569 549 952
548 642 911
727 316 962
216 163 987
637 469 896
486 238 960
615 243 830
49 535 834
298 191 931
220 835 858
740 531 877
221 129 959
718 598 839
271 950 873
305 928 853
56 662 861
304 49 839
766 647 945
301 62 880
192 865 812
591 285 870
810 877 888
220 330 974
306 987 828
826 689 920
122 615 819
675 638 996
405 269 811
753 10 809
343 603 831
950 647 897
591 742 839
856 639 998
871 393 960
460 761 969
278 450 828
497 164 925
116 574 823
679 200 951
366 591 815
720 497 993
995 187 802
983 54 803
231 664 861
815 338 886
431 789 888
261 177 962
990 779 958
26 663 996
982 157 840
250 500 940
585 733 970
578 331 892
145 64 889
760 828 971
974 419 943
124 271 973
271 342 944
894 107 988
499 113 988
464 94 953
545 605 910
175 350 877
733 901 948
877 944 996
693 509 808
306 976 840
571 338 995
346 130 852
620 355 961
576 15 979
618 911 899
180 738 845
614 265 823
875 764 814
16 64 852
257
637 351 854
778 501 929
822 784 987
778 679 997
420 807 912
536 547 971
238 911 904
9 998 810
624 360 844
424 614 981
241 424 868
724 823 915
715 812 888
634 714 986
179 674 800
822 357 810
793 762 841
588 232 910
408 205 980
940 212 931
993 524 977
599 338 860
179 645 994
315 138 864
815 651 944
206 505 908
162 973 946
593 111 849
35 193 898
732 569 856
814 120 975
578 251 929
424 348 890
156 921 838
542 560 958
987 423 1000
944 424 950
680 981 958
18 714 989
407 648 980
965 651 889
805 454 921
258 93 911
431 665 863
327 920 891
124 943 974
78 712 885
460 224 925
155 783 928
801 760 962
862 115 850
205 870 992
593 698 916
645 324 978
266 355 828
774 577 856
755 583 939
46 237 848
112 33 824
301 123 922
378 74 889
308 525 965
363 209 821
660 827 943
618 442 882
435 276 989
608 933 862
340 689 831
923 290 839
830 951 839
762 442 939
775 461 956
233 143 825
640 693 846
613 720 947
147 55 980
179 702 802
195 283 876
853 4 894
603 333 862
917 838 947
283 383 855
334 943 836
399 994 984
824 48 805
601 102 936
611 942 829
826 107 800
494 100 987
27 824 871
298 962 887
753 467 928
33 45 898
801 480 951
603 279 973
320 926 938
220 369 912
152 439 958
423 903 884
943 360 862
366 877 957
232 577 883
285 31 878
439 997 984
764 717 881
112 956 840
972 71 972
48 64 805
261 94 985
919 934 980
807 476 984
476 646 842
742 158 840
594 565 920
370 488 800
339 402 907
310 855 816
275 151 946
232 86 842
951 49 933
697 722 837
974 10 804
942 248 906
751 309 923
743 641 955
252 763 982
239 643 977
166 605 896
108 554 968
42 313 810
520 23 977
627 609 866
320 857 963
656 809 904
211 898 882
121 440 818
798 860 881
133 514 845
807 708 841
886 676 872
799 622 992
864 728 990
532 634 937
86 306 890
78 207 936
527 851 904
633 822 843
15 165 809
332 672 808
873 127 1000
32 315 953
405 370 984
43 626 973
21 28 908
726 827 975
702 723 850
349 454 851
164 781 925
246 851 886
732 526 869
636 732 941
697 923 898
13 148 938
560 758 998
153 990 810
390 329 839
757 834 919
972 639 846
512 540 901
831 567 991
516 166 835
46 963 852
288 608 948
758 874 971
788 118 808
865 506 990
782 865 818
952 56 815
587 65 855
797 419 906
809 738 957
269 22 962
323 534 829
812 510 952
77 899 886
362 588 919
913 684 878
134 932 985
602 212 1000
185 334 995
704 929 885
532 371 933
963 623 950
821 651 982
765 854 946
367 246 934
754 877 931
904 840 977
90 559 994
960 176 891
217 309 915
823 644 970
365 573 838
158 926 891
729 315 917
98 178 951
632 134 967
38 164 919
173 829 945
311 52 982
225 418 993
876 581 872
541 630 912
574 349 828
129 653 925
837 430 825
453 957 976
285 564 936
264 34 939
551 449 816
485 820 991
827 702 962
141 116 822
805 100 805
962 923 999
111 731 852
440 845 918
190 345 994
850 565 921
720 350 848
954 313 968
757 534 972
417 832 966
228 927 968
65 786 890
632 44 850
872 711 896
499 394 992
175 516 927
939 666 834
699 706 956
155 888 945
354 56 993
5 601 856
168 370 956
253 515 834
35 442 934
63 224 923
661 80 865
108 796 872
225 645 970
682 392 852
153 797 989
747 478 991
774 693 948
992 671 878
367 449 868
275
538 774 988
338 949 842
879 792 859
230 866 874
299 297 837
97 215 858
286 153 925
644 755 819
138 596 907
124 193 890
573 99 853
341 62 894
650 62 824
895 835 839
475 64 921
840 820 922
226 370 830
227 528 864
954 962 897
792 586 834
720 670 885
173 905 968
94 717 909
164 668 879
674 14 807
278 521 983
811 580 944
471 767 953
821 576 849
466 977 978
694 128 860
720 900 909
760 991 932
19 27 801
761 982 990
817 122 927
1000 475 935
518 57 851
649 552 976
441 130 840
740 942 944
987 238 898
282 993 919
52 635 946
416 862 893
967 49 806
808 468 849
31 598 1000
644 919 897
531 183 813
453 315 900
111 521 972
420 720 887
196 807 980
175 906 877
490 429 884
808 828 856
883 958 822
57 196 907
155 10 917
883 617 941
597 610 862
192 578 806
496 136 921
790 810 926
162 890 880
174 642 992
956 966 963
492 558 921
440 299 974
616 516 876
335 629 942
582 536 867
23 25 916
401 436 911
532 860 974
278 767 810
892 566 983
231 717 813
560 635 890
502 774 822
113 284 930
123 242 895
856 82 912
240 820 935
977 236 808
356 477 917
593 386 909
981 619 826
326 369 811
442 682 842
391 456 912
537 451 852
981 995 868
805 762 886
729 607 902
915 973 852
351 231 830
206 419 819
529 813 961
663 282 857
31 19 992
10 765 804
455 331 864
294 956 983
289 325 834
908 581 897
69 184 892
275 938 962
591 931 955
706 923 815
218 468 857
182 599 947
692 1 946
69 501 893
665 143 810
587 753 967
123 440 851
35 12 887
905 249 812
409 291 975
22 356 995
991 637 953
989 186 904
989 798 871
98 860 870
62 679 836
668 882 826
703 258 837
272 459 854
617 865 981
215 167 994
234 192 828
132 3 869
480 259 981
16 845 819
342 497 860
928 767 970
491 546 912
639 47 960
575 814 873
15 590 879
544 183 983
797 680 807
6 576 946
268 605 942
314 758 963
476 735 927
525 351 836
930 836 886
590 617 864
555 372 945
525 749 828
260 86 910
615 133 803
516 55 959
681 650 926
549 843 863
985 570 998
159 408 811
234 320 949
111 551 839
944 925 982
303 525 819
228 470 984
734 298 869
984 951 910
90 489 865
549 264 878
580 968 896
612 101 920
819 657 996
435 819 995
284 921 914
489 200 934
666 464 950
349 251 911
49 377 896
314 156 1000
472 106 991
134 758 906
183 623 946
157 156 904
782 611 943
559 104 954
567 967 953
714 810 870
773 199 820
596 760 870
397 922 809
312 849 805
964 961 890
989 31 813
475 394 953
442 77 860
608 966 870
917 486 972
149 969 961
268 440 959
421 169 936
820 743 882
77 961 876
481 453 962
520 343 943
78 433 976
95 900 979
694 766 834
39 274 950
99 270 920
996 987 985
750 648 951
429 865 981
847 15 892
673 657 845
678 51 914
602 916 933
633 468 871
743 655 989
624 301 867
542 482 987
583 735 975
34 55 955
603 750 840
43 949 975
999 408 819
4 908 859
207 859 838
2 610 921
837 839 849
914 831 835
387 318 834
210 724 927
785 240 905
804 9 930
609 602 806
655 144 832
216 424 816
39 629 879
790 929 832
646 912 804
8 780 811
260 637 960
989 688 876
308 194 804
255 456 861
896 834 921
851 424 880
127 201 810
715 746 895
716 431 858
482 981 884
321 657 847
640 999 833
36 597 934
848 968 993
530 924 860
984 386 973
507 222 912
471 215 819
589 545 947
804 194 971
99 99 948
589 89 995
256 418 863
582 42 888
23 49 904
540 757 933
126 308 899
577 321 953
340 550 945
681 650 829
679 217 979
13 266 939
193 782 972
607 454 802
260
655 338 803
988 885 894
11 186 826
562 793 935
896 340 891
737 842 931
462 58 940
242 604 857
410 332 884
880 437 824
689 789 838
335 56 978
343 871 939
869 618 824
439 913 885
639 630 885
892 518 835
190 997 967
440 440 895
338 66 977
332 613 809
69 596 826
671 714 866
197 707 917
715 726 841
227 439 990
638 609 909
528 533 968
126 990 999
74 204 904
639 469 866
921 785 829
544 885 928
248 119 937
498 136 837
889 298 906
996 792 987
1 236 819
52 674 855
596 679 962
135 688 808
683 126 861
797 972 898
132 6 904
717 762 854
705 817 848
959 238 926
149 189 968
394 503 859
162 393 854
419 211 920
280 385 902
944 820 995
234 315 949
21 986 842
346 506 821
86 993 939
94 377 974
173 381 837
875 139 876
901 988 917
651 737 811
551 755 820
562 452 891
315 805 881
813 196 939
778 24 888
822 225 829
218 905 825
802 41 813
714 330 937
972 666 935
624 513 902
687 482 986
263 100 841
678 651 898
422 355 955
359 924 977
222 405 895
144 692 880
379 174 985
857 168 961
534 975 919
435 521 996
864 208 813
896 518 814
10 723 839
76 224 845
612 465 863
283 143 987
372 841 913
292 96 982
728 199 976
325 185 927
349 531 902
39 6 821
842 954 949
540 45 910
112 625 989
631 136 809
420 199 934
820 802 807
383 164 828
513 876 856
947 720 897
772 137 853
754 325 990
741 360 974
211 592 921
741 945 935
581 309 972
80 386 993
847 730 844
608 851 932
184 629 821
915 839 947
12 857 872
239 797 873
143 933 855
699 78 911
821 62 1000
969 112 921
993 279 957
945 492 801
838 167 867
120 252 999
60 139 951
650 608 808
60 421 956
492 753 920
637 651 855
974 78 855
809 275 851
992 702 832
107 967 962
899 350 914
514 980 927
594 764 898
147 848 858
753 852 930
754 339 926
701 778 975
18 846 957
934 943 974
567 483 901
833 856 854
257 372 959
561 237 802
666 759 846
559 534 944
850 393 873
168 779 996
282 921 996
40 613 855
870 687 890
940 767 988
503 173 881
141 874 811
729 13 960
826 753 928
673 364 842
230 664 894
138 607 995
283 563 939
633 380 912
869 381 805
678 395 841
779 183 985
924 597 870
122 690 976
308 428 839
27 319 977
421 348 981
967 86 825
175 489 973
352 732 945
122 81 979
227 185 963
617 396 806
916 530 819
180 163 945
465 939 882
221 597 871
970 96 866
633 56 816
688 492 907
923 839 895
349 162 884
916 464 856
267 692 929
558 400 952
640 105 927
962 122 822
296 635 893
326 940 931
660 600 994
884 618 963
307 535 833
760 944 839
679 143 839
369 163 826
683 883 1000
955 393 964
898 873 929
867 441 977
961 621 873
764 492 876
272 496 823
720 205 834
910 13 893
209 798 975
452 526 936
225 195 990
116 435 832
759 779 816
178 91 953
132 942 825
577 463 924
702 441 890
154 964 1000
876 536 905
298 417 851
194 29 884
794 272 851
629 596 815
180 473 911
410 898 876
651 908 986
787 222 858
67 893 995
234 287 992
465 926 830
2 759 997
157 920 897
563 239 963
278 491 935
941 332 939
853 695 956
543 857 920
214 75 908
713 150 844
826 613 978
112 528 881
129 169 857
545 762 819
928 214 982
641 355 877
238 878 913
466 752 822
84 349 932
369 932 832
149 541 828
287 861 929
882 593 975
333 546 836
450 567 990
68 299 902
121 769 999
828 25 894
143 407 837
264
783 652 915
62 151 977
279 410 812
292 932 899
352 134 938
392 694 959
543 796 954
564 783 961
340 664 919
789 170 1000
664 397 849
261 698 996
52 502 943
143 455 910
28 28 822
692 989 884
925 616 816
701 990 965
315 907 879
720 58 831
55 131 898
191 565 821
920 583 955
902 128 926
368 93 919
444 147 825
465 323 880
933 835 865
712 660 925
542 559 922
194 116 857
169 720 948
581 558 992
986 73 998
112 388 823
506 691 943
486 440 994
715 397 952
136 546 813
860 43 887
889 105 945
486 293 819
207 838 937
526 218 859
952 510 957
13 941 889
585 87 886
878 919 833
902 966 805
454 446 809
261 391 968
225 654 879
812 213 810
691 382 998
294 531 866
606 637 862
736 107 870
922 677 885
569 118 859
282 943 904
474 467 945
653 720 982
771 381 899
770 811 926
264 823 937
329 688 864
507 666 918
519 540 803
297 713 995
449 593 807
706 499 888
523 368 898
436 202 979
970 989 961
288 258 915
143 835 846
904 125 993
702 848 908
184 877 881
855 747 864
219 938 971
251 284 996
992 574 886
866 315 814
558 822 943
971 381 809
396 378 982
453 819 820
29 7 904
132 812 942
75 779 889
78 877 954
658 330 859
896 934 875
894 600 893
179 231 836
744 879 941
940 596 853
638 266 876
67 638 903
914 386 920
179 722 865
141 656 893
522 142 989
932 642 958
177 658 986
738 882 980
895 413 814
262 851 898
458 465 811
471 990 934
751 952 815
367 374 866
76 175 889
197 24 965
506 834 1000
13 982 862
423 417 805
364 796 842
83 858 979
296 947 800
369 864 838
917 460 976
650 588 973
942 664 929
398 489 867
899 247 825
75 261 973
182 823 967
250 157 912
195 214 932
662 433 921
728 410 838
991 609 861
834 775 932
632 214 959
953 777 833
916 773 853
413 228 936
206 768 904
617 921 1000
394 239 843
56 459 960
607 654 944
295 953 973
31 535 975
634 237 817
337 618 814
130 806 814
197 162 938
61 121 811
64 859 953
439 494 1000
962 361 888
217 153 887
485 68 941
648 478 969
391 442 963
872 873 859
691 571 890
873 678 813
259 668 895
617 549 884
377 989 880
603 33 861
407 661 925
888 202 879
565 399 943
427 984 965
42 141 837
866 754 913
789 813 959
290 246 933
637 890 825
442 915 869
70 541 973
708 116 822
398 388 884
625 774 969
815 91 853
852 444 950
671 369 820
416 626 819
869 780 859
604 40 930
693 448 827
750 680 939
727 501 875
639 18 930
475 832 845
359 127 831
337 283 808
897 108 952
151 40 837
649 656 843
99 563 828
267 295 870
507 78 889
423 768 801
889 82 810
955 430 864
771 730 808
783 459 858
715 227 981
384 882 979
875 426 870
766 694 978
676 806 909
263 437 997
584 551 928
433 594 922
301 293 862
675 218 872
403 644 812
340 454 950
209 119 826
990 89 938
636 540 831
605 291 836
24 760 862
891 894 853
83 707 999
423 720 841
943 957 845
479 169 808
279 729 865
985 509 950
516 938 964
681 877 865
777 660 944
759 898 977
661 637 966
807 907 831
896 205 812
678 216 869
304 338 893
907 230 809
252 496 970
482 300 950
817 456 907
103 70 943
197 895 959
546 801 800
874 753 949
919 96 859
652 605 806
905 469 936
372 643 980
158 794 983
38 933 950
892 249 925
433 795 901
77 113 822
766 667 832
896 315 806
124 959 957
673 765 915
850 879 896
491 382 876
357 74 999
788 170 901
35 320 997
489 663 985
344 82 979
253
959 183 858
285 917 974
103 409 849
691 936 912
305 611 817
299 605 938
614 54 819
667 278 820
86 213 805
972 115 866
316 435 804
701 940 863
452 181 874
68 256 951
559 561 974
497 61 971
570 630 963
756 1000 984
354 869 824
385 877 876
268 799 955
584 538 910
771 727 962
291 184 879
425 114 938
907 922 903
642 237 846
859 90 993
886 543 841
369 489 820
327 391 999
24 46 921
211 935 959
530 193 845
434 499 823
701 418 872
987 147 823
67 60 861
738 432 969
95 895 824
174 629 889
982 317 808
873 124 868
107 75 977
80 132 946
279 867 988
69 185 896
816 224 986
49 971 984
351 603 853
479 785 994
871 301 965
853 184 926
907 229 873
429 880 931
392 986 827
172 255 919
444 203 878
337 497 921
390 647 971
282 582 834
943 432 996
906 381 982
183 435 962
925 617 993
412 277 981
480 578 987
439 431 942
636 438 993
817 443 817
771 615 910
997 819 894
780 575 999
6 950 965
338 315 962
947 701 912
499 109 976
400 694 851
966 445 994
512 591 964
424 521 891
184 102 932
687 59 946
646 872 965
214 947 830
267 23 936
507 358 847
590 216 958
190 310 964
250 836 801
556 610 856
738 966 995
108 712 872
66 910 822
568 616 812
680 756 978
704 180 910
243 855 872
754 198 923
580 295 948
580 681 880
755 649 836
926 916 866
588 538 894
650 98 879
90 38 910
831 886 939
171 114 811
157 871 890
622 295 894
306 519 968
585 113 960
693 817 913
22 536 932
346 794 967
791 30 882
838 375 974
161 753 937
20 929 814
486 801 873
728 557 856
558 780 964
2 392 910
823 969 917
550 762 841
539 187 816
82 73 953
282 208 987
833 568 997
648 857 965
438 959 938
313 747 976
68 942 914
163 70 820
860 677 851
116 445 841
143 127 969
4 750 909
230 615 871
757 835 942
263 858 928
425 136 833
513 470 902
83 999 902
146 577 864
874 378 980
848 198 946
641 735 940
998 757 830
563 329 864
808 641 892
342 45 935
905 622 932
214 659 845
971 435 891
229 615 849
615 630 982
521 808 825
519 398 991
893 711 966
449 957 922
90 930 853
390 646 942
936 810 978
467 684 921
568 410 803
174 172 948
77 274 876
44 444 979
68 661 866
657 349 898
808 574 975
576 974 899
689 689 937
692 442 905
879 503 834
974 107 974
658 426 917
449 983 925
909 595 930
340 155 979
867 745 842
663 582 852
304 708 824
81 817 942
140 922 828
239 84 960
501 208 891
232 514 856
172 652 939
687 673 995
145 569 956
201 740 990
817 906 896
81 642 934
944 620 898
905 747 813
691 326 962
787 232 885
520 875 883
335 955 845
760 571 980
879 816 991
332 973 950
120 923 975
783 64 812
634 227 904
332 691 999
250 518 819
16 66 981
374 910 931
921 107 995
402 403 977
16 105 983
170 985 1000
980 607 994
736 540 813
880 928 852
871 266 889
398 917 916
319 937 847
124 367 976
803 73 864
263 830 1000
488 859 990
854 538 933
984 587 968
825 497 874
935 755 811
370 809 937
836 602 978
644 968 875
266 139 924
810 832 976
776 777 828
522 335 950
231 682 905
538 623 937
123 330 850
346 546 918
533 891 876
955 241 973
558 602 963
751 830 863
879 852 960
754 207 988
752 921 935
80 829 961
214 393 901
1000 61 863
746 213 810
8 789 989
774 688 948
251
457 578 965
62 67 872
479 583 918
420 938 861
105 526 821
530 947 821
378 809 977
541 587 886
483 757 983
720 280 938
103 869 854
21 854 893
701 886 899
255 547 889
221 154 923
818 791 967
461 206 857
662 583 996
189 765 961
8 307 940
312 177 940
787 157 870
132 767 918
334 259 826
925 836 819
999 439 943
198 774 805
447 6 934
297 973 895
230 831 955
208 722 979
601 549 827
155 815 800
105 751 895
347 1000 800
567 567 927
599 449 900
293 617 811
726 657 937
248 580 801
597 678 992
4 710 810
362 545 807
543 412 915
345 12 981
74 105 879
229 746 934
35 272 912
810 663 878
55 443 820
186 545 844
231 277 898
389 725 907
665 310 835
478 958 902
226 622 890
570 578 995
305 101 919
635 942 911
582 49 961
548 252 834
715 696 951
406 658 900
586 367 848
300 941 928
705 867 829
714 919 800
962 199 979
612 702 839
686 765 884
277 366 914
164 153 801
909 280 1000
397 676 815
848 187 949
555 101 946
292 507 972
794 157 979
817 296 819
118 740 862
999 306 973
22 646 938
75 378 824
751 59 927
498 147 826
413 374 847
211 489 921
599 725 833
999 593 829
281 738 934
74 794 934
678 680 942
871 115 900
430 400 810
152 510 868
614 77 863
876 949 943
510 269 886
877 818 933
23 378 988
321 428 871
877 297 875
647 280 812
682 690 870
245 780 977
300 352 800
337 490 833
752 489 800
334 44 871
352 697 800
665 340 800
778 203 886
787 550 897
521 832 911
87 408 806
273 292 865
7 625 986
118 966 942
971 841 878
901 847 993
498 417 826
478 750 831
661 452 968
568 642 928
73 868 921
462 320 948
700 728 837
698 638 940
227 429 973
112 567 972
850 980 869
421 801 978
572 507 824
96 5 862
501 799 915
40 749 825
181 137 945
775 356 964
454 519 983
167 497 959
400 821 991
298 988 891
939 60 818
247 301 939
214 299 817
34 578 918
494 268 953
180 632 822
626 841 940
572 917 874
222 567 907
556 468 921
741 459 922
336 57 964
467 459 924
171 343 929
266 534 849
700 998 886
828 79 889
376 346 816
474 783 826
768 232 830
203 922 859
476 795 866
903 916 983
729 519 907
630 411 904
752 428 889
675 607 964
912 966 831
926 920 930
686 884 908
625 976 842
386 382 883
785 370 810
917 139 816
792 545 873
616 899 857
273 749 990
551 968 968
861 610 843
423 139 907
516 482 962
333 261 973
727 469 920
848 276 861
685 767 982
7 943 859
835 682 888
998 140 817
240 28 981
486 833 870
728 930 837
485 513 893
455 221 994
733 688 857
418 61 912
311 729 856
330 981 916
977 878 958
617 126 901
198 465 929
337 15 896
727 498 998
673 796 903
624 96 896
346 861 846
660 228 825
561 513 872
708 227 902
831 251 854
469 595 971
815 853 869
584 392 865
38 771 921
462 249 976
360 737 906
580 205 904
969 536 1000
893 323 832
890 766 803
702 1 866
286 397 802
615 819 840
909 310 830
583 16 800
815 782 860
671 256 962
155 688 985
914 274 997
977 508 931
36 540 860
606 591 981
18 666 992
327 171 818
593 483 937
32 585 933
746 177 874
446 885 812
101 72 896
754 890 872
957 754 837
888 511 815
963 785 950
216 376 888
942 197 903
651 592 866
546 48 852
1 391 893
822 134 947
377 839 928
0 96 249 92 82 156 294 1 239 252 127
17 0 65 276 94 290 198 130 92 122 263
73 270 0 110 196 293 101 282 75 217 39
130 189 109 0 54 135 59 247 72 286 79
241 158 146 267 0 96 274 26 122 53 261
117 261 225 258 133 0 204 34 4 66 129
221 173 89 130 228 123 0 104 167 107 214
202 163 98 123 65 116 96 0 270 188 159
177 4 236 212 185 189 187 17 0 225 3
170 279 299 191 126 93 192 120 101 0 214
38 279 214 123 274 165 81 100 277 162 0
