12 9069 901
267
259 96 981
834 346 965
476 76 848
896 941 844
457 464 882
215 653 957
742 761 890
357 732 968
231 967 883
78 288 957
79 346 839
625 137 990
897 54 974
829 948 829
350 156 996
299 680 823
777 41 945
326 535 926
841 395 939
738 880 820
414 266 913
314 219 880
526 397 861
29 509 831
449 982 810
674 621 916
874 478 945
186 976 968
8 700 996
886 385 886
557 251 885
242 835 842
653 507 958
801 387 853
593 179 875
785 864 960
853 427 845
505 269 912
968 71 879
193 242 917
340 825 840
273 598 959
814 887 926
901 312 957
350 318 831
617 367 1000
865 822 940
656 559 860
653 103 985
610 406 904
286 410 860
750 558 924
400 724 819
620 756 932
972 791 951
880 306 863
479 979 930
306 425 822
601 428 892
26 2 910
378 315 870
795 965 941
243 170 993
510 570 824
474 764 951
329 903 810
950 834 805
456 754 983
597 972 948
748 464 807
914 398 833
706 838 991
836 777 967
798 351 875
228 709 831
215 454 941
262 876 829
878 117 838
554 513 976
818 829 871
860 346 912
663 840 893
402 714 950
167 412 940
85 867 982
536 49 973
450 75 913
167 6 878
345 581 806
491 384 978
199 594 907
462 459 986
376 408 971
833 93 999
160 810 949
774 32 920
835 953 905
571 863 883
66 547 972
644 563 854
887 273 862
192 231 919
843 742 929
56 513 885
359 686 845
995 403 876
689 620 955
751 659 911
721 735 841
396 878 932
107 182 892
850 370 886
622 466 844
277 189 967
213 484 960
774 288 841
645 615 946
404 153 952
807 480 837
76 361 926
294 228 961
886 338 825
388 818 818
48 324 923
841 249 910
984 128 842
701 36 900
540 621 830
599 468 948
349 34 809
981 893 981
125 956 935
901 156 987
317 377 907
20 56 897
395 876 836
814 712 926
619 195 894
958 844 985
547 423 923
952 471 947
572 691 803
892 980 822
390 775 827
620 359 827
996 717 811
424 990 897
746 885 951
536 673 885
138 645 999
987 462 885
654 627 835
807 489 841
665 783 919
128 610 883
927 140 863
69 176 929
736 278 980
464 342 858
912 801 895
406 652 868
721 392 940
559 560 891
52 899 900
454 148 858
276 350 957
203 435 850
564 350 806
40 431 848
331 358 871
394 965 815
557 474 949
338 685 837
525 786 1000
563 67 936
896 179 817
757 226 969
901 25 889
618 266 935
883 848 971
279 743 865
610 123 874
990 630 977
221 581 824
226 123 934
6 160 985
940 341 940
748 251 915
53 348 933
490 280 853
483 858 933
16 237 942
496 873 813
719 161 817
896 884 888
655 458 874
458 490 983
740 598 818
306 639 851
177 184 910
733 84 802
300 36 991
110 296 966
836 565 835
111 951 942
807 870 864
10 555 822
327 710 870
313 946 818
319 952 918
123 375 974
385 242 934
913 356 813
194 525 864
609 366 839
241 510 817
937 434 961
909 932 862
711 904 956
109 801 986
240 790 949
661 436 991
134 783 973
710 223 906
630 611 977
157 638 911
721 234 875
104 224 994
586 572 936
701 986 888
480 988 902
165 240 881
454 989 962
599 718 972
912 988 962
640 895 876
151 543 908
266 796 997
552 805 877
28 176 988
800 231 899
842 514 820
83 853 864
301 852 967
30 125 899
580 779 922
250 520 988
67 286 846
115 86 895
540 315 953
361 901 854
700 239 821
477 748 949
201 524 924
919 765 807
97 361 805
407 483 886
253 414 801
657 89 856
150 398 878
645 660 952
823 240 955
686 187 851
725 848 828
329 300 814
635 266 881
498 81 812
257
856 504 947
724 313 894
141 521 924
296 8 832
330 233 974
473 10 904
808 721 897
293 384 869
541 208 814
659 8 879
795 75 970
843 889 943
198 644 802
128 729 871
261 530 906
634 814 987
4 609 933
456 778 823
624 409 966
373 900 916
611 980 984
464 435 821
97 3 980
489 845 812
3 953 924
394 912 943
730 971 909
195 711 870
543 590 980
641 840 973
98 803 824
216 580 855
977 431 939
327 112 849
906 999 989
876 146 866
539 19 891
9 47 865
104 176 966
662 851 943
662 491 855
551 768 932
31 604 954
544 36 826
357 904 908
743 13 934
514 275 953
458 839 807
848 412 910
9 337 967
414 553 820
414 435 893
547 798 942
474 11 805
679 649 803
723 321 926
367 824 913
300 145 907
96 934 855
892 703 858
638 90 943
290 144 859
693 450 828
672 135 890
529 295 949
863 734 992
682 401 845
201 439 852
83 941 866
662 34 916
196 789 926
432 753 944
533 416 863
344 80 921
261 178 983
214 674 905
635 469 830
875 793 929
947 688 945
778 276 857
219 9 819
767 591 867
784 934 973
168 430 800
763 265 864
66 363 888
433 748 832
109 713 879
322 121 955
668 64 859
744 374 999
798 835 824
947 896 905
137 887 825
788 646 999
561 766 826
944 808 866
4 371 920
110 849 955
224 471 851
899 913 903
320 669 837
556 175 890
627 130 989
884 701 847
878 896 956
880 564 998
973 651 891
600 851 880
428 931 946
263 268 954
788 308 878
278 102 907
387 852 956
261 681 919
963 356 904
450 262 845
543 857 890
230 972 902
753 116 979
924 899 833
72 727 909
812 564 833
794 81 923
24 871 989
157 357 868
862 576 945
715 319 914
838 915 856
230 568 832
956 62 818
760 651 962
769 54 901
751 655 933
702 734 881
248 46 881
922 260 937
266 950 951
253 381 828
229 207 805
636 867 960
675 461 915
135 924 869
470 591 857
304 758 801
924 344 900
189 160 927
543 317 983
280 979 852
281 647 979
14 970 810
214 178 911
782 143 823
779 285 943
483 775 974
382 851 989
868 167 839
822 627 886
170 967 998
390 668 952
291 647 838
517 212 855
646 400 875
57 66 947
991 637 997
708 105 882
828 354 932
613 830 833
519 508 851
155 132 824
406 74 963
702 87 935
624 275 858
95 839 909
521 266 847
467 462 855
161 22 902
522 84 910
72 861 909
997 881 972
518 386 856
640 364 856
865 285 984
405 747 830
751 483 833
106 83 937
349 351 995
685 25 870
792 928 886
549 664 898
675 891 945
755 108 820
832 220 886
82 903 956
811 783 864
923 620 899
284 756 865
317 697 835
997 139 869
493 833 811
500 925 819
313 329 849
474 845 955
313 90 996
187 357 906
592 719 821
951 204 831
496 272 982
689 911 959
613 655 897
567 815 856
780 977 903
531 787 913
908 416 966
432 853 843
405 16 811
223 449 990
15 519 991
827 372 811
500 857 991
26 555 934
529 108 847
854 317 880
961 688 846
364 162 840
484 922 810
396 948 995
975 449 853
985 21 877
965 353 984
97 306 951
125 247 951
984 352 857
508 445 974
649 237 926
621 272 935
757 521 907
247 607 914
800 845 910
887 525 842
857 650 876
398 521 967
737 686 857
916 268 861
319 172 906
262 444 887
498 483 929
429 143 800
38 504 927
64 211 831
995 551 929
612 5 989
628 999 800
474 615 964
349 540 978
680 558 825
71 441 898
285
100 594 984
646 275 861
594 544 873
319 380 812
248 14 892
790 692 950
169 721 876
620 343 968
969 772 970
418 96 937
817 919 995
853 864 943
446 7 842
602 723 891
37 438 919
846 158 932
826 501 868
451 700 945
322 680 964
695 553 947
935 418 943
885 359 966
106 682 923
945 256 981
22 45 977
23 493 885
780 340 893
732 709 869
522 608 983
704 936 908
328 579 823
362 126 881
853 834 959
405 450 939
261 257 963
923 483 850
319 877 811
744 277 995
549 1 847
441 212 939
140 386 994
525 675 830
822 29 876
843 907 915
588 723 863
909 861 920
168 626 971
484 988 895
683 414 969
101 798 985
356 632 998
179 906 915
353 855 862
597 591 813
761 805 890
491 988 863
57 468 897
484 306 867
582 585 968
674 777 855
764 792 820
225 898 803
605 889 959
36 130 956
829 683 848
545 432 992
92 23 920
511 190 919
956 614 958
294 405 811
917 406 833
335 869 892
86 274 849
524 796 863
437 400 992
562 281 824
849 896 870
477 359 993
623 626 981
306 206 889
843 440 869
476 895 827
384 173 808
984 655 897
10 636 933
99 791 807
714 173 920
773 970 943
418 732 999
758 560 887
508 651 920
778 305 866
581 570 827
983 268 890
598 132 900
975 721 955
356 621 1000
315 140 997
31 506 937
245 941 909
9 296 863
554 797 801
32 353 804
46 114 828
967 418 878
745 677 896
329 929 804
850 514 970
926 350 827
362 585 802
849 104 955
498 699 976
290 691 817
736 520 963
168 679 851
311 519 889
626 571 801
541 278 854
775 322 900
890 836 941
83 917 865
726 364 844
652 442 838
194 451 817
181 101 984
227 205 880
49 661 984
924 788 837
163 497 886
802 929 889
996 475 872
100 526 914
589 948 810
259 531 887
663 448 897
119 305 880
992 484 898
316 349 990
231 647 812
195 886 877
874 974 928
972 425 986
118 395 832
547 99 951
8 15 821
353 87 846
459 622 874
414 322 818
26 475 918
341 500 920
975 364 896
295 953 912
412 944 850
115 336 918
712 191 892
708 529 898
5 537 899
852 965 809
968 195 821
609 225 833
289 926 915
950 460 985
829 625 817
637 883 957
481 728 918
322 761 992
937 861 912
689 436 919
655 80 958
707 468 858
609 458 938
318 782 981
725 591 894
708 57 816
335 931 985
70 607 820
470 349 963
488 55 882
962 962 967
615 969 800
33 276 837
362 730 814
203 652 893
54 929 969
755 164 913
429 506 950
464 305 879
600 411 844
139 823 853
218 108 936
363 758 879
144 835 991
598 396 884
920 703 902
929 788 940
46 323 963
619 126 963
733 590 810
446 360 963
276 578 894
118 732 857
704 11 978
285 667 928
226 816 974
472 529 889
217 376 972
67 137 900
921 821 879
803 564 923
788 685 812
635 84 988
306 642 913
151 447 818
20 23 953
169 761 949
862 997 873
226 505 906
692 485 988
794 360 990
556 431 939
25 430 839
974 731 891
416 534 894
769 655 854
387 547 853
150 753 821
608 436 878
681 342 964
445 221 826
430 211 874
382 951 911
857 403 831
461 282 988
682 496 970
22 944 976
951 599 993
441 404 963
195 214 936
842 740 992
886 407 821
615 556 829
566 498 977
640 267 849
221 351 971
61 498 818
771 275 900
155 627 989
647 500 869
736 951 888
161 510 825
24 924 858
106 471 914
319 638 816
431 480 842
513 275 946
146 527 978
462 524 890
258 274 875
587 354 850
13 397 910
910 990 881
484 742 965
817 588 979
487 583 954
522 809 817
937 389 919
673 331 817
365 752 883
650 385 823
330 683 808
668 172 894
396 389 942
274 349 988
964 47 937
825 160 851
770 335 963
994 871 971
952 534 969
672 82 929
153 774 992
325 671 854
491 887 889
569 942 996
673 250 899
811 151 944
288
894 106 846
830 363 923
337 48 924
862 234 988
506 128 948
773 556 819
599 628 918
743 686 813
961 893 883
118 421 917
367 421 884
489 115 965
378 345 999
283 466 813
356 360 920
495 269 805
392 718 875
65 212 945
869 124 866
943 471 897
619 548 979
337 262 865
795 232 835
717 375 916
856 260 819
951 528 825
131 348 982
552 798 970
806 655 963
964 301 941
248 861 825
497 210 979
258 438 813
718 583 980
488 612 973
617 262 860
578 634 998
477 192 832
916 701 949
498 110 832
635 987 962
477 56 842
306 610 859
843 134 942
477 475 915
657 908 951
628 488 938
926 330 817
140 258 997
700 651 800
873 175 942
843 253 984
303 562 916
48 850 861
433 44 932
221 253 912
770 730 985
921 639 927
772 216 843
122 706 846
862 957 965
449 263 984
161 600 840
453 605 881
429 635 992
299 722 975
561 285 835
942 341 871
137 901 818
642 811 979
124 75 811
230 578 873
741 602 850
298 731 875
616 125 965
165 724 854
576 942 995
548 557 868
367 733 897
623 722 891
527 840 922
804 722 852
912 534 816
384 950 804
305 273 906
36 917 833
747 108 851
254 53 948
403 618 885
200 389 893
303 721 897
309 594 971
900 541 909
650 80 902
910 952 806
386 770 846
232 217 924
390 964 947
94 987 855
411 40 858
879 656 989
541 966 982
759 7 867
99 208 921
621 699 868
500 381 803
441 660 908
649 301 846
586 394 924
828 270 899
822 968 890
600 629 866
153 358 852
329 344 996
258 387 841
311 794 809
179 770 976
893 991 978
824 418 932
904 514 804
899 675 961
237 259 947
638 639 926
594 981 851
738 110 987
872 384 940
478 125 916
449 483 944
226 728 977
302 238 985
165 270 853
130 830 850
845 902 894
933 40 860
606 359 867
50 642 808
461 124 826
867 447 899
142 625 924
391 730 945
467 952 985
609 966 888
519 904 813
603 172 942
755 279 859
235 901 983
304 973 809
430 338 948
772 684 868
196 392 843
353 214 869
971 945 948
819 54 857
382 184 811
713 146 939
952 12 888
551 704 947
220 831 804
497 992 857
592 999 863
35 537 882
907 206 992
321 815 832
202 671 835
489 124 916
282 761 941
136 429 955
338 463 921
4 487 946
855 471 960
542 907 990
717 418 956
28 455 854
155 5 927
580 981 905
799 478 810
652 544 917
67 513 924
352 524 972
967 700 919
540 583 917
943 953 906
204 46 907
583 84 943
505 921 816
933 996 968
990 971 946
455 981 928
595 67 861
381 478 879
200 32 861
369 439 860
820 779 945
565 798 976
39 37 887
916 667 972
221 452 960
612 657 829
205 912 896
619 231 967
875 188 823
137 511 848
641 314 957
557 693 928
123 902 855
875 147 865
588 951 823
29 835 912
860 979 939
728 981 907
708 969 802
529 290 991
628 219 882
584 777 817
475 204 900
165 785 914
239 358 936
729 192 856
695 273 924
127 834 889
310 872 960
508 724 971
33 877 986
3 170 803
284 134 997
844 510 930
952 88 969
223 51 942
241 645 831
492 953 939
238 529 819
949 51 878
232 625 884
967 350 938
416 407 856
574 891 938
602 704 838
224 144 924
256 15 924
291 771 908
483 230 841
42 968 815
388 35 934
524 948 914
107 864 885
95 753 904
293 679 809
476 546 970
333 141 874
995 146 947
59 644 829
225 890 925
689 918 849
111 65 837
446 631 907
894 24 872
235 195 992
721 436 853
565 705 863
603 165 820
395 815 927
553 296 894
530 550 830
713 57 943
661 584 990
819 740 805
521 240 992
504 613 942
609 2 904
602 869 858
454 476 995
443 751 951
682 692 801
121 258 934
6 370 819
649 648 951
545 415 938
738 943 818
75 207 883
612 871 979
737 636 925
217 508 902
242 156 804
452 197 843
731 653 813
232 333 802
775 990 886
835 81 941
265
993 794 936
874 21 902
798 522 958
203 594 827
898 647 986
718 843 921
857 200 920
443 314 906
200 647 984
218 373 925
879 656 826
194 2 811
886 485 911
305 11 968
382 994 828
662 541 898
674 950 882
763 550 869
302 290 896
48 710 872
455 869 935
397 198 993
965 808 938
198 64 960
37 918 981
165 534 965
818 871 927
532 838 871
533 718 997
401 957 981
43 928 943
909 146 960
560 662 819
223 205 981
225 294 991
749 272 845
511 310 896
587 69 902
393 17 890
409 577 917
658 862 905
839 977 889
316 630 993
626 715 967
979 980 818
540 167 858
158 323 948
304 94 815
698 540 956
292 698 822
736 421 871
131 199 981
929 801 999
570 617 886
7 628 903
937 886 968
279 927 962
310 878 927
861 44 945
469 898 833
935 658 991
996 801 855
325 908 921
141 817 838
760 934 856
747 661 958
898 161 815
945 83 979
269 511 821
824 776 963
599 673 981
1 886 899
484 8 875
347 734 865
773 226 885
454 641 848
417 279 869
567 372 950
218 731 854
525 124 834
266 757 977
996 167 937
351 656 811
49 708 996
459 560 853
566 636 942
599 24 883
191 626 908
842 979 876
438 72 823
533 208 856
434 938 809
2 594 938
542 575 914
421 432 938
280 918 811
401 113 859
119 407 895
79 259 929
217 35 813
92 956 803
716 669 884
561 833 886
317 97 994
320 158 899
46 972 998
516 598 925
764 245 947
625 228 895
240 691 861
12 50 829
829 656 975
813 689 980
227 757 975
835 97 812
114 487 819
375 99 823
474 41 853
844 579 907
753 195 934
846 402 938
156 122 895
2 524 801
763 257 950
318 277 871
783 703 975
137 731 808
238 905 950
444 535 931
617 802 913
914 892 827
436 336 855
660 740 942
887 610 878
777 135 808
132 960 801
293 967 826
617 83 934
592 825 977
814 78 897
825 533 801
745 203 958
795 657 949
673 761 900
544 953 829
73 773 836
820 170 969
719 263 840
220 296 833
973 144 960
847 253 928
325 705 881
452 181 919
947 342 946
69 950 815
782 556 838
59 724 895
144 175 909
435 333 904
311 24 839
56 808 918
955 374 913
818 972 820
75 547 934
606 927 843
922 737 916
366 189 874
238 445 929
443 283 840
242 19 864
1 419 874
979 876 823
323 545 919
882 500 856
632 478 1000
584 935 876
925 76 856
535 582 906
131 194 981
775 228 911
26 745 925
135 439 873
383 791 878
909 829 853
915 178 975
336 91 906
237 88 925
661 220 958
178 278 848
399 25 931
714 718 924
996 525 955
541 53 939
309 539 882
239 996 885
956 971 966
81 534 812
651 441 938
241 746 841
779 815 848
139 267 812
876 133 985
872 21 876
740 559 849
918 137 955
281 734 851
417 971 852
787 842 906
970 874 873
84 384 851
30 250 909
634 135 852
434 685 976
480 248 842
236 856 932
288 533 838
875 284 860
877 346 801
386 513 823
759 626 920
378 707 965
895 748 804
662 118 875
668 239 918
772 813 984
549 178 953
961 467 944
441 728 897
709 304 911
364 971 857
544 31 829
508 247 907
668 173 876
404 744 832
796 862 848
663 503 975
763 3 904
768 586 828
544 743 909
240 579 821
218 748 854
848 211 985
352 560 870
41 543 820
434 381 869
720 434 958
998 504 945
719 499 905
229 544 916
985 33 823
444 90 828
540 693 962
699 395 866
645 288 970
424 454 909
199 806 836
180 104 848
21 866 894
889 673 880
641 227 921
626 13 889
668 269 871
541 818 887
824 875 926
470 931 801
295
893 115 802
406 605 843
653 383 932
169 722 982
591 604 804
43 235 912
81 396 900
665 600 969
920 591 809
662 802 962
628 678 992
664 990 815
581 886 912
351 6 938
838 328 921
407 514 953
770 598 976
313 702 945
374 922 917
262 372 847
822 99 861
341 876 950
443 992 848
86 625 904
419 673 907
311 895 845
106 42 828
133 458 845
817 202 826
405 154 834
325 756 847
148 525 946
58 133 919
525 427 831
888 550 936
386 113 827
821 667 837
526 855 974
956 107 968
769 428 960
837 650 897
451 955 840
214 900 968
565 838 913
690 156 880
421 371 887
623 765 944
90 701 898
252 566 968
880 893 845
731 308 917
981 33 925
621 452 981
276 133 858
37 759 868
880 656 879
334 225 945
603 88 834
903 676 856
569 857 888
526 930 954
263 731 801
828 913 843
625 546 877
185 466 898
163 403 948
464 396 993
575 221 956
69 429 902
112 253 892
820 66 898
212 117 929
461 40 965
40 422 912
854 434 814
431 563 903
383 69 974
379 249 953
789 297 896
128 365 920
40 481 881
806 926 937
958 718 838
791 580 924
189 919 866
257 871 871
492 461 998
157 147 947
842 381 825
407 379 805
273 270 827
231 757 878
221 564 938
161 574 958
976 165 909
289 886 880
249 875 807
497 781 967
222 161 993
654 86 931
981 563 951
793 964 930
602 176 859
451 947 975
965 169 869
187 361 945
306 687 998
235 102 923
238 921 877
352 960 844
88 388 984
66 339 806
292 136 818
116 112 848
950 567 823
628 36 915
574 607 823
526 851 976
680 826 962
557 164 804
519 764 854
771 319 935
545 94 898
985 246 886
988 234 901
313 33 981
722 672 993
116 814 932
210 151 873
366 615 809
16 646 920
841 236 918
575 388 986
745 716 869
317 220 988
76 823 938
118 950 880
118 590 831
100 244 962
523 238 834
287 41 890
708 953 903
48 271 893
446 534 932
514 193 968
753 795 962
244 15 902
597 681 805
705 217 972
898 855 926
641 719 807
280 330 927
413 559 930
981 357 943
501 590 866
743 884 814
509 204 805
553 686 858
577 26 960
410 467 801
253 238 905
723 491 928
800 106 816
543 288 845
779 352 868
985 333 819
197 641 949
97 936 986
761 846 912
368 404 890
708 791 882
606 411 909
464 52 975
160 354 858
501 313 894
966 830 954
849 422 830
180 655 816
606 214 890
681 59 846
285 895 993
469 325 932
872 538 960
671 182 904
444 228 904
367 132 957
463 422 873
871 528 952
359 608 981
944 301 883
53 788 901
195 262 803
177 113 819
958 472 842
294 541 925
889 769 879
863 95 934
336 480 951
970 180 838
202 534 957
53 697 826
105 19 847
976 906 851
124 533 940
59 186 869
595 461 997
48 594 834
489 820 829
730 606 934
848 21 995
542 429 820
616 715 855
802 104 956
200 805 835
932 77 969
769 607 973
157 197 868
128 851 922
942 164 834
411 465 959
107 968 872
783 988 980
102 181 815
264 510 847
374 374 852
17 662 866
656 71 867
701 831 900
581 674 941
918 12 841
309 255 876
885 537 860
19 800 844
690 692 927
722 876 942
5 940 819
127 507 950
501 858 981
160 331 874
200 990 930
980 289 848
858 556 916
99 963 846
194 255 888
624 604 897
314 429 957
805 808 900
918 973 877
799 977 904
152 445 959
19 418 807
770 399 837
207 467 959
4 437 830
317 293 879
712 603 815
220 279 941
107 806 833
400 168 991
933 843 839
316 487 871
571 521 842
117 41 999
428 362 809
657 266 939
34 678 819
65 733 937
898 121 956
76 256 928
758 271 955
301 418 897
433 942 891
374 976 835
460 196 841
766 120 859
647 793 849
168 571 885
539 335 900
4 521 900
103 8 861
146 169 857
624 159 934
829 847 855
980 395 904
5 729 816
281 543 970
121 396 813
843 494 817
739 299 1000
20 390 955
85 969 841
328 659 824
92 640 897
224 767 997
218 714 936
294
896 576 962
303 91 895
113 196 950
806 879 963
235 485 1000
40 541 946
230 641 883
25 664 873
243 431 988
626 781 912
685 220 864
852 778 907
841 451 844
158 904 979
426 498 900
722 142 881
272 953 844
435 855 971
299 621 989
939 13 862
219 733 972
763 582 872
739 443 960
435 567 868
998 462 991
67 735 888
264 510 918
401 767 865
617 600 908
709 967 996
991 796 817
618 394 883
923 996 925
287 630 936
269 230 818
278 894 953
434 677 826
603 153 942
270 867 900
240 983 929
374 379 932
735 25 833
584 637 906
992 401 874
53 889 885
860 627 831
302 881 810
122 899 882
510 953 942
457 272 911
856 681 805
374 552 844
449 229 875
528 589 889
407 107 859
256 7 858
435 85 835
589 290 891
980 313 804
240 226 936
397 134 878
668 485 912
160 872 831
50 17 982
291 319 820
466 158 894
587 436 900
573 661 811
263 324 863
505 762 962
831 865 930
621 415 878
333 782 951
191 243 867
436 345 981
275 873 917
335 447 992
5 436 915
548 939 944
817 138 817
649 119 835
578 527 951
278 832 949
321 741 919
956 260 833
808 401 916
469 638 817
62 120 852
685 316 890
363 274 879
384 454 807
423 279 933
805 891 899
399 880 944
650 240 894
329 248 913
409 578 862
433 67 891
657 524 841
979 334 968
761 107 853
419 33 967
33 665 859
530 553 867
658 576 873
523 265 897
937 473 964
269 107 970
94 819 867
266 98 884
899 848 874
800 578 811
809 853 952
391 987 970
597 650 939
443 226 918
885 562 859
891 482 827
220 644 831
626 922 834
781 754 939
925 543 876
830 184 902
293 781 846
611 239 990
789 368 917
541 339 960
583 201 923
603 819 807
683 830 909
122 184 923
809 385 827
328 449 886
832 420 946
709 173 930
310 732 850
332 513 810
393 517 830
839 115 976
86 317 954
219 127 850
138 981 806
683 753 818
998 339 902
47 163 836
14 284 895
702 152 957
852 177 871
74 456 965
545 240 934
581 965 845
614 278 894
938 759 915
153 538 965
813 844 814
690 500 990
358 155 873
959 358 926
450 481 890
988 362 903
204 412 918
488 702 987
203 880 899
125 244 978
468 46 836
728 573 980
218 740 814
545 744 871
572 978 953
627 838 937
175 249 832
863 577 984
188 362 881
140 125 833
788 365 889
411 566 872
42 999 881
81 507 911
728 720 971
205 449 996
717 261 944
931 244 826
902 378 926
232 947 912
940 987 912
209 274 910
965 788 827
86 860 849
590 421 883
515 329 983
864 595 813
609 302 844
353 28 994
33 763 807
933 922 822
370 265 996
582 347 955
379 284 982
672 855 868
940 158 837
353 978 809
497 469 877
344 299 871
487 86 807
947 813 897
291 819 934
958 516 803
567 890 828
658 491 916
399 302 950
715 420 950
652 811 860
357 377 809
200 845 875
825 610 927
874 369 970
635 223 952
284 967 895
327 135 800
633 62 875
691 15 987
531 265 811
247 920 947
373 946 990
420 388 930
141 757 953
177 816 907
581 607 835
172 295 945
874 247 862
472 484 938
989 308 863
42 33 859
713 176 881
338 263 815
254 476 821
447 566 915
76 485 937
978 326 817
739 319 971
375 518 896
929 63 861
88 748 926
107 21 988
667 604 969
833 755 985
469 277 962
76 272 900
127 337 830
786 33 809
129 957 912
44 569 843
734 577 855
606 911 979
688 416 916
480 912 897
571 706 831
660 277 907
678 25 859
783 142 926
808 802 913
28 504 819
161 717 924
110 628 1000
506 223 857
341 489 910
669 727 893
660 580 976
320 39 985
209 165 975
367 612 928
645 693 810
145 704 908
13 333 852
397 582 995
241 113 829
965 103 870
500 814 838
442 468 971
860 345 957
777 515 848
859 41 997
997 718 914
454 5 953
142 777 854
884 937 915
705 619 985
314 862 934
528 376 884
230 417 976
637 821 950
25 79 922
674 916 888
185 526 808
269
369 538 828
685 316 853
685 320 987
319 931 941
282 358 936
709 9 867
199 648 881
59 284 883
197 574 913
852 717 836
698 631 863
977 449 975
732 830 833
951 350 839
761 381 821
583 353 977
886 800 920
922 718 975
13 723 919
549 720 977
435 519 999
939 642 800
497 410 880
641 830 832
626 278 878
607 933 873
157 116 887
532 303 851
92 89 875
601 460 812
134 560 892
881 986 863
409 857 956
928 57 861
218 881 842
795 37 972
720 770 976
527 434 965
742 45 867
685 621 978
761 910 963
173 313 860
466 872 971
762 496 921
925 969 971
957 380 816
706 544 923
213 374 879
931 45 977
141 685 952
173 121 970
647 977 877
315 78 906
313 97 880
152 760 867
574 578 909
492 925 909
864 699 940
722 274 993
451 838 826
727 807 891
524 168 965
278 756 979
602 995 825
547 845 940
867 34 824
494 531 887
275 77 939
58 611 834
386 847 886
165 420 932
21 997 955
41 228 854
623 585 862
634 410 886
280 399 907
746 306 898
501 158 939
3 261 933
712 953 904
91 240 807
786 479 971
229 359 907
591 593 895
22 250 837
537 651 989
422 519 930
185 174 984
841 113 829
931 212 860
69 929 950
639 796 819
653 922 864
552 519 823
6 714 879
431 258 902
745 366 983
760 165 812
538 190 941
617 325 923
783 234 806
903 254 850
579 756 871
642 493 990
275 94 975
866 987 812
642 590 929
475 428 900
529 504 884
894 10 912
426 195 875
184 629 985
246 56 913
511 613 819
716 751 937
435 385 994
812 491 956
267 857 816
964 984 893
273 17 978
785 91 866
790 208 903
56 249 883
409 753 844
942 363 808
285 649 880
110 65 999
42 673 828
18 525 818
247 757 808
180 658 861
892 316 812
687 182 918
477 9 964
176 421 966
276 955 936
673 974 867
639 841 900
616 538 849
683 905 815
812 163 965
104 578 962
841 203 806
294 447 828
821 949 839
494 349 912
411 416 822
813 656 986
94 130 934
957 417 809
248 906 928
141 155 825
676 889 983
140 648 928
258 58 972
256 206 920
11 473 856
396 406 819
564 569 830
411 951 809
935 593 855
462 423 870
782 920 926
701 627 889
474 959 896
12 368 970
292 575 922
668 745 943
842 268 865
493 698 827
278 528 845
201 30 867
626 988 990
619 45 809
863 459 992
113 969 983
439 824 827
806 121 809
960 746 999
180 518 833
691 582 960
121 957 838
12 301 935
360 693 869
643 325 978
946 346 954
436 957 829
109 657 849
114 20 836
420 959 829
2 810 901
936 380 899
430 970 908
175 172 882
240 47 881
786 888 991
880 29 967
476 201 966
96 994 976
521 878 915
959 446 949
788 471 941
19 448 879
988 481 842
652 241 853
608 291 998
437 141 883
297 609 955
132 944 855
560 704 839
421 902 954
600 683 811
739 807 971
438 108 866
87 561 876
671 837 808
325 502 945
514 856 859
932 905 958
422 909 894
957 788 896
942 491 864
847 28 829
395 337 946
609 513 954
9 261 979
304 575 878
445 981 909
610 569 816
78 454 845
995 751 947
419 722 817
887 510 984
612 663 829
975 896 913
68 892 871
688 164 829
254 869 901
729 824 854
494 762 843
341 413 878
506 27 918
585 931 862
714 407 1000
942 981 917
564 463 953
882 118 873
196 477 858
579 717 854
26 122 861
404 854 965
573 623 988
940 410 808
976 674 868
131 184 954
667 668 968
919 812 804
724 697 861
752 536 896
285 129 866
567 898 899
305 310 903
493 173 955
394 6 998
49 211 865
605 241 878
355 274 864
505 254 919
96 372 866
256
26 233 868
773 182 856
337 787 955
463 920 861
433 630 994
569 274 969
883 722 814
136 614 943
636 114 847
693 560 862
580 40 805
776 782 988
934 243 957
300 708 955
537 358 961
340 776 972
28 545 844
973 26 988
999 541 855
93 751 807
1 306 868
451 926 860
709 532 932
256 315 804
673 606 934
477 699 890
833 326 989
109 128 904
960 187 926
861 302 834
175 411 926
938 6 902
866 48 971
818 338 987
664 485 837
767 465 921
562 228 893
456 4 946
326 354 924
465 113 987
213 470 952
909 311 847
619 806 952
113 761 926
742 20 906
260 151 998
889 408 943
45 450 981
514 903 993
3 151 941
658 595 922
540 383 814
355 99 918
175 717 883
831 253 853
555 425 806
696 721 815
485 243 969
155 873 923
453 635 815
441 263 821
697 79 866
456 646 882
541 676 815
821 325 841
17 681 931
549 192 917
748 306 888
182 895 825
880 137 861
857 84 997
575 595 811
873 344 974
518 841 929
97 22 894
159 124 978
217 811 983
117 149 928
881 333 902
194 364 836
587 778 951
83 960 895
195 891 985
303 151 847
761 73 978
308 672 986
489 47 875
444 198 955
593 506 814
703 215 841
884 421 828
145 804 888
118 121 831
902 994 842
575 675 880
156 89 806
492 102 823
641 532 849
587 780 816
46 425 844
525 8 886
130 258 800
226 895 867
18 572 994
729 151 920
536 590 958
134 23 826
643 29 861
959 311 847
79 446 952
529 42 947
804 701 890
7 514 817
932 556 840
284 364 900
224 79 989
186 501 839
683 974 937
451 555 938
586 83 938
54 519 997
578 478 892
245 114 834
611 573 975
782 807 844
589 17 900
78 809 996
314 254 978
237 821 921
499 810 823
471 842 955
93 824 882
784 246 857
877 325 829
611 83 809
947 556 1000
443 595 989
908 39 821
474 624 899
883 902 939
873 609 826
210 251 852
535 960 965
532 677 994
431 432 948
838 404 931
356 966 884
182 45 917
743 525 816
250 816 885
411 864 882
861 7 807
399 706 807
926 624 964
541 977 801
635 150 859
897 419 954
949 483 941
892 616 982
220 201 950
586 265 985
189 755 992
283 992 942
882 486 802
718 410 929
202 732 845
139 945 851
72 27 809
641 77 890
25 226 898
677 892 859
281 221 955
669 199 828
375 994 863
925 888 963
193 332 963
993 947 971
497 734 936
203 161 971
169 43 884
806 931 855
971 228 924
35 190 857
877 562 934
506 706 990
76 302 921
124 49 873
639 109 899
959 861 979
222 816 822
218 905 891
924 884 847
779 91 883
585 423 997
101 593 950
915 531 906
255 210 855
119 71 886
306 631 846
435 746 863
122 595 879
543 809 968
984 960 838
396 621 842
949 475 848
436 453 896
298 201 895
539 243 966
463 395 959
221 620 909
970 446 894
769 656 922
41 222 980
117 812 805
210 429 914
35 444 991
553 912 963
115 6 870
450 218 973
673 276 954
73 667 803
321 289 883
855 274 896
649 351 956
718 545 916
38 886 927
8 922 830
467 456 928
68 512 851
758 988 994
545 23 928
68 432 944
742 15 866
111 756 826
794 726 958
405 419 904
361 220 871
220 204 912
39 244 944
547 256 817
352 208 857
371 853 931
335 396 933
687 44 882
751 591 830
585 871 869
752 798 933
150 310 892
587 890 897
547 58 983
95 404 989
248 930 932
726 391 993
29 533 839
323 205 893
691 656 999
260
613 658 914
817 683 843
844 443 897
836 633 932
435 460 990
933 196 810
753 463 977
358 508 867
832 94 832
545 146 947
757 189 866
153 187 813
35 321 991
885 399 993
567 950 885
525 335 917
786 664 920
570 519 808
27 496 985
656 897 851
460 619 922
725 755 954
48 223 877
935 34 967
218 766 829
561 904 813
287 134 865
831 219 997
152 185 881
276 471 812
521 801 941
833 557 896
791 279 917
495 52 989
896 300 952
383 456 924
443 296 963
105 898 970
275 947 916
346 903 931
255 961 898
490 675 851
709 466 899
566 560 964
238 418 946
394 330 835
692 940 936
626 334 934
450 341 804
17 91 890
892 303 861
290 904 875
631 411 980
807 992 838
763 84 961
415 114 945
503 129 803
268 388 824
292 105 812
612 577 813
206 133 943
326 993 891
287 465 903
665 609 913
85 171 800
336 20 993
885 321 863
457 169 870
193 92 908
880 477 851
479 10 822
222 843 855
435 772 877
710 690 802
110 243 820
2 655 979
231 417 913
778 115 964
714 910 865
733 990 945
535 497 964
444 693 869
725 497 897
844 97 855
168 187 864
116 201 846
79 29 933
654 306 802
153 58 883
994 605 840
386 464 879
712 752 804
345 712 856
316 256 874
622 989 912
856 598 958
377 567 852
501 1000 839
764 8 832
235 26 911
92 247 999
602 917 980
724 421 974
385 848 846
620 261 894
798 653 890
305 256 936
725 670 861
125 920 958
709 377 987
441 692 855
280 232 918
785 628 827
258 780 907
224 694 854
509 420 837
37 378 889
948 89 874
277 25 941
509 84 901
449 636 971
459 363 871
938 34 991
483 969 913
906 946 932
653 956 879
965 227 879
870 844 809
313 66 985
501 217 816
955 75 911
148 349 988
300 818 948
280 843 842
322 594 908
859 207 801
610 78 862
840 990 939
237 551 837
280 688 909
729 870 899
132 972 823
834 476 904
914 331 955
809 999 993
292 904 819
981 142 824
502 111 932
632 839 856
903 261 841
172 768 859
875 559 918
254 660 868
159 871 841
426 175 852
197 835 877
208 396 978
865 446 870
415 726 855
876 828 969
536 940 924
992 496 896
180 993 804
260 721 918
193 323 989
993 294 854
906 723 865
181 614 831
965 934 861
462 380 928
970 594 954
362 698 982
17 732 933
349 332 868
260 792 830
564 935 890
966 529 977
513 986 975
658 386 912
302 524 833
328 461 943
294 415 943
68 875 824
224 820 810
552 988 962
926 87 814
532 520 953
630 302 818
147 645 814
1000 5 873
73 843 843
25 364 839
739 837 856
974 116 881
918 498 951
819 390 924
380 876 931
757 238 966
786 775 907
661 263 814
918 317 805
223 336 907
592 856 813
907 486 851
591 424 881
170 314 807
575 447 966
764 564 948
200 90 895
464 528 951
185 945 945
405 594 905
621 369 849
583 341 988
453 665 982
844 169 855
103 450 979
697 421 925
791 91 945
279 106 914
940 141 983
99 665 910
421 379 825
813 814 803
836 438 903
752 430 928
954 823 960
994 229 879
59 212 941
676 668 969
44 447 846
517 506 884
700 684 806
603 944 887
792 265 859
227 242 836
586 868 956
395 332 844
643 833 868
276 547 981
719 186 850
84 676 985
121 411 833
35 473 983
167 493 866
108 770 987
368 874 899
688 1000 940
620 912 904
951 577 998
563 42 982
383 823 894
386 781 885
841 659 881
282 919 886
257 513 960
889 974 904
36 476 884
870 990 803
264 541 846
282
123 203 995
583 426 943
273 410 917
29 432 953
329 890 964
910 530 878
62 269 900
489 288 956
655 596 814
812 756 906
558 539 948
546 221 924
762 599 819
198 745 841
896 647 967
777 480 900
920 904 909
555 973 829
894 756 959
568 839 871
38 452 864
401 160 990
637 107 896
62 972 989
364 974 832
97 901 941
854 667 883
502 669 882
45 86 809
752 332 841
433 858 923
526 843 898
930 998 946
479 305 965
439 407 814
994 293 854
126 262 816
730 524 945
174 258 974
624 940 863
914 695 881
98 225 980
879 991 819
659 439 935
136 201 960
820 200 838
361 473 892
443 943 888
202 592 834
642 716 937
621 227 810
562 138 975
634 416 854
631 878 882
122 327 904
358 601 980
850 382 828
941 585 899
825 697 995
923 916 994
219 737 805
289 998 848
744 891 967
888 635 856
240 619 990
428 503 885
184 409 841
184 653 975
154 675 832
362 686 947
41 492 973
713 451 841
795 4 876
84 341 918
459 961 808
166 100 836
982 237 868
208 205 814
597 216 886
758 697 995
355 609 948
206 850 982
160 736 800
332 783 805
38 694 865
274 355 927
427 80 973
615 162 800
663 408 839
367 629 944
454 885 928
10 958 828
641 861 870
752 919 860
225 193 900
796 599 860
461 177 977
742 573 850
773 392 843
943 968 886
374 521 855
232 671 990
343 579 961
186 702 944
932 298 820
676 896 831
578 271 882
225 780 811
268 714 973
577 66 918
660 637 967
234 766 807
948 691 856
903 983 1000
742 658 832
24 232 821
793 501 830
642 456 878
663 414 854
962 710 971
291 499 871
949 160 989
447 622 925
922 884 973
718 19 926
467 215 972
614 844 983
377 317 954
257 24 811
574 73 948
524 972 853
895 535 992
513 353 980
859 71 810
73 944 995
942 595 816
356 193 999
289 435 871
469 371 941
718 327 844
48 176 827
143 398 856
62 543 997
607 974 980
228 319 810
117 636 962
535 521 887
645 677 910
532 421 838
952 756 882
310 977 874
22 949 923
639 575 938
489 738 919
83 229 900
460 157 896
914 361 987
292 295 931
438 381 935
399 231 896
581 1000 819
435 461 832
327 526 920
457 969 886
507 650 833
555 526 907
382 722 925
178 924 819
324 474 965
228 645 929
418 324 843
828 606 805
500 991 843
571 705 844
52 710 810
566 458 878
747 972 849
641 951 914
460 173 969
651 196 990
269 855 985
131 23 945
552 401 833
939 431 834
58 868 853
570 108 836
675 464 979
502 370 969
974 105 875
674 838 831
633 195 837
182 389 923
592 290 827
765 505 888
669 829 862
884 814 981
900 964 809
424 837 982
550 593 828
344 40 867
642 580 896
931 846 905
763 730 980
571 392 966
983 151 856
531 492 830
669 211 981
470 624 912
82 698 994
962 930 875
604 47 818
459 871 816
150 858 929
147 57 899
302 727 955
121 549 983
196 210 869
696 116 827
997 817 882
42 457 910
80 50 902
686 540 970
128 878 843
911 357 951
298 676 917
237 491 949
55 17 996
440 742 900
252 32 889
955 851 880
385 549 990
286 303 896
896 279 885
536 654 855
704 286 980
900 669 966
753 585 943
273 734 816
393 380 906
367 194 922
543 937 809
200 868 908
223 53 896
820 877 816
94 926 982
976 843 864
15 26 996
336 462 987
366 842 922
739 92 880
275 952 987
568 988 966
938 469 964
694 361 925
433 62 982
432 89 981
275 736 818
938 301 893
59 795 816
78 962 931
20 508 958
307 136 922
63 471 921
943 330 966
901 723 878
370 502 820
79 399 805
118 326 943
419 764 958
101 591 892
1000 243 929
250 248 986
404 818 809
563 54 934
181 650 925
198 142 811
174 307 830
211 547 857
419 683 807
857 866 852
623 419 811
308 339 863
255
611 246 811
130 763 941
552 746 959
286 192 861
12 563 896
512 442 810
750 385 908
62 525 934
938 716 961
529 128 853
474 402 934
533 449 827
870 734 802
47 186 864
777 640 840
533 659 803
397 473 825
561 640 991
848 78 952
359 165 884
87 312 882
608 360 988
340 546 999
414 511 817
651 483 922
714 146 995
850 645 854
915 611 897
568 814 896
122 620 896
885 742 863
938 984 913
332 42 946
515 125 827
653 607 903
850 993 980
126 649 972
762 636 987
852 597 999
54 381 972
158 52 800
619 448 843
57 842 858
760 39 914
306 342 805
592 135 896
680 212 818
99 477 964
832 960 944
152 105 871
134 397 838
230 451 904
969 542 901
708 844 903
799 330 887
222 55 966
626 54 896
122 25 966
954 879 837
107 933 899
955 526 871
612 587 945
257 624 822
440 67 850
98 549 966
816 533 923
747 79 993
829 803 873
503 231 826
671 586 913
980 819 888
790 278 981
527 739 946
992 901 825
482 549 960
443 29 827
259 510 840
165 337 942
384 995 943
728 160 801
32 991 891
682 568 912
885 223 938
61 314 970
904 795 840
987 566 922
547 423 889
341 577 836
13 609 814
437 196 837
443 748 849
737 928 978
83 925 800
330 336 902
781 917 852
165 662 818
37 935 893
680 290 912
459 595 866
87 847 866
420 475 900
856 566 905
45 293 843
709 168 954
309 641 957
801 527 995
140 212 908
349 549 952
778 972 938
396 528 912
121 685 864
13 789 957
454 829 831
848 675 971
621 540 884
731 634 990
668 808 867
526 764 942
577 798 906
404 284 907
463 3 950
387 85 937
589 36 969
439 165 897
592 20 965
139 66 977
395 381 869
737 220 844
685 273 832
803 860 930
291 602 829
377 124 810
438 975 870
628 440 996
183 810 955
435 276 931
385 727 952
141 526 988
87 829 977
143 214 845
318 218 827
935 333 949
892 731 926
153 35 815
369 443 934
689 332 985
830 413 955
56 356 879
885 275 936
11 712 906
488 696 820
242 568 923
413 924 908
821 707 955
440 272 807
332 250 904
507 145 960
952 609 800
715 696 977
108 266 982
131 290 973
601 443 966
261 644 911
186 714 831
70 907 894
563 470 956
859 426 854
304 848 822
434 107 888
564 83 1000
563 323 883
728 161 895
199 152 870
653 271 880
248 516 998
428 282 993
42 55 847
724 74 942
832 633 914
629 622 858
515 726 879
828 729 924
936 558 876
534 29 833
288 340 856
538 614 829
277 318 984
201 513 841
578 478 875
351 230 826
307 351 821
567 138 856
134 98 811
219 408 943
488 762 846
162 1 814
643 133 969
134 394 919
968 501 864
429 958 979
72 311 958
886 453 922
528 763 870
639 348 875
757 156 815
774 838 826
837 816 917
638 394 907
335 251 944
940 821 962
804 960 904
585 882 929
503 80 956
256 840 837
681 7 992
59 380 976
913 892 891
522 511 847
227 120 819
148 130 846
431 322 944
370 535 806
813 985 926
841 707 925
270 946 983
991 602 907
805 931 972
641 66 839
150 735 906
843 107 989
862 836 863
464 510 882
708 267 962
180 780 988
183 798 893
151 249 924
937 632 967
987 778 987
571 472 967
664 516 979
810 670 952
46 62 993
225 314 827
420 799 813
872 194 939
575 908 883
980 316 849
870 940 865
183 931 807
77 941 984
19 677 904
551 155 827
586 365 985
280 6 898
808 670 827
0 44 89 204 146 4 289 91 223 25 128 275
199 0 222 236 176 168 212 42 218 145 13 60
196 16 0 58 219 247 58 227 276 164 100 209
220 282 136 0 216 257 95 209 8 4 8 247
222 9 139 194 0 13 261 245 99 83 85 268
291 258 282 150 108 0 0 133 177 14 222 238
273 76 179 244 145 145 0 83 231 253 258 123
141 106 84 187 177 300 294 0 240 44 200 281
189 280 232 199 136 96 179 260 0 216 9 139
134 54 238 259 189 72 256 164 42 0 9 31
262 36 92 125 295 297 272 68 33 151 0 188
201 235 283 181 61 129 251 273 65 252 8 0
