11 1515 921
257
906 628 994
494 249 977
785 134 805
318 957 868
547 759 879
715 101 956
942 718 920
783 406 841
575 360 938
776 566 956
34 125 937
874 151 893
738 413 948
252 525 851
58 52 977
205 154 941
308 867 975
23 214 916
201 751 923
507 587 803
792 983 831
206 160 917
484 241 838
83 869 925
512 932 955
817 200 815
749 380 889
520 486 846
422 274 823
463 140 818
114 83 882
104 328 946
11 4 967
575 874 964
709 35 996
791 56 899
754 623 899
166 585 882
788 523 852
723 320 945
67 79 999
414 573 837
633 25 829
647 311 873
499 748 813
163 526 969
425 398 862
931 406 875
248 431 899
662 351 812
558 711 854
785 188 863
815 16 930
772 408 898
319 564 909
783 137 849
224 425 837
422 38 914
389 939 989
241 12 881
87 217 924
920 504 850
958 12 886
350 782 997
587 796 998
556 339 892
340 525 885
585 710 978
760 656 892
7 749 849
573 469 909
952 638 800
175 601 839
497 395 904
563 739 881
510 267 818
83 204 937
767 781 812
643 222 929
170 431 851
12 60 913
162 199 955
199 852 907
759 120 875
317 178 835
463 168 931
286 845 872
221 272 800
192 343 891
479 44 920
969 863 858
509 476 944
511 522 923
527 932 924
838 867 893
966 672 808
74 246 934
95 667 947
367 628 862
148 432 967
318 155 851
661 336 983
322 341 938
430 294 887
410 787 926
777 769 891
104 770 810
230 817 996
546 461 823
280 260 946
960 739 865
235 666 946
591 139 916
619 70 987
844 110 847
192 447 953
963 821 949
336 239 937
16 964 958
515 762 973
774 286 958
902 481 992
776 161 802
873 592 986
870 779 893
651 815 1000
529 630 983
695 981 886
713 930 837
663 386 1000
5 361 1000
481 581 903
35 271 914
224 555 801
482 242 959
5 338 987
413 726 970
830 310 850
217 446 841
103 467 916
33 23 876
198 283 836
305 29 929
468 24 828
833 163 853
474 389 802
851 965 872
641 129 827
655 634 978
909 877 947
502 375 837
355 815 992
436 454 896
866 590 889
35 928 973
671 176 812
332 974 943
628 360 819
911 23 945
90 533 828
191 750 996
956 576 931
446 931 881
39 445 842
767 444 944
632 516 996
5 852 977
926 777 992
606 299 831
305 426 901
269 191 953
73 696 832
71 986 946
474 544 928
773 541 895
311 90 811
186 636 968
374 195 935
886 330 842
371 847 838
955 895 921
744 50 948
582 800 875
165 424 914
890 143 864
883 2 981
320 587 868
270 914 822
730 578 954
626 258 958
177 365 842
789 848 928
4 860 846
31 213 884
67 106 952
54 256 963
155 539 932
942 797 983
251 443 988
680 571 854
455 321 817
472 957 843
812 981 888
652 688 1000
308 231 967
11 525 890
700 705 883
219 439 916
163 230 874
311 16 867
588 196 816
151 936 915
678 54 901
177 143 811
658 846 917
79 148 898
558 186 924
361 29 997
865 965 842
254 512 971
999 664 822
838 730 876
662 785 942
298 143 979
416 323 825
47 642 926
66 607 984
583 47 982
541 170 910
673 134 896
533 896 903
907 337 926
903 401 840
742 608 846
999 993 841
585 483 908
49 389 893
377 513 848
118 291 873
505 928 955
475 978 949
765 204 905
637 859 975
140 932 971
993 663 892
406 42 908
858 881 998
587 283 922
658 54 889
709 775 916
645 315 937
95 449 895
867 886 984
143 458 973
646 753 869
504 257 842
116 811 955
291
238 64 931
352 48 929
753 514 963
11 132 819
477 411 954
266 807 829
986 357 982
945 384 854
834 417 802
218 218 837
914 417 887
924 177 951
540 50 975
666 813 810
795 450 845
535 467 957
576 159 871
15 705 948
148 802 807
280 209 931
350 850 830
570 41 867
941 21 938
779 688 820
792 635 925
687 916 808
869 291 993
686 179 871
464 867 892
855 832 908
982 827 920
565 535 886
474 515 897
63 315 854
566 437 892
902 367 915
588 420 976
33 522 829
398 85 880
115 63 940
363 958 968
209 380 976
116 285 861
157 538 886
511 355 849
783 270 828
634 785 933
629 431 936
483 859 821
409 599 820
847 643 935
635 709 853
912 311 984
800 483 891
939 711 978
386 829 913
201 889 843
312 594 851
693 574 975
943 607 835
639 49 983
738 472 937
527 597 824
656 161 826
668 407 893
572 885 965
654 37 880
25 837 998
762 165 990
821 20 998
725 386 990
390 473 819
923 916 904
204 278 989
729 286 924
743 24 929
56 813 811
937 574 997
284 334 906
933 326 900
549 63 815
32 237 963
669 250 813
743 693 877
193 918 932
387 693 911
844 295 897
481 309 811
209 192 814
878 872 916
344 606 846
290 853 817
948 575 894
258 768 842
763 180 916
740 485 982
454 244 996
653 326 937
394 882 979
142 999 894
759 80 943
735 566 887
855 421 958
651 263 979
971 483 881
501 519 828
561 869 940
330 336 817
1 704 868
464 958 819
474 816 964
85 576 928
639 605 854
788 242 856
750 286 814
692 969 975
962 853 980
827 191 1000
600 836 839
826 280 950
496 144 979
217 797 984
310 811 931
725 55 823
977 879 993
912 287 994
553 224 913
537 845 886
143 354 927
4 751 948
665 356 813
236 755 814
403 405 813
502 375 995
901 156 995
880 504 914
522 36 963
235 856 830
485 57 972
22 668 940
26 5 995
532 885 904
762 30 929
151 229 928
463 860 873
13 710 873
930 399 925
659 975 838
258 86 981
672 863 843
807 398 818
756 502 900
79 937 839
826 313 856
855 141 840
690 621 860
236 808 844
939 990 869
908 258 820
999 256 858
815 522 916
536 887 884
851 956 883
371 555 939
367 626 945
826 855 953
822 241 800
455 228 886
592 910 890
286 927 884
852 130 883
163 683 907
505 330 989
45 131 904
254 923 804
586 742 946
783 861 887
572 193 900
18 581 955
819 73 936
570 704 889
739 839 920
762 613 856
256 576 859
524 300 810
232 356 930
284 61 901
616 301 906
232 859 906
979 683 991
233 561 956
607 191 995
479 939 984
401 926 809
480 89 803
723 855 950
578 665 927
323 55 895
563 387 948
223 739 900
389 946 837
303 574 928
70 216 805
290 485 888
128 649 846
564 192 989
693 372 935
935 866 922
294 846 879
448 860 817
605 641 987
652 886 903
984 179 969
675 230 944
704 802 869
493 557 884
601 848 847
555 694 878
300 850 972
256 473 995
914 646 927
240 64 823
738 821 877
160 145 879
302 261 919
24 540 920
769 307 962
941 533 869
396 368 821
538 485 964
802 891 892
577 221 993
330 774 801
917 716 931
924 171 804
786 426 874
710 705 823
528 964 834
551 723 898
380 466 890
173 553 945
105 486 930
19 905 822
174 294 931
766 944 904
608 100 843
369 212 971
811 189 821
814 421 854
299 728 995
383 356 827
112 672 949
28 563 878
123 236 854
878 806 878
771 382 922
372 985 906
747 561 842
181 515 927
256 23 973
30 530 874
694 643 913
869 423 965
947 91 924
934 924 995
856 505 928
436 620 921
155 123 927
411 939 924
49 640 928
469 55 904
355 340 942
890 277 920
807 543 983
893 783 873
706 793 971
339 726 903
315 338 836
861 699 816
882 120 953
97 131 983
377 817 806
349 972 920
250 306 874
492 737 997
123 408 828
637 733 905
622 886 881
785 6 854
868 766 951
772 263 944
281
188 583 930
572 863 957
856 463 841
305 815 881
556 921 876
779 74 937
654 550 937
162 669 811
671 609 960
270 857 981
635 332 988
112 841 960
786 470 890
707 333 871
831 596 992
587 719 834
376 359 980
861 60 845
711 253 848
336 886 884
87 867 888
859 465 982
25 874 918
120 523 951
536 32 913
240 176 948
810 409 942
888 46 902
601 846 960
388 293 928
658 694 993
561 914 959
749 395 819
168 668 979
157 832 975
904 879 939
312 688 850
283 440 925
762 288 946
821 825 994
862 816 878
994 31 982
389 919 866
134 209 801
515 926 819
81 642 877
839 543 829
947 625 843
138 534 990
677 711 985
403 319 856
762 226 988
153 416 924
468 312 859
288 721 845
842 79 950
241 338 980
353 500 821
404 469 959
65 289 880
296 781 826
307 795 835
685 398 933
465 172 949
664 301 856
293 669 848
672 402 978
116 310 865
936 468 986
221 898 948
117 260 886
310 181 932
840 486 843
407 464 905
103 12 934
890 632 831
767 300 898
537 466 968
198 891 809
497 802 946
303 82 831
159 725 898
438 905 834
505 645 825
126 387 983
462 948 801
815 833 998
129 898 996
77 202 988
779 915 853
453 378 911
1000 420 1000
114 993 944
507 693 861
424 135 996
725 381 849
575 413 950
907 96 810
675 165 828
102 325 1000
866 333 800
384 958 962
775 113 964
164 928 923
614 880 936
525 917 985
751 433 885
83 110 861
647 606 936
914 141 820
420 568 966
124 811 978
864 588 828
801 767 867
449 837 972
85 287 897
502 67 808
578 90 853
605 955 944
590 533 839
172 727 953
566 589 911
694 993 970
307 790 813
255 514 817
989 914 884
514 104 894
815 437 830
673 489 980
642 160 885
606 178 939
437 594 946
128 484 811
172 6 994
305 823 847
711 146 800
335 888 938
373 949 981
487 96 948
257 771 913
66 214 976
997 852 973
673 767 965
101 539 969
707 171 983
485 603 910
66 211 821
86 664 902
226 440 849
302 691 987
194 438 957
271 327 870
902 514 852
258 467 954
861 848 936
140 975 805
743 297 940
88 67 923
59 468 873
710 404 931
366 363 808
243 106 971
855 384 965
497 255 944
786 664 915
497 537 947
402 71 983
255 715 952
635 253 938
574 840 806
391 344 991
92 952 991
8 363 979
312 414 981
414 471 997
394 314 923
218 295 975
315 35 864
923 409 930
861 144 958
305 3 940
44 376 913
527 978 891
454 903 974
372 665 827
584 315 937
180 201 826
962 695 818
347 5 947
756 935 812
483 928 921
42 555 962
983 146 810
517 159 806
984 751 884
994 275 874
870 985 910
1000 536 993
114 536 932
829 884 825
730 927 801
472 142 825
133 282 944
21 732 991
753 790 976
829 140 867
962 704 874
165 432 953
437 953 948
809 438 864
796 609 994
73 832 928
211 562 920
971 336 883
450 360 808
674 128 922
965 838 801
391 383 974
362 403 932
677 407 931
666 262 819
898 701 823
667 638 866
139 233 940
939 246 945
984 424 965
600 703 954
217 711 815
814 759 827
647 602 937
809 586 979
327 283 841
413 351 961
180 712 895
491 564 844
387 927 809
918 653 998
771 596 867
5 802 896
213 806 939
618 632 970
529 45 834
251 2 950
18 7 903
832 95 929
36 60 914
453 822 941
68 695 994
841 256 945
903 807 985
367 742 848
54 317 818
76 428 851
521 888 801
465 165 831
354 238 998
818 631 901
292 756 973
63 809 922
989 849 807
937 427 954
657 399 818
384 869 913
359 74 988
867 843 877
904 877 870
24 368 940
894 154 953
365 610 940
395 104 959
143 422 899
90 67 964
211 868 982
114 142 933
66 996 847
121 917 904
953 521 963
750 882 901
784 286 986
682 406 951
809 792 977
272
313 221 964
243 472 822
276 830 940
488 935 814
373 185 830
453 670 861
475 610 924
598 499 929
356 366 919
788 155 884
387 682 827
628 547 948
679 583 889
554 270 859
49 189 925
237 710 981
877 678 979
950 528 995
531 589 945
452 874 988
711 928 902
539 550 847
543 706 883
685 589 897
579 373 865
888 700 881
211 135 911
113 539 834
12 211 877
439 511 977
396 730 832
276 652 845
447 26 924
449 552 990
409 470 963
744 589 874
310 111 898
919 782 947
350 115 895
666 716 910
894 971 816
824 42 824
612 394 936
370 990 937
778 20 965
639 474 867
374 676 806
141 531 926
568 321 815
244 321 810
884 274 915
532 327 975
969 192 944
601 420 827
714 499 878
828 849 850
444 993 803
676 484 990
944 900 889
846 302 925
561 498 937
530 241 881
825 969 990
6 725 901
672 675 971
696 523 985
613 791 933
582 570 921
954 906 820
465 520 809
297 437 888
603 132 978
692 814 975
333 308 984
773 116 988
845 137 966
977 334 806
46 242 846
667 820 966
569 512 919
279 913 992
796 806 889
516 616 993
976 924 927
495 717 881
960 988 847
21 150 960
104 21 967
303 827 993
794 912 800
684 362 874
640 832 989
746 231 877
605 502 839
781 642 958
373 5 997
844 546 944
24 553 896
665 146 986
706 486 885
737 642 922
909 703 859
412 344 810
873 244 819
861 470 956
948 417 997
604 591 984
533 539 912
571 197 883
943 181 914
887 557 934
395 363 850
288 110 928
205 61 846
332 519 822
650 920 919
743 16 904
65 872 814
735 418 978
393 929 874
718 457 824
106 430 908
463 385 924
479 178 826
381 145 942
522 207 867
17 452 939
794 188 848
420 422 853
122 779 922
836 918 881
874 865 933
75 111 930
202 648 948
605 460 874
709 139 823
185 84 944
220 521 965
499 43 926
427 701 891
552 714 997
992 675 834
842 432 969
762 766 914
254 817 978
391 536 922
195 879 873
329 51 947
131 711 901
659 367 873
856 423 859
639 515 958
488 101 981
58 968 816
321 906 982
91 435 802
468 32 938
96 666 899
100 640 842
827 482 871
310 567 853
460 7 851
607 987 846
440 100 819
969 449 826
761 429 884
438 538 837
302 353 993
753 622 820
285 748 863
425 168 933
38 37 863
33 411 984
371 101 860
677 924 990
502 528 850
86 649 801
666 839 962
17 713 844
198 677 893
859 173 906
30 617 898
440 437 836
402 173 874
325 567 890
740 925 872
435 788 883
917 979 939
942 668 980
712 497 984
422 172 935
962 120 826
540 590 803
512 319 981
624 393 871
475 62 940
330 617 931
929 652 839
190 897 962
972 751 867
380 478 982
47 747 914
751 879 873
959 245 892
196 42 898
799 881 943
495 65 803
848 273 800
570 222 871
535 232 951
102 724 887
679 599 960
405 151 996
426 975 892
80 557 917
307 878 815
837 989 956
559 14 824
276 847 834
100 427 906
475 214 819
128 316 964
679 618 896
438 237 887
774 586 803
134 946 948
25 289 986
371 440 966
302 662 972
306 360 984
861 73 870
928 211 972
962 603 872
723 949 851
779 814 888
764 932 811
971 63 824
740 465 1000
264 376 928
750 394 833
184 769 852
245 181 984
802 848 804
390 24 896
171 455 923
720 623 949
822 494 921
249 999 885
217 289 973
507 809 803
308 620 959
512 657 824
604 173 856
570 81 936
88 121 951
912 57 817
346 27 941
708 97 898
81 9 937
361 408 912
5 880 994
212 550 823
260 738 845
40 271 899
379 62 970
920 58 836
63 176 835
287 435 841
717 392 875
955 284 955
456 623 853
10 97 832
300
760 323 929
293 279 804
565 478 833
520 453 932
283 923 970
107 839 983
848 723 910
102 603 892
634 693 824
616 839 857
610 136 800
351 589 818
841 402 846
578 354 934
786 375 902
484 317 972
569 820 953
11 316 936
939 725 924
592 481 841
336 92 980
160 654 926
205 308 834
923 469 993
573 997 902
275 492 804
714 882 880
48 648 999
951 120 859
563 40 999
16 465 845
505 164 890
389 512 953
817 423 987
548 398 908
7 841 937
158 846 927
707 848 807
531 717 979
461 985 998
520 621 936
466 98 961
73 922 894
661 203 946
970 44 932
334 493 881
523 247 896
71 482 890
981 873 970
184 630 935
871 883 935
143 341 933
605 746 851
84 390 911
401 486 987
333 831 867
690 204 840
23 170 877
149 760 861
61 575 898
187 190 913
44 130 825
315 642 841
919 279 865
232 821 973
543 124 901
68 818 874
270 518 889
613 672 993
349 495 910
568 545 831
651 704 835
444 915 948
56 747 977
769 870 839
49 331 972
1 278 883
69 414 989
422 946 868
377 801 937
710 357 850
344 646 860
379 228 834
453 435 933
527 496 813
669 844 882
102 685 973
239 163 995
836 202 890
590 749 899
138 162 950
801 111 859
132 204 829
801 217 860
990 215 920
204 562 811
591 385 839
409 750 985
125 257 829
508 437 931
473 105 965
667 956 894
813 193 877
216 496 996
396 609 836
217 304 993
274 974 999
581 331 925
397 735 952
792 147 931
770 681 924
178 354 841
60 609 893
179 883 800
913 1000 901
371 834 868
454 757 954
960 743 838
157 854 956
728 271 930
916 344 874
184 541 802
464 376 882
620 984 930
387 777 995
90 733 986
171 119 819
209 95 936
212 892 974
718 789 932
583 627 848
881 316 817
283 570 899
244 261 956
868 972 833
661 185 848
458 734 808
12 987 965
669 496 967
184 973 832
838 976 891
278 78 949
136 498 968
2 699 886
87 516 879
450 149 800
912 416 943
655 338 802
50 809 855
895 551 922
812 314 980
440 469 969
384 212 842
862 570 826
808 552 850
511 819 911
159 213 902
813 599 918
745 139 949
837 926 988
222 175 984
174 754 805
163 816 806
238 181 806
754 106 861
712 4 854
645 442 938
705 668 985
606 938 951
44 571 974
705 151 975
898 216 822
309 928 821
815 486 906
790 432 929
794 406 812
264 782 982
436 684 980
464 419 995
76 796 931
628 597 914
64 181 998
445 946 980
959 668 820
410 360 998
150 61 912
544 572 940
905 206 997
744 440 979
444 502 808
456 497 893
928 301 825
701 664 941
970 852 939
520 616 970
881 263 810
551 65 994
800 96 923
566 419 905
964 519 965
918 678 960
6 928 991
494 304 855
780 285 923
336 767 847
259 164 874
414 976 913
129 554 961
501 87 866
233 737 995
506 601 927
783 295 946
235 511 994
550 895 828
119 189 904
198 117 839
857 443 970
26 509 805
202 883 984
770 748 802
654 795 962
198 770 928
89 683 906
891 582 942
689 185 989
305 19 990
790 996 861
60 763 925
224 431 812
202 898 881
153 928 903
558 556 836
916 473 948
364 275 849
333 549 894
52 203 980
393 389 861
883 927 901
479 155 867
431 504 855
657 512 823
642 802 974
501 194 964
249 99 822
999 841 950
214 263 963
643 660 877
876 638 880
806 430 899
674 530 810
861 957 865
466 226 948
546 789 888
835 211 854
970 296 824
805 856 888
971 778 852
531 559 876
557 971 809
6 247 866
55 677 962
336 304 905
277 232 922
216 347 832
175 251 945
413 602 826
204 332 800
44 329 939
335 570 997
990 910 912
666 794 875
52 878 995
633 80 893
469 730 944
137 351 819
243 152 895
641 939 841
273 836 949
800 29 871
969 233 927
224 239 824
460 428 803
554 715 984
242 985 923
970 94 982
115 729 871
29 33 930
142 363 964
778 817 980
232 857 895
654 174 973
328 221 840
51 154 969
450 996 951
2 707 912
832 562 995
495 860 809
505 223 821
757 447 898
323 954 879
299
159 962 936
884 205 919
524 54 816
382 2 876
55 531 931
806 505 962
671 665 912
726 426 959
555 111 960
551 91 931
186 496 869
917 787 937
344 125 821
956 277 846
843 772 870
626 966 951
238 761 869
501 730 856
556 619 881
615 242 923
768 689 877
424 778 859
443 877 829
372 153 987
254 296 850
293 560 965
482 206 836
747 680 921
436 4 860
353 414 933
854 353 997
651 737 801
915 674 847
798 94 828
665 969 938
503 802 960
101 383 854
823 224 849
474 256 853
862 789 935
683 87 966
679 417 968
674 762 866
955 72 965
448 240 846
217 560 952
135 889 950
548 348 889
989 557 893
166 106 810
91 529 868
597 976 871
806 798 994
836 141 973
212 10 812
332 542 938
898 652 834
899 318 921
715 707 814
565 883 845
108 768 935
945 621 811
359 844 969
182 857 824
638 771 852
294 157 863
914 529 818
594 637 831
731 917 984
206 799 874
17 764 904
487 795 885
522 504 966
812 799 933
686 626 905
362 864 909
312 452 886
323 843 928
558 307 869
432 830 949
196 483 983
812 905 957
5 844 857
28 129 858
667 108 878
414 488 943
808 78 852
230 454 926
140 938 837
295 907 973
776 150 826
376 984 980
667 404 955
598 371 982
44 28 906
26 715 969
544 669 802
450 756 818
422 359 917
245 380 924
655 83 936
442 814 910
570 894 934
625 141 810
152 858 965
870 427 964
644 175 886
457 100 886
431 969 868
522 229 862
1 994 883
372 874 985
962 921 846
976 344 857
203 420 806
220 78 829
336 747 805
660 698 851
399 574 958
121 745 872
166 633 968
752 896 812
137 829 985
397 210 841
154 2 838
392 825 925
36 274 969
359 825 831
770 704 836
781 419 818
733 946 969
394 870 941
340 675 903
331 603 966
55 397 899
421 58 880
62 86 851
21 639 950
486 401 862
131 818 996
324 175 856
87 583 827
415 94 921
266 730 801
424 977 909
41 773 961
451 521 946
70 493 987
387 556 835
368 715 885
546 740 837
605 176 918
775 673 853
558 315 937
52 778 808
51 502 925
479 873 859
775 342 912
472 917 812
789 699 817
587 381 806
524 104 812
775 242 811
48 51 843
199 221 885
402 992 820
759 641 944
722 226 814
778 443 888
850 347 932
755 488 949
189 821 959
474 655 976
8 431 894
864 368 938
641 85 951
436 907 975
455 98 879
679 956 832
361 840 903
446 894 968
273 387 954
880 838 899
674 529 869
648 779 848
649 574 840
267 196 884
970 886 862
148 409 824
227 371 959
310 221 995
909 351 847
939 667 802
649 445 877
876 375 928
143 28 884
537 639 831
878 820 841
875 987 937
376 182 869
654 649 807
196 109 938
531 413 865
313 618 808
214 8 800
560 7 979
724 558 962
313 379 822
920 549 913
666 943 923
934 316 803
181 558 930
848 33 977
24 779 916
737 951 963
1 894 821
359 934 932
474 272 873
645 995 951
258 729 831
936 251 867
909 830 853
768 667 853
806 239 981
123 610 974
747 257 996
997 866 858
432 48 976
995 971 853
839 664 930
810 138 907
423 316 991
138 121 816
947 407 893
727 567 888
262 90 863
362 106 878
404 462 823
299 890 806
19 300 820
963 185 859
226 746 846
889 169 899
882 712 860
426 278 857
267 346 888
957 428 805
737 159 964
862 554 830
472 705 949
50 872 926
636 439 984
843 429 863
676 313 992
533 85 982
496 706 925
689 706 984
266 340 977
313 874 886
290 255 918
780 488 883
413 898 901
699 254 993
255 86 906
588 729 857
632 288 886
22 726 920
108 398 982
949 421 861
414 389 925
574 636 999
550 897 993
917 230 808
72 301 871
871 884 828
264 868 850
707 531 867
140 256 879
405 335 823
322 794 964
612 311 954
43 106 834
618 666 801
270 384 840
558 905 995
856 971 899
910 605 896
748 857 903
463 772 870
62 934 948
73 391 905
149 985 926
261 311 874
793 484 997
361 407 844
969 475 998
814 723 922
905 608 822
472 834 865
265
829 761 938
706 24 864
603 906 941
82 157 977
641 875 919
324 450 852
359 728 925
219 574 809
380 784 839
794 728 940
670 113 893
639 829 943
33 869 832
30 969 886
10 36 985
265 55 868
69 691 906
135 421 957
988 916 944
779 146 914
482 630 855
351 811 945
952 622 940
769 814 836
374 247 825
806 965 835
189 151 867
93 437 966
564 611 857
807 776 828
256 894 818
788 25 935
520 420 894
792 310 917
463 356 982
558 396 913
324 734 957
828 710 802
160 673 976
120 143 906
511 577 811
506 625 956
442 992 839
924 102 951
499 483 860
758 790 866
553 335 954
949 632 801
637 453 997
309 549 959
909 578 846
565 201 887
111 611 971
779 741 830
553 720 996
585 274 966
511 334 967
159 15 918
85 475 984
249 550 843
343 540 974
939 386 946
406 153 846
603 781 976
829 525 949
735 616 817
828 399 803
359 819 863
787 877 903
21 182 959
873 595 994
923 135 886
374 159 930
68 862 938
46 168 916
54 302 994
16 662 891
471 14 848
143 252 939
415 24 984
368 420 960
485 600 988
356 362 882
61 408 849
295 229 815
753 650 833
17 586 979
70 62 928
683 243 964
401 501 883
53 551 922
442 86 826
822 602 914
729 1000 951
300 238 927
151 1000 932
190 251 962
271 437 842
847 236 930
22 193 838
252 922 856
311 568 898
425 494 957
290 382 921
135 658 934
150 925 820
265 424 860
646 318 846
97 583 995
345 105 896
61 849 975
965 335 997
511 137 962
102 510 942
355 300 980
402 797 817
482 581 814
687 482 842
944 830 955
32 809 899
610 549 987
148 790 822
924 932 838
521 5 989
792 253 934
704 193 847
2 212 881
97 595 922
466 206 979
361 741 808
946 234 842
273 598 857
225 821 837
962 766 815
472 83 943
215 309 989
92 75 870
898 272 913
188 563 832
171 149 823
621 900 947
525 168 881
802 696 983
745 421 954
600 698 846
16 488 977
122 318 960
196 826 816
57 498 824
575 702 836
495 171 876
591 251 858
405 100 931
593 387 921
818 643 832
804 708 890
702 405 929
360 822 976
262 124 941
935 421 835
361 302 857
436 432 909
275 473 952
466 162 926
122 996 980
623 688 851
694 472 999
865 979 978
820 800 948
520 470 960
542 542 869
173 603 874
156 271 956
330 498 841
614 912 866
11 771 831
53 25 923
580 109 953
703 826 900
171 894 803
91 580 887
408 196 871
685 682 805
292 572 895
267 504 877
727 3 928
167 587 892
685 674 902
734 546 894
586 973 983
706 557 994
667 846 988
180 596 819
192 399 848
29 137 808
888 158 932
389 289 985
164 172 812
452 391 942
832 264 940
680 283 903
22 8 860
974 331 998
148 520 845
774 447 844
184 375 960
681 121 976
401 384 907
965 830 953
848 893 971
996 295 821
528 89 840
832 107 893
907 198 960
778 17 966
294 133 852
4 986 969
166 398 883
964 948 954
707 591 962
586 125 810
52 392 869
765 279 862
964 575 848
218 967 990
157 376 882
453 939 987
571 344 818
228 371 852
523 564 981
120 824 821
357 612 827
934 75 906
86 772 965
655 657 850
881 37 940
459 188 837
295 360 876
372 836 804
477 772 866
337 311 849
934 144 983
896 93 836
146 748 824
312 552 993
38 916 948
974 378 867
885 717 920
64 321 901
94 596 923
159 895 941
574 227 986
161 317 801
352 462 804
511 682 921
595 214 937
363 47 963
668 717 949
741 470 931
300 771 882
78 130 823
372 735 878
852 217 884
398 599 887
96 153 917
300
404 89 881
1000 627 839
345 572 845
583 674 904
884 947 818
656 953 948
903 352 857
126 155 816
703 139 802
612 499 850
133 851 867
946 499 985
164 466 854
660 716 939
916 841 826
445 694 944
693 805 937
707 457 923
527 185 898
274 932 949
856 629 803
934 981 878
413 822 815
668 680 940
574 126 903
298 444 951
628 639 999
727 571 829
317 811 938
60 130 822
810 830 993
388 33 931
239 30 924
528 883 931
76 818 830
191 528 975
51 498 855
221 778 917
658 255 906
98 286 963
889 19 962
645 692 936
430 531 822
825 826 916
512 91 867
392 100 801
714 929 981
526 447 998
714 5 852
928 839 867
561 559 811
941 214 985
260 691 983
740 71 869
788 618 911
847 923 835
105 130 861
351 859 816
500 63 831
545 181 806
414 90 990
776 667 898
572 378 815
948 945 858
502 841 930
122 790 967
487 689 950
268 262 824
501 895 827
563 142 816
211 199 801
923 600 811
702 937 912
87 136 932
343 564 885
878 647 836
727 401 843
724 303 822
64 425 874
44 543 844
850 906 895
862 336 860
91 927 986
125 368 883
788 246 990
115 189 974
617 735 927
871 581 975
320 762 955
390 245 932
628 105 976
584 543 816
979 679 894
333 696 956
589 575 939
849 433 804
895 505 972
261 309 918
16 705 883
286 379 815
562 73 985
395 797 822
620 281 994
562 114 861
182 853 960
122 368 907
726 958 849
599 492 851
129 836 864
626 69 941
733 324 813
728 598 846
797 877 1000
742 972 959
733 56 882
722 601 940
751 503 892
787 590 965
838 510 941
164 174 856
42 248 908
5 98 829
739 620 974
852 479 970
115 289 953
100 224 975
614 574 937
627 704 878
948 734 907
257 239 989
145 474 933
990 304 804
819 912 930
612 392 830
13 820 999
205 835 847
34 365 993
423 74 995
365 154 982
510 776 832
599 493 869
817 727 960
361 415 956
393 725 969
556 45 957
182 252 955
613 170 962
572 153 910
518 589 992
740 955 832
34 269 929
774 383 831
591 723 871
566 146 860
858 208 821
622 623 823
758 560 957
83 755 945
102 838 998
203 654 804
276 536 896
70 460 853
337 693 817
99 59 877
87 37 969
918 590 949
188 824 957
982 499 863
689 603 994
453 792 953
155 631 927
778 420 840
192 603 981
634 996 899
308 731 832
528 3 888
461 498 947
552 430 972
565 301 808
371 216 938
343 784 804
663 514 881
101 702 810
614 462 995
808 644 900
561 589 812
871 414 942
892 182 895
636 45 936
444 953 952
981 871 970
384 988 837
655 72 986
253 916 999
9 513 958
317 822 923
310 919 854
209 999 860
339 374 896
349 618 801
827 894 847
427 497 1000
80 853 917
156 247 918
604 302 935
371 572 905
503 825 983
395 120 982
866 308 978
308 188 936
996 841 855
288 334 807
68 321 815
11 861 954
767 16 827
315 765 954
387 729 808
188 156 826
916 189 917
760 597 941
38 534 854
599 355 828
947 682 816
554 296 992
14 493 890
573 199 945
223 742 933
772 808 990
425 774 801
749 292 977
633 141 805
160 232 868
657 582 802
372 318 949
564 589 866
850 752 809
659 142 944
326 767 995
721 1000 868
748 972 949
466 419 933
32 637 934
402 799 848
466 236 809
492 334 985
440 843 898
73 92 818
413 83 907
451 148 808
57 774 924
952 933 855
634 682 929
819 789 954
82 656 877
56 629 877
386 580 967
112 807 940
206 62 977
341 580 930
273 266 881
783 882 893
459 636 898
854 309 809
897 142 986
585 404 998
613 325 859
592 781 866
542 914 986
214 492 934
890 125 881
178 465 964
770 536 946
246 976 869
462 2 986
656 166 877
57 329 804
160 769 949
751 509 979
26 120 805
588 425 849
197 916 903
319 787 856
356 302 907
992 55 981
939 106 934
79 424 854
989 810 832
518 136 941
829 703 922
512 776 954
538 452 838
11 458 991
40 916 830
594 358 997
499 678 828
775 251 913
461 406 941
416 808 814
187 991 914
96 234 930
300
823 625 905
743 437 941
914 413 978
59 358 880
146 916 828
946 855 938
286 140 877
549 53 902
170 564 877
721 668 986
558 624 807
133 443 859
466 56 802
4 354 895
745 780 845
955 459 921
523 195 947
923 432 923
137 6 900
746 837 887
107 111 857
510 558 934
549 655 909
842 986 852
299 279 916
877 801 803
697 45 950
447 163 955
390 42 859
126 922 953
938 274 841
434 889 994
559 957 910
916 869 927
149 541 985
109 196 898
978 304 810
333 908 929
224 494 971
513 22 958
383 118 924
905 108 831
485 877 834
881 351 894
908 375 870
336 917 869
396 426 926
990 993 932
586 655 849
58 700 866
80 963 950
108 507 927
349 438 921
462 762 922
879 467 840
641 409 937
359 185 971
566 268 910
396 687 827
683 528 905
76 461 849
288 891 893
47 514 964
81 436 952
684 721 826
61 308 837
889 720 983
598 723 891
318 763 902
451 655 947
715 797 993
220 81 969
354 471 975
380 953 882
718 173 848
45 157 884
60 70 982
359 532 946
290 987 802
905 424 959
862 426 860
444 597 891
137 972 986
245 347 849
988 221 906
162 555 964
154 115 937
24 304 927
200 793 826
851 756 813
577 757 917
406 70 806
870 856 963
316 665 918
229 420 963
23 816 968
471 732 870
424 191 960
855 887 937
839 884 855
552 949 846
620 870 858
743 190 825
582 654 932
898 240 873
194 332 965
943 1000 958
447 140 958
857 596 871
697 113 932
344 503 968
203 241 920
423 317 858
809 107 898
659 816 921
957 925 898
465 163 981
185 417 859
207 222 901
693 921 814
567 226 855
539 609 800
680 334 856
96 534 803
270 25 988
164 317 959
115 2 938
364 301 820
143 397 932
999 168 865
5 864 816
903 598 806
927 950 951
841 947 972
924 155 944
711 723 980
839 911 886
860 628 872
50 15 916
113 588 890
108 697 987
774 643 833
743 38 896
340 643 875
710 686 882
633 94 914
918 64 938
732 919 841
978 888 997
51 572 802
749 12 884
226 299 900
954 513 925
654 164 892
39 562 992
865 262 949
379 794 843
87 733 950
612 619 831
801 699 977
836 391 896
297 437 867
789 197 952
390 937 907
451 199 907
177 413 889
546 587 810
743 202 964
353 38 929
33 513 945
318 832 872
322 573 996
579 93 838
391 843 897
648 273 968
92 798 865
170 23 907
709 358 860
194 386 977
547 203 864
657 508 997
33 893 812
452 622 818
326 871 828
660 239 811
100 436 953
880 602 996
770 456 890
885 698 830
926 827 833
693 408 890
669 451 901
502 503 832
766 760 917
70 598 856
252 525 845
613 271 909
516 740 930
10 198 837
303 698 923
249 829 862
753 564 852
4 238 961
514 736 927
520 505 829
75 31 979
994 599 968
76 498 827
771 447 914
660 404 937
712 360 841
369 608 951
966 775 940
514 875 969
156 475 939
178 91 941
202 133 950
670 161 867
458 412 830
633 236 843
164 289 895
103 318 808
88 815 837
336 900 947
846 79 926
143 345 1000
640 785 820
370 771 984
764 294 864
962 169 962
395 484 948
310 443 950
414 466 876
340 187 968
491 494 918
33 76 862
738 532 910
690 977 841
14 776 919
443 440 939
25 430 943
310 31 1000
367 857 933
414 862 922
703 794 824
318 398 926
694 795 849
596 697 909
757 274 931
963 435 861
501 322 857
961 232 897
809 520 948
132 7 926
916 514 827
787 638 911
971 598 982
554 862 998
252 344 928
335 673 863
384 196 868
900 475 898
165 694 878
324 973 951
1000 463 851
283 664 886
682 361 930
840 993 933
337 478 816
813 184 943
770 917 917
105 950 800
572 789 919
475 823 984
511 886 816
83 597 822
750 844 870
197 38 970
729 38 889
510 192 898
606 223 971
611 243 810
426 635 884
335 974 946
803 981 833
212 621 988
841 488 935
972 953 984
853 156 816
41 737 822
409 930 882
515 417 846
817 834 983
657 506 909
441 259 893
234 137 977
136 291 852
797 802 848
580 592 986
238 207 1000
257
455 865 913
308 84 806
60 403 888
294 504 833
283 883 893
453 300 846
317 878 825
398 26 930
917 701 969
284 173 811
68 846 852
728 372 901
874 470 999
511 752 843
480 652 808
293 919 872
322 712 835
624 32 964
249 916 811
310 104 976
721 370 923
993 437 998
919 760 800
867 698 893
598 584 888
198 43 929
203 331 811
942 139 860
526 464 854
274 259 914
738 328 818
903 436 946
616 541 908
958 111 822
719 843 877
288 436 872
880 422 970
495 408 989
632 236 947
904 659 817
677 205 913
791 690 983
334 146 952
394 81 860
45 867 889
505 836 929
24 636 870
101 839 862
175 472 911
152 890 813
350 39 839
524 778 990
358 605 953
183 605 826
16 245 803
485 869 851
402 893 860
727 800 981
942 986 964
532 62 846
216 709 871
934 955 972
912 558 822
264 126 810
904 330 956
989 105 803
966 768 822
930 299 955
820 57 936
631 460 830
510 224 816
195 143 845
277 119 970
775 766 887
595 283 862
893 97 936
47 169 977
353 639 971
850 817 915
975 897 864
386 850 906
429 204 879
94 983 948
315 735 853
306 498 986
505 812 990
963 383 889
329 371 939
558 187 816
166 756 906
525 29 939
668 499 894
674 604 807
320 714 879
496 66 919
34 778 900
479 792 955
57 467 907
783 467 825
78 165 863
263 334 896
85 535 864
96 921 953
23 287 956
692 721 931
676 585 975
443 857 817
689 260 883
777 904 867
341 786 807
561 147 979
1 104 911
693 125 928
664 294 986
905 741 976
155 431 954
477 479 837
977 515 919
50 599 888
630 716 917
984 690 931
490 567 821
863 926 885
876 452 882
611 652 861
592 712 824
988 315 892
381 466 938
173 984 991
866 868 924
596 755 924
387 851 889
106 565 870
839 417 942
820 399 859
213 697 909
514 397 944
423 204 945
191 524 827
278 651 986
105 680 932
207 428 990
442 674 829
157 785 991
335 897 860
24 470 955
727 431 811
517 242 941
495 246 934
646 833 979
157 867 829
116 752 856
114 363 907
675 625 993
652 572 894
134 864 954
19 989 827
772 102 993
963 697 949
242 389 849
955 585 802
569 548 955
116 849 806
417 364 994
180 548 898
15 875 998
396 147 921
324 199 832
568 458 959
367 334 974
918 453 971
549 500 821
129 866 888
830 198 928
303 631 867
339 902 819
600 855 970
757 126 855
889 55 922
824 249 996
929 734 993
329 278 922
322 197 883
420 471 805
315 348 986
810 411 893
980 151 990
194 335 804
435 184 821
222 539 882
933 621 803
544 659 1000
912 219 959
397 483 925
383 203 885
57 200 911
846 93 872
84 259 943
127 347 881
228 280 909
108 713 809
972 703 936
752 355 999
13 449 841
808 141 994
210 110 800
975 793 837
113 453 919
177 541 985
48 277 839
470 28 849
788 842 865
474 408 967
280 298 822
851 653 958
365 242 882
204 735 933
326 715 961
616 751 900
174 194 879
146 3 999
253 911 957
395 29 849
143 429 947
900 118 867
534 634 993
141 579 846
890 704 991
134 111 978
438 27 828
517 953 884
486 797 865
616 992 872
991 831 839
717 774 964
870 746 873
839 266 956
444 710 834
514 520 914
345 977 897
945 949 842
7 315 950
142 407 881
690 831 843
554 722 996
189 54 940
879 553 889
39 232 895
803 812 815
135 283 997
615 61 993
236 600 828
375 160 908
809 595 901
732 899 999
767 921 944
543 579 956
297
464 19 888
856 93 804
362 168 894
154 254 934
59 834 917
973 969 817
148 30 826
697 657 827
535 739 948
486 69 990
213 770 808
727 655 994
445 859 835
781 302 870
55 417 875
23 279 934
712 80 938
334 850 801
208 637 948
838 547 804
713 861 827
179 510 840
113 153 896
593 760 812
923 409 840
928 82 901
985 567 873
86 863 845
821 750 917
534 121 845
385 524 800
721 736 871
661 788 970
778 156 817
216 728 967
831 332 867
321 86 982
221 126 837
39 609 834
124 473 862
438 354 901
836 416 930
60 615 983
414 152 873
611 492 900
431 652 905
177 560 873
729 1000 894
205 81 951
11 892 944
155 891 970
347 722 949
843 318 856
802 363 813
86 855 891
536 837 942
513 873 844
224 640 801
253 699 818
390 34 830
999 908 867
47 16 828
109 565 833
240 967 969
833 335 885
434 58 815
153 301 992
268 157 909
903 148 836
763 867 807
13 10 810
351 516 954
636 803 954
758 409 921
686 698 975
478 972 962
905 174 964
270 10 945
14 227 931
189 676 894
649 764 830
870 957 857
482 415 996
490 437 838
116 121 998
759 518 963
821 578 914
616 966 968
823 778 816
14 501 954
69 188 944
855 775 842
344 243 815
124 789 857
699 371 978
248 8 914
597 978 878
775 215 961
790 376 832
843 426 875
156 19 890
862 982 836
262 119 818
308 250 894
650 517 933
927 578 884
835 42 902
343 891 927
414 242 802
810 400 865
726 444 850
746 171 817
764 593 1000
877 126 864
76 48 881
9 83 811
109 349 979
888 553 932
8 746 906
457 290 932
324 156 870
113 121 989
704 459 988
497 704 820
793 811 901
39 786 940
941 479 890
898 477 906
240 303 830
345 619 907
997 200 920
756 265 805
96 172 858
70 937 900
403 706 802
889 660 812
750 376 912
500 498 839
852 311 933
986 822 878
210 254 926
452 772 874
985 771 856
456 605 896
327 998 868
162 262 882
329 391 813
994 892 874
725 866 908
903 316 965
926 904 813
316 929 945
296 752 974
289 565 855
374 302 829
124 548 1000
753 548 866
671 894 965
474 816 998
620 141 1000
314 397 955
544 751 917
488 229 968
189 76 939
652 374 885
59 891 990
843 530 884
849 881 943
666 940 943
767 98 901
751 233 903
502 924 928
717 685 952
818 368 913
416 830 832
383 339 928
185 885 978
524 429 960
482 618 852
100 337 960
836 584 990
563 781 817
616 586 977
928 787 854
612 573 983
358 448 884
831 135 852
448 28 921
360 807 857
637 586 862
242 510 946
617 992 952
11 517 959
108 346 828
887 199 830
360 434 820
446 913 969
102 212 805
590 504 935
409 457 998
741 538 992
110 648 903
102 201 808
611 308 927
320 812 815
54 235 979
370 919 810
56 596 850
81 613 979
771 700 950
222 227 885
64 49 823
395 176 909
884 382 957
125 282 828
501 105 887
135 131 918
280 786 993
556 645 851
286 158 880
390 299 920
711 860 966
134 777 843
174 607 890
972 981 972
438 444 946
408 223 831
540 644 890
704 261 953
22 372 971
84 186 955
531 548 842
984 665 932
764 686 815
985 358 905
49 353 929
602 372 907
40 253 947
471 661 844
714 440 908
210 942 821
487 793 957
501 809 877
220 716 890
800 256 928
491 54 939
669 160 890
99 730 953
697 883 987
928 220 808
580 105 819
757 564 881
67 672 851
375 326 962
637 98 800
885 216 825
84 743 934
317 909 862
613 875 959
129 457 908
314 330 863
299 740 813
278 122 881
46 122 837
145 17 873
662 963 897
406 648 818
201 40 853
603 798 847
646 231 878
559 856 858
789 351 836
145 736 867
417 278 844
743 669 960
522 346 811
845 827 807
719 174 844
304 610 983
859 526 823
874 588 974
293 533 888
983 706 838
453 861 822
432 710 800
612 183 812
143 384 862
908 157 906
691 786 825
666 558 812
773 669 928
56 264 902
74 889 855
630 267 939
379 543 863
66 796 902
906 250 908
0 216 247 50 68 268 127 103 82 19 159
34 0 260 220 250 163 200 299 258 237 180
179 108 0 280 255 241 265 167 21 293 178
210 142 16 0 278 172 281 254 184 264 195
164 0 11 262 0 3 250 92 251 15 14
7 131 200 91 87 0 35 272 157 149 103
229 251 216 15 168 79 0 166 139 243 244
258 86 299 137 11 42 191 0 242 286 67
168 298 82 211 169 113 130 14 0 79 122
20 159 250 49 261 288 49 241 221 0 6
134 33 52 186 200 214 70 176 248 67 0
