13 6387 900
272
682 282 853
653 997 839
161 950 949
912 224 965
93 837 926
836 962 983
577 215 901
901 711 913
608 705 975
425 959 947
3 46 911
246 508 934
891 272 899
956 919 932
840 554 988
645 198 834
770 568 967
906 441 894
495 626 828
88 310 867
277 750 910
677 338 911
626 492 897
620 658 825
800 343 817
568 313 820
693 265 954
839 348 892
43 102 962
805 699 996
204 805 805
668 530 820
786 467 939
993 919 828
140 82 861
785 661 961
379 345 978
252 905 973
207 107 819
778 900 856
477 301 904
292 57 936
867 771 895
997 520 829
973 307 968
801 907 968
393 390 893
374 360 864
921 539 924
889 767 891
288 949 971
258 445 949
903 902 942
915 265 925
257 964 949
142 293 893
341 203 922
606 79 843
755 173 950
319 929 802
33 135 846
841 224 828
911 796 831
138 929 803
776 254 843
426 465 977
763 587 943
635 173 913
833 157 936
498 608 919
648 389 917
216 716 892
145 434 974
93 651 963
422 829 879
926 47 962
151 352 902
4 856 904
213 351 828
608 701 901
295 270 875
485 629 986
908 300 934
285 14 857
657 239 838
343 142 846
268 872 830
640 178 801
753 305 946
673 205 879
500 477 807
729 610 836
566 688 865
866 355 933
876 288 870
392 107 829
654 146 993
680 842 807
644 697 919
591 457 820
126 195 858
580 173 934
157 93 916
127 999 899
516 401 945
978 260 986
596 461 996
64 129 887
792 318 931
324 755 809
540 294 874
35 493 882
140 499 812
398 249 944
419 945 841
761 132 820
34 209 980
88 484 864
106 786 828
388 147 945
436 152 816
417 9 988
176 435 953
811 798 833
635 787 821
81 302 816
205 841 984
825 377 851
11 832 899
572 555 877
33 188 951
356 919 940
147 378 890
644 418 924
396 137 841
288 542 927
711 936 910
69 468 877
14 465 974
91 679 965
616 118 904
233 766 840
647 442 933
400 8 859
17 241 982
372 117 960
773 27 951
839 364 947
506 437 997
703 280 933
651 649 875
465 295 867
430 217 874
775 749 826
519 15 978
919 309 834
527 727 939
900 497 911
305 359 875
786 994 909
751 246 847
493 482 825
585 557 905
98 833 955
726 906 927
561 590 888
319 19 801
121 152 828
473 665 851
61 516 993
586 371 925
815 448 983
503 566 977
547 167 866
196 291 988
582 215 934
900 80 820
183 569 987
819 162 946
925 383 848
265 986 966
890 988 853
432 238 851
776 567 950
928 18 973
674 40 954
737 31 916
636 231 915
498 444 895
589 978 984
185 643 981
533 471 940
850 54 916
227 601 885
764 234 904
369 759 863
241 484 874
139 105 982
693 666 800
92 757 912
162 603 976
403 602 944
731 298 933
469 476 897
486 464 854
435 512 949
917 569 944
389 625 921
360 441 870
680 891 940
732 718 856
797 238 840
687 568 928
179 295 952
464 759 860
391 162 955
185 445 962
434 986 917
23 197 971
290 605 987
484 611 887
844 163 919
659 620 943
161 174 808
549 919 851
630 183 995
914 661 956
818 839 933
795 215 824
851 932 980
383 414 801
624 725 941
83 79 982
534 264 882
310 183 909
740 619 874
764 235 891
696 385 901
346 628 948
342 726 947
450 98 976
598 509 886
16 440 863
959 656 908
845 383 874
257 113 925
11 222 898
256 536 872
881 409 926
519 116 994
656 816 1000
858 926 920
389 362 805
255 675 924
457 26 866
190 377 855
135 946 993
575 885 895
380 334 948
476 555 855
900 571 901
519 430 984
539 968 998
238 161 846
291 244 833
509 782 866
172 80 840
900 894 840
73 480 829
722 280 998
529 165 913
600 935 940
268
909 946 811
958 313 923
391 936 805
518 652 941
984 937 986
802 605 843
410 186 998
921 161 927
126 217 910
509 372 826
712 430 966
706 190 853
531 255 885
402 534 975
222 819 978
183 684 848
397 638 823
961 972 957
323 613 910
274 985 956
192 234 875
407 646 868
238 804 986
520 508 887
753 968 902
586 839 909
343 11 849
899 747 951
253 67 842
719 726 936
851 186 948
858 694 926
946 230 945
294 605 807
435 206 861
542 979 877
466 671 829
339 868 884
980 471 928
757 842 969
621 95 872
53 725 802
142 215 804
897 424 882
485 717 805
952 783 875
870 103 906
56 23 861
618 715 804
285 5 954
78 587 952
580 474 866
558 726 945
423 342 901
506 67 828
778 300 865
481 896 871
222 221 895
43 571 927
484 599 807
188 823 898
21 104 865
775 298 974
737 751 903
487 813 838
278 483 964
709 964 966
738 351 802
229 967 858
243 356 901
306 306 916
5 992 987
805 329 869
516 447 991
273 327 925
996 752 998
97 343 991
526 410 864
140 26 852
477 431 817
160 811 978
880 519 833
630 713 879
353 705 941
22 484 812
294 167 933
452 130 981
7 688 908
881 179 816
417 931 996
541 570 892
449 122 943
220 534 869
187 92 923
951 777 956
267 965 823
310 999 969
357 202 986
371 874 954
561 816 967
378 931 832
962 998 821
718 653 999
120 644 899
446 862 975
811 362 994
681 46 894
770 517 887
606 396 934
283 518 888
527 317 989
557 659 910
560 23 883
667 131 965
372 918 855
954 549 867
519 958 925
405 353 978
154 753 993
80 451 929
643 546 975
859 883 929
780 249 924
928 457 910
309 192 949
679 984 904
621 503 960
177 929 876
990 964 916
83 162 993
535 910 861
396 15 924
647 139 936
104 569 923
895 462 984
150 21 870
792 502 1000
449 271 926
854 628 912
131 575 962
444 620 924
727 307 805
296 71 802
16 334 828
232 478 938
44 696 977
662 522 941
278 894 894
241 731 961
539 357 908
438 694 817
292 234 921
518 987 897
228 829 894
831 743 936
83 390 839
200 614 903
699 566 884
496 348 964
761 922 876
287 5 810
936 116 817
224 202 959
753 179 840
342 933 824
238 381 811
870 376 940
864 771 898
172 402 830
942 781 816
728 674 990
960 726 852
579 655 919
35 385 963
174 856 914
294 925 961
498 488 847
853 862 804
574 285 947
829 349 975
733 283 984
361 162 842
375 475 876
803 447 906
194 184 943
949 263 852
977 780 892
369 743 944
428 271 838
582 733 996
216 769 824
61 1000 806
826 545 991
228 375 906
191 77 971
906 764 870
534 779 980
939 354 850
137 536 847
565 222 821
312 368 945
874 492 973
664 518 961
583 434 954
131 910 834
686 769 859
232 208 878
120 970 975
957 974 861
429 709 848
483 376 873
64 433 821
794 478 910
429 224 901
877 711 949
565 961 804
383 201 990
965 451 833
335 920 925
370 799 944
529 819 925
449 613 960
438 437 993
829 403 851
933 776 980
32 170 967
827 903 801
854 715 816
56 500 894
847 585 898
554 160 917
365 471 847
167 250 916
654 724 953
221 434 827
698 420 830
157 88 883
656 498 905
505 351 987
340 891 929
458 303 896
437 326 987
109 666 967
349 458 910
328 221 998
969 623 817
904 50 877
467 80 912
982 76 906
116 368 911
635 276 891
447 371 937
679 603 933
930 575 956
209 928 908
607 379 923
618 754 903
683 192 912
4 152 967
893 798 927
106 585 837
203 257 1000
960 22 833
800 565 942
670 399 870
960 181 945
879 582 850
856 427 972
278
453 442 979
4 632 910
422 676 810
27 598 806
539 1 934
248 318 926
379 196 947
832 327 941
647 447 831
695 919 958
645 935 870
780 510 927
875 705 869
366 818 899
575 605 820
652 101 981
262 761 872
658 486 954
386 432 881
993 703 959
880 59 935
206 860 956
801 391 922
647 797 947
80 416 937
466 516 924
597 549 872
288 745 840
64 621 804
944 140 986
752 473 826
287 195 880
109 178 918
112 726 903
572 430 858
975 33 902
50 430 978
859 864 836
699 554 1000
188 568 943
572 872 829
89 901 997
734 825 863
366 887 835
629 45 869
797 833 945
809 882 822
851 523 869
668 807 822
942 886 936
315 950 958
756 777 861
953 42 813
670 516 954
953 166 826
245 514 817
659 207 872
596 722 877
482 556 941
944 880 831
628 220 977
924 768 920
778 359 829
697 444 937
705 960 928
364 848 943
137 233 930
441 114 886
725 456 863
343 798 812
267 178 976
556 673 806
988 942 853
148 181 873
47 765 979
669 502 894
219 439 909
742 563 892
139 384 973
119 712 924
661 795 919
891 738 911
236 254 850
900 611 941
477 935 994
967 63 968
848 502 878
385 455 816
417 933 937
224 108 877
871 276 877
622 887 886
987 184 867
546 432 930
11 549 962
935 141 973
760 490 908
682 252 987
93 213 945
536 283 893
66 552 951
389 663 964
458 235 848
362 818 938
632 186 826
760 265 884
664 513 948
889 61 836
107 614 983
208 721 886
603 343 966
681 332 815
761 428 939
82 952 891
748 575 983
378 939 832
892 314 807
185 781 928
479 576 995
585 291 846
522 159 920
333 530 960
763 805 906
32 270 851
45 385 919
672 796 994
795 53 940
627 109 940
706 978 816
689 813 957
761 106 946
572 763 864
131 325 826
300 923 811
560 749 826
798 345 844
15 315 952
382 824 946
63 879 859
691 467 922
751 282 850
987 345 983
59 895 910
551 495 932
873 419 897
833 170 964
196 897 914
325 899 959
335 193 805
21 663 966
349 362 936
807 766 987
615 927 958
835 82 937
470 815 830
904 251 912
354 608 823
704 634 991
619 926 963
485 900 861
991 47 915
970 816 908
804 177 859
109 347 870
48 87 910
588 154 943
821 640 986
214 912 926
609 369 894
861 50 934
830 630 884
753 224 974
222 52 926
359 773 931
234 121 820
891 730 946
756 214 965
218 591 908
898 652 976
661 138 836
861 310 995
353 52 823
698 526 892
971 440 837
887 548 882
114 102 871
816 987 807
262 952 801
11 164 928
937 68 990
282 744 903
19 218 838
264 737 847
555 150 825
718 625 843
4 937 884
271 982 814
669 372 902
114 21 862
220 142 970
751 541 933
533 687 817
548 182 916
773 268 969
584 794 914
125 413 869
657 340 859
484 764 934
338 247 968
573 367 801
152 56 980
842 128 907
846 688 864
647 604 900
966 276 962
203 618 941
818 190 902
523 357 838
746 560 976
8 580 942
655 590 896
203 689 879
416 59 918
247 768 880
820 656 975
166 584 849
352 986 852
600 359 970
90 363 966
232 338 980
814 395 869
15 964 868
695 534 836
798 256 884
473 935 933
159 368 942
494 606 868
764 151 996
30 176 889
163 813 808
188 381 952
496 530 940
717 478 896
12 46 986
898 87 981
678 743 985
417 746 901
9 563 824
16 493 838
741 687 945
627 382 874
728 552 890
374 540 859
159 761 823
837 48 902
232 132 867
819 341 972
923 45 995
944 501 827
257 36 838
232 789 927
540 483 892
657 186 822
695 208 950
907 548 844
288 420 866
358 898 996
621 363 839
311 359 931
556 909 951
691 381 822
118 405 896
881 696 934
773 753 851
889 821 977
148 187 931
586 235 985
351 870 985
293
938 706 831
819 562 923
490 167 940
477 579 863
317 295 968
594 512 803
752 120 977
660 1000 828
254 362 996
184 139 843
87 458 900
494 467 930
888 407 888
889 866 957
292 781 883
319 741 1000
722 97 837
44 57 940
15 166 836
27 388 809
726 558 921
165 998 941
206 515 845
582 912 948
740 79 828
477 339 803
265 41 807
971 101 852
654 698 831
295 465 924
469 968 900
128 310 964
91 602 962
299 146 810
748 827 912
334 518 894
334 675 900
356 452 887
233 571 866
923 415 881
429 544 922
76 522 956
510 548 802
153 949 955
13 656 881
549 708 894
904 644 966
359 594 938
596 747 873
815 253 914
144 241 839
413 49 984
259 727 923
687 898 858
609 674 910
618 805 957
28 455 994
668 664 851
983 554 890
840 842 815
15 176 924
810 468 921
660 251 838
293 193 879
573 245 876
393 330 825
659 303 871
330 742 934
887 626 814
597 1 803
575 958 948
397 587 934
630 2 982
926 11 916
579 981 880
184 780 942
75 348 855
863 424 800
522 267 886
642 379 900
398 783 908
497 714 947
413 476 900
139 588 963
154 700 994
680 528 866
74 200 940
170 760 882
189 115 971
226 333 918
754 395 865
793 420 887
202 386 974
29 192 986
8 421 996
717 624 828
288 187 822
551 180 926
423 417 804
385 299 801
227 204 895
22 655 909
275 552 970
162 468 852
360 584 994
472 61 820
548 109 885
922 241 975
395 123 921
250 452 826
457 8 825
8 585 921
410 855 941
379 976 881
760 990 880
508 171 973
610 60 908
560 791 983
849 661 814
373 72 993
359 201 803
927 403 906
722 987 963
636 3 837
670 918 839
470 293 913
122 270 833
985 374 973
493 837 966
892 471 891
313 235 816
691 837 936
735 618 912
549 631 999
732 673 862
722 355 952
971 328 861
449 984 909
627 428 889
80 650 875
339 485 938
979 162 874
125 477 976
705 861 978
720 867 926
524 432 943
929 295 990
8 704 912
458 815 867
599 879 876
484 794 894
459 69 891
67 507 962
220 587 829
744 394 978
787 439 850
387 222 995
719 420 928
833 454 886
872 392 821
827 953 816
697 203 837
264 116 804
145 477 907
828 995 884
356 391 946
394 657 963
302 326 949
71 316 1000
761 741 972
151 235 911
440 321 888
981 178 910
956 49 882
510 801 919
773 694 888
158 481 1000
348 144 990
134 384 803
887 979 887
997 909 997
605 888 865
205 614 982
884 927 834
696 897 823
440 836 988
347 752 839
502 497 808
58 1 909
224 275 817
325 326 825
882 872 974
914 449 943
981 672 853
228 172 879
818 650 872
763 751 835
730 266 935
893 369 965
261 655 869
268 834 813
697 122 980
25 105 869
388 157 957
352 651 840
476 546 927
373 117 951
621 205 957
238 475 992
947 666 812
25 887 863
690 626 885
632 607 961
339 907 933
107 49 954
313 879 864
974 497 856
67 263 974
691 94 974
27 311 905
489 832 994
607 236 868
438 533 826
615 229 837
346 461 833
655 919 881
989 987 850
542 852 900
963 62 943
968 29 962
453 632 836
551 590 937
419 717 903
999 841 931
312 358 975
155 615 838
277 159 892
131 459 887
304 255 963
840 1000 888
471 984 904
474 390 943
265 703 978
104 487 983
317 36 823
296 191 987
990 612 888
872 284 898
957 357 914
381 586 932
1000 851 949
340 899 844
571 594 910
102 415 991
308 475 921
928 151 843
588 219 922
610 175 992
292 202 915
422 915 891
957 80 856
140 865 854
419 582 852
197 257 848
171 906 852
773 562 944
532 923 894
349 973 963
555 759 857
113 206 808
402 465 947
382 593 895
225 832 890
791 698 967
230 645 965
729 41 844
419 436 949
540 220 865
94 325 961
188 686 817
78 980 862
503 943 887
579 671 879
944 733 986
621 470 835
708 162 949
56 857 946
292 718 994
967 565 839
59 984 947
376 256 857
569 160 914
919 326 937
258
311 513 843
867 471 862
834 313 990
571 202 856
427 349 878
799 97 974
521 614 884
977 805 977
186 415 825
394 831 902
255 390 930
307 571 900
1000 5 971
362 6 983
928 346 920
223 982 966
787 762 863
214 90 925
853 811 829
446 99 903
405 219 879
138 706 933
291 467 964
951 819 867
679 377 802
758 480 935
899 326 959
194 386 865
298 492 834
405 180 905
202 515 829
63 369 912
454 500 851
944 464 910
832 166 931
831 725 956
950 296 877
122 627 988
787 383 940
999 256 855
200 249 931
611 856 931
946 49 827
250 381 879
903 717 829
375 214 869
101 758 802
414 367 851
762 119 962
343 704 965
354 360 931
596 225 825
173 147 826
405 117 970
127 583 897
402 524 938
253 581 885
90 831 950
805 528 909
931 926 988
414 241 898
137 781 809
313 427 878
787 16 813
95 914 839
499 43 858
939 562 985
790 365 851
786 446 861
988 270 959
713 774 866
872 896 920
294 142 908
578 835 1000
395 467 924
596 845 833
799 976 877
259 720 849
334 577 966
72 52 992
379 830 867
222 871 913
44 988 916
709 243 984
237 23 946
207 568 959
640 931 905
377 907 908
820 579 817
509 702 982
164 610 923
806 112 968
3 442 809
205 871 827
941 482 954
555 108 956
944 68 836
758 110 894
596 613 998
248 674 921
951 447 897
493 691 991
53 13 867
28 13 913
958 446 849
529 567 877
649 405 958
777 633 810
617 494 970
878 331 852
821 668 925
797 959 957
253 722 996
485 744 917
443 383 849
905 971 960
255 718 919
560 645 900
30 301 870
755 975 959
181 509 838
679 191 973
705 115 902
77 527 977
201 405 917
440 514 995
399 360 999
813 861 928
763 704 978
97 147 832
937 832 903
358 77 808
501 612 833
182 200 996
998 963 828
596 776 833
783 641 942
439 269 908
740 405 889
850 387 803
444 928 821
377 343 929
266 230 810
269 487 857
569 432 968
595 249 846
391 41 929
704 480 865
834 272 990
680 268 886
58 991 923
560 552 829
878 322 931
601 921 861
706 763 801
79 364 928
480 741 934
330 247 939
278 782 903
683 268 882
519 768 983
202 370 807
428 954 998
175 789 927
29 140 833
414 215 850
60 233 999
111 912 829
562 168 990
389 483 900
132 645 950
421 114 984
256 212 902
931 900 854
923 359 879
729 20 854
974 889 841
432 620 829
449 699 970
674 794 890
463 886 847
528 99 820
763 928 999
536 919 870
961 43 807
458 580 801
297 899 949
556 77 885
121 967 864
931 853 889
170 747 964
405 831 851
524 811 890
579 161 962
389 988 956
3 154 813
62 711 901
157 312 980
231 717 884
493 157 887
949 594 915
809 83 842
786 844 842
236 678 965
213 460 836
868 914 998
34 416 859
800 430 937
163 278 929
204 880 884
592 412 833
32 258 990
988 302 924
46 780 878
433 993 893
668 914 859
566 542 978
794 632 820
982 818 921
389 884 943
723 4 996
532 300 903
227 359 846
441 704 913
563 618 837
163 402 935
154 956 841
690 404 830
176 229 856
988 665 952
264 657 961
238 703 935
962 912 809
629 996 904
405 155 881
367 736 848
499 431 987
332 170 966
214 488 998
842 814 821
147 142 921
504 758 968
92 772 946
345 407 940
515 730 966
173 446 968
740 456 888
995 867 801
763 133 806
210 438 818
759 280 996
729 664 828
406 949 854
332 940 900
34 682 914
505 47 819
155 980 890
802 308 949
260
596 555 951
459 834 879
615 819 991
612 709 830
389 806 982
551 457 811
256 104 965
966 865 849
720 654 965
615 978 821
462 610 974
467 822 841
839 321 905
475 448 989
354 310 842
884 721 934
508 180 815
57 788 983
194 294 893
42 646 883
423 338 939
546 25 854
768 358 853
389 89 893
917 922 954
266 38 859
777 863 806
790 412 913
437 599 863
778 721 821
913 294 885
575 438 943
379 632 963
952 200 857
291 284 901
168 815 852
655 912 828
956 880 885
892 709 935
154 311 936
333 205 895
763 336 893
335 820 855
261 535 976
429 691 897
557 925 974
816 11 868
564 301 944
50 761 817
504 774 855
284 613 811
142 18 829
157 120 897
693 151 976
213 806 866
565 629 853
313 113 863
185 112 831
785 679 959
529 983 808
303 878 804
851 917 993
553 62 930
788 903 968
217 366 900
258 230 977
764 634 856
917 518 958
609 555 964
502 150 827
963 520 971
983 161 836
337 197 965
924 158 888
812 659 900
985 260 841
290 399 886
997 233 841
202 605 960
854 124 814
376 695 825
957 232 829
738 705 973
876 810 986
490 624 960
582 941 927
966 204 858
975 117 901
837 754 967
397 921 1000
139 205 961
389 782 870
232 742 923
9 465 996
396 858 860
442 587 876
159 821 803
361 843 924
375 76 910
595 351 919
626 216 893
805 772 960
797 8 863
61 607 831
389 431 989
698 619 996
981 87 907
878 892 971
79 124 844
993 28 854
999 29 866
616 326 816
949 223 814
775 584 889
91 195 827
91 277 849
127 554 830
308 666 976
321 158 814
313 447 925
624 252 987
614 874 930
281 80 839
290 32 923
576 728 946
693 228 831
147 292 869
745 107 867
260 581 937
662 799 927
142 301 952
435 20 880
714 534 896
250 592 801
787 390 947
844 167 911
967 825 817
166 175 834
232 512 921
252 160 888
363 874 995
299 207 958
816 305 868
332 411 869
834 376 895
566 480 960
599 338 845
787 883 809
379 348 939
919 366 938
217 750 925
661 614 851
618 927 807
708 146 883
618 384 803
849 557 906
312 227 869
197 246 805
509 996 986
417 742 946
784 878 878
368 475 929
127 994 876
676 251 905
865 53 853
316 532 826
963 912 946
493 747 975
513 117 858
327 298 907
231 471 857
867 110 894
494 186 832
114 665 888
547 379 953
848 180 908
317 778 896
2 871 888
199 814 807
397 156 834
110 280 871
224 122 968
131 612 913
595 71 880
644 723 825
728 857 896
566 773 856
569 173 817
743 999 975
819 887 854
234 712 812
154 244 848
379 785 992
287 637 981
269 229 911
974 646 818
664 781 849
587 983 953
431 264 972
615 362 873
66 794 801
854 573 974
281 843 836
515 960 803
513 370 996
295 762 946
266 890 840
247 327 869
528 757 836
500 422 822
401 247 994
736 921 916
848 165 887
70 237 831
185 166 948
457 972 834
212 817 916
633 831 850
830 472 939
970 232 890
5 812 964
718 760 964
59 146 885
725 805 939
381 333 908
915 751 805
197 845 832
281 957 819
278 327 883
527 970 839
79 981 957
466 740 855
866 368 874
81 543 944
942 572 971
621 549 840
403 612 870
969 10 916
620 887 925
470 742 921
266 42 873
443 179 906
119 694 823
356 249 943
658 883 893
857 351 908
322 550 976
481 659 867
940 72 964
191 476 961
145 832 830
348 255 944
274 555 974
766 536 821
414 705 872
561 10 972
863 522 931
612 153 904
377 778 800
678 710 876
289
762 84 822
475 622 810
336 647 1000
698 602 937
760 797 957
792 94 847
907 981 820
966 318 849
360 447 910
689 956 884
825 591 850
249 997 909
56 93 843
680 969 950
58 146 909
596 614 999
395 172 834
568 389 994
267 236 999
671 408 812
832 654 984
473 3 831
613 689 823
729 985 984
723 121 957
799 57 991
269 627 963
114 162 893
801 943 835
881 99 906
116 243 807
643 647 919
670 22 811
260 312 963
303 763 872
970 594 984
385 583 992
784 689 867
647 726 817
817 382 967
316 34 969
32 15 906
319 492 998
374 326 920
927 222 942
684 756 974
523 680 895
667 470 851
812 795 814
153 23 830
765 724 890
549 982 1000
762 610 977
893 826 898
599 978 804
38 925 830
556 297 865
877 206 981
287 650 904
45 937 806
329 810 924
577 763 909
628 505 865
811 746 993
155 659 885
101 146 828
132 991 829
590 646 932
907 653 875
96 182 812
360 486 844
304 820 889
978 671 866
806 604 948
244 719 814
831 484 844
495 515 913
680 593 917
113 326 987
221 707 859
598 526 941
952 282 818
477 675 891
111 146 962
740 410 863
760 99 991
7 978 946
431 813 918
806 189 862
475 827 874
166 794 862
220 798 838
522 480 891
304 796 808
913 47 966
839 17 838
690 635 932
652 638 952
246 785 919
198 32 809
718 671 994
686 283 919
958 621 970
698 663 896
321 833 974
995 970 982
413 282 836
435 247 863
329 763 861
162 231 816
261 819 969
185 253 870
465 260 925
879 15 922
321 834 907
451 674 894
344 156 974
266 789 862
924 640 841
795 435 841
82 691 978
431 442 980
730 624 969
789 304 932
588 314 988
990 7 831
91 44 912
173 734 892
434 639 836
115 99 981
422 476 868
120 711 875
59 547 830
964 674 901
81 36 842
608 255 928
857 837 929
280 802 856
692 444 992
602 504 843
972 318 980
372 38 827
541 256 892
594 245 898
429 525 807
486 708 836
459 199 942
556 584 931
61 834 861
476 417 967
822 751 867
722 589 962
999 549 866
420 762 921
155 645 886
418 287 822
951 471 823
780 803 964
243 912 989
255 704 825
547 422 826
448 450 812
234 125 857
238 100 973
713 235 824
650 834 853
810 457 822
584 85 804
858 349 909
347 611 891
72 13 804
749 109 972
352 645 826
861 982 887
563 123 850
477 425 900
923 233 829
995 475 1000
26 828 889
967 387 908
372 748 839
733 702 828
446 980 841
964 590 1000
93 507 982
751 755 913
882 130 949
682 275 973
468 303 837
544 256 911
303 939 927
644 872 810
318 8 939
422 369 941
996 982 867
551 277 909
952 558 881
182 699 909
24 654 979
116 960 987
285 543 859
30 380 932
809 277 801
283 800 891
325 430 828
646 176 891
271 486 970
516 180 861
778 889 991
792 988 966
671 881 885
917 163 980
868 264 907
189 987 972
602 793 961
482 539 958
260 843 923
754 54 830
5 182 996
990 4 828
706 99 978
765 534 904
49 341 892
812 29 859
385 837 830
58 802 867
259 869 898
155 116 1000
272 580 818
802 758 902
235 211 982
764 552 874
857 109 869
841 768 860
479 549 852
364 752 913
796 235 917
629 738 927
15 816 824
414 51 982
235 300 839
868 773 953
633 372 859
879 880 888
293 712 923
197 739 942
772 973 929
354 997 935
773 319 994
435 42 874
422 194 907
221 227 833
209 665 952
704 661 885
881 959 870
672 598 899
718 997 806
182 700 856
1000 349 844
275 336 880
841 493 868
541 370 869
492 726 913
614 13 931
902 767 979
130 572 914
723 740 836
688 582 801
364 452 846
492 63 811
141 66 927
907 415 848
940 362 893
103 744 985
832 183 803
524 363 816
63 179 925
899 403 859
851 880 997
166 813 955
542 942 988
204 791 823
197 28 920
319 951 975
802 899 880
962 950 844
53 288 937
71 166 923
204 841 871
287
336 530 859
579 62 962
745 749 929
930 301 891
95 156 991
649 571 882
895 339 970
675 890 877
378 876 899
138 789 989
152 639 850
719 960 965
604 150 961
410 113 820
817 216 841
163 288 980
28 589 857
345 987 887
907 347 947
530 45 905
397 15 916
986 929 869
410 455 823
224 426 826
613 654 921
542 678 950
297 448 1000
392 212 936
232 663 835
232 402 920
394 646 868
760 138 911
244 53 839
369 22 989
304 293 992
978 827 829
237 437 975
251 419 943
319 492 900
531 166 848
673 705 882
856 186 955
256 857 882
534 313 931
962 464 918
26 619 826
800 641 846
360 940 934
825 178 870
322 136 933
576 275 859
107 581 874
1000 446 942
452 137 816
589 660 925
469 125 988
181 742 957
447 472 860
295 313 943
265 727 825
547 455 835
816 452 884
68 363 947
787 422 941
578 467 936
141 880 913
180 788 843
701 637 873
60 193 970
836 844 910
612 125 817
198 759 988
265 35 982
44 344 839
69 754 892
80 543 885
490 341 876
889 414 801
549 810 999
952 134 911
736 346 823
243 999 1000
755 314 956
856 562 883
964 136 853
269 290 821
52 976 911
838 20 935
597 800 894
615 475 974
107 610 893
596 560 901
8 457 889
942 560 971
27 871 847
648 598 994
329 445 900
450 700 967
429 843 999
260 77 861
205 481 946
381 910 948
750 445 909
517 700 889
818 127 817
704 304 955
992 594 895
645 306 973
707 813 928
927 322 874
806 898 982
35 774 895
911 869 909
978 183 922
42 48 871
488 453 869
985 685 965
757 797 940
785 796 976
666 328 853
952 686 800
271 351 817
36 170 816
123 957 940
669 719 863
596 509 913
207 906 976
385 652 946
50 386 881
581 168 973
587 233 857
717 90 947
711 84 830
261 937 991
382 908 944
646 888 839
245 654 882
355 17 808
999 650 867
110 674 991
486 560 985
757 328 835
253 953 955
482 922 961
472 963 973
329 288 858
191 221 945
348 789 979
472 61 815
116 817 999
595 295 904
817 106 857
459 31 802
822 5 946
834 441 827
213 912 844
396 800 864
850 163 868
592 669 819
317 207 995
723 202 816
832 926 825
335 790 889
874 356 818
59 585 945
140 829 856
906 971 829
163 896 948
585 969 867
950 331 884
676 1 924
578 784 978
785 503 918
482 183 978
89 927 816
355 620 873
187 701 942
64 883 872
913 850 844
354 569 828
232 777 980
939 662 871
939 1 840
748 1 945
671 460 891
716 396 866
246 184 970
219 736 963
621 13 905
454 906 894
215 679 959
412 448 810
982 773 944
897 349 882
240 466 835
907 116 835
999 99 827
298 187 918
60 217 900
667 678 946
238 127 979
152 999 985
238 735 938
257 75 865
614 345 915
566 711 932
730 853 847
488 587 847
62 986 994
757 30 995
521 222 843
492 604 829
313 239 990
41 772 904
167 322 831
106 894 965
765 628 898
865 60 857
662 966 978
907 438 857
950 980 901
562 11 912
507 968 902
831 373 840
730 500 886
315 750 827
830 182 986
606 25 838
349 831 853
320 282 957
956 214 981
679 265 877
13 689 891
377 483 858
270 268 851
963 187 886
628 654 827
593 888 938
753 698 899
376 591 988
571 106 973
370 827 834
806 585 968
97 539 929
667 122 802
286 476 834
553 323 982
11 903 909
292 111 867
566 669 987
924 547 896
159 129 837
561 615 978
397 173 919
340 289 909
133 504 945
1000 725 843
563 127 803
505 560 834
853 155 900
412 671 953
956 330 946
168 18 969
229 217 856
468 101 812
785 913 923
802 297 965
600 832 809
884 7 889
124 435 969
765 830 888
212 617 884
545 13 998
422 586 803
944 852 982
225 656 919
471 615 807
578 533 855
176 691 911
151 62 886
925 341 915
642 968 892
528 143 872
342 313 814
277 413 844
735 672 966
794 400 985
253
208 225 911
490 780 862
98 8 919
419 214 891
218 123 907
786 474 814
804 81 821
997 799 824
782 648 943
485 64 914
968 958 873
85 943 980
59 904 993
595 816 975
286 418 985
753 944 995
231 247 880
260 430 937
1 378 924
533 417 975
826 141 837
687 627 843
591 825 944
130 134 878
394 606 892
134 284 829
499 973 818
971 772 816
694 330 895
111 738 807
653 478 852
199 303 845
238 53 966
811 618 964
606 75 838
100 765 888
543 565 873
952 540 820
239 7 971
840 338 951
145 297 868
608 734 830
473 694 843
600 277 867
410 46 996
730 216 823
187 763 963
988 543 902
155 282 892
630 991 858
306 307 999
862 201 927
593 724 827
771 932 834
730 993 920
176 317 837
11 471 808
507 476 980
536 362 857
429 794 838
712 228 995
99 401 865
898 873 867
422 499 960
432 863 903
134 893 804
100 66 866
933 302 821
128 816 800
529 556 831
651 184 871
346 110 946
153 681 875
567 736 917
818 353 833
555 860 864
552 580 963
396 453 978
170 399 927
245 64 929
493 484 822
515 429 844
684 47 900
295 178 956
765 825 880
850 114 946
439 812 844
86 246 813
258 767 851
555 858 804
751 851 839
552 329 802
648 814 857
827 884 817
249 918 997
107 48 960
608 665 860
237 718 995
274 76 894
308 576 856
535 617 827
702 224 876
152 485 831
116 468 806
694 297 949
80 64 961
909 280 891
724 460 852
50 753 828
105 871 851
57 839 946
926 546 888
867 902 943
492 912 962
151 311 925
134 509 887
319 830 878
741 918 803
317 754 882
203 416 993
782 623 969
766 4 819
902 463 826
865 530 955
861 847 958
910 781 836
250 855 980
784 518 867
973 82 937
407 236 810
458 457 804
76 571 970
260 777 822
726 82 844
590 397 804
148 547 842
265 272 898
549 950 897
161 10 903
525 341 873
426 206 887
610 678 815
322 465 801
855 885 995
375 511 979
71 97 822
51 265 859
285 625 928
302 850 838
410 286 902
244 980 862
423 411 919
383 725 864
309 916 964
367 503 817
945 556 946
447 103 954
237 19 961
675 92 840
972 446 937
208 291 968
324 671 894
835 257 804
10 671 831
541 929 953
761 738 999
894 808 907
484 931 860
664 886 995
997 8 823
63 279 944
445 232 895
286 113 868
470 187 885
772 407 888
854 505 825
200 871 937
70 998 842
65 919 815
867 782 926
562 102 817
179 548 980
428 217 899
490 848 953
149 779 842
118 793 820
209 425 804
241 455 970
367 398 893
750 630 907
86 827 845
871 543 956
191 226 895
285 191 800
205 372 881
399 532 871
756 232 920
952 150 980
311 734 846
403 828 816
349 556 986
928 520 808
333 863 977
29 844 948
225 876 922
277 564 955
583 720 846
421 567 953
982 662 875
704 801 1000
376 320 857
176 420 800
539 361 878
711 671 877
126 785 813
461 46 842
393 136 991
915 755 940
36 895 919
384 628 821
708 196 858
595 358 900
762 166 921
617 745 966
172 537 955
521 277 834
977 667 901
308 203 840
32 719 860
41 376 897
761 376 926
857 150 990
264 920 830
999 421 951
77 403 917
155 169 834
808 118 857
624 444 871
780 685 999
131 645 825
18 204 884
830 634 951
408 749 951
76 859 816
906 803 958
118 776 967
9 20 916
783 893 848
786 92 837
852 539 806
513 601 845
574 882 852
390 858 862
281
340 22 984
620 459 802
316 987 969
375 864 817
912 925 838
165 547 998
659 643 883
60 843 902
463 366 910
685 765 819
738 179 944
868 730 846
719 953 904
873 336 914
591 36 932
808 110 960
360 58 904
909 467 989
477 709 938
786 543 926
751 1000 848
244 717 814
636 439 988
68 368 890
365 416 932
442 301 995
341 495 930
568 544 866
832 714 807
653 609 873
801 49 856
679 385 910
535 545 946
622 96 830
273 217 957
245 138 853
152 350 872
410 867 860
445 563 894
617 431 840
555 115 987
197 46 842
703 666 979
176 558 862
974 961 974
363 137 843
87 962 852
304 490 904
385 837 911
256 211 997
863 417 953
871 10 973
186 941 967
911 924 899
310 991 804
412 792 856
168 373 933
644 536 901
375 692 814
491 468 997
986 910 950
765 929 823
913 601 930
307 705 812
199 636 872
90 619 937
439 131 964
945 493 822
533 558 896
419 712 843
191 605 867
917 628 889
981 400 910
688 84 971
693 101 959
178 811 861
419 153 920
265 320 932
608 644 900
680 695 853
288 663 900
742 745 849
377 120 987
796 605 898
834 184 862
573 376 846
313 428 966
412 962 852
513 138 903
617 89 881
922 476 908
597 634 948
281 842 844
400 102 905
674 268 950
663 755 829
445 350 960
730 196 938
310 504 985
197 882 963
600 373 974
751 842 946
283 955 927
576 786 908
220 163 960
311 71 974
589 618 970
148 674 835
21 17 892
185 852 998
746 368 951
247 93 875
100 921 869
159 692 961
165 586 832
703 954 980
383 979 898
471 57 986
349 619 959
51 740 878
542 949 919
578 407 921
462 831 869
838 178 916
110 29 816
958 184 934
989 490 991
442 606 955
343 919 937
709 897 808
958 312 965
537 319 844
144 380 855
302 650 919
32 300 983
795 649 823
208 478 867
313 440 856
245 467 865
637 354 910
252 623 843
965 596 920
909 680 948
958 973 885
254 282 997
932 476 933
922 928 885
962 297 851
666 78 916
731 303 903
195 165 925
337 832 830
921 736 956
525 266 942
635 702 996
895 418 963
903 839 978
151 992 893
337 291 839
12 802 898
959 976 898
427 820 982
472 507 868
843 30 965
429 730 845
464 455 893
398 648 970
709 874 958
633 377 807
838 318 971
175 935 892
197 715 872
960 285 888
52 411 962
226 19 925
203 854 944
588 266 968
68 633 950
576 313 887
196 360 979
489 999 942
755 714 1000
410 411 854
14 269 918
424 706 961
28 595 935
562 192 937
863 252 928
847 944 819
596 597 843
446 848 950
293 480 940
228 519 911
629 36 816
187 610 902
565 462 1000
143 847 984
701 865 910
742 735 924
310 323 879
599 714 809
606 705 880
603 375 886
556 622 895
258 506 881
886 798 936
592 857 808
520 16 980
400 17 988
575 219 916
384 213 838
965 465 998
870 528 869
310 555 959
722 620 978
363 172 980
950 347 999
662 41 817
690 45 977
478 87 835
763 169 896
804 359 899
213 232 906
181 222 866
159 590 939
122 265 979
663 92 895
22 344 904
855 283 901
206 984 838
631 570 892
574 222 932
763 675 965
378 442 853
63 137 864
531 225 857
673 582 935
916 95 816
967 555 931
100 739 978
657 8 968
142 611 890
33 997 890
150 883 975
824 544 930
629 417 891
996 409 800
167 723 808
896 339 841
339 628 855
427 917 931
428 420 871
572 681 987
695 86 803
461 755 847
861 294 960
839 213 837
666 779 851
796 177 935
486 34 805
676 87 811
42 277 941
265 504 893
254 499 941
244 75 847
425 24 975
717 967 909
913 438 945
837 857 831
893 684 974
359 48 948
984 296 880
495 765 923
751 248 912
563 495 879
110 294 807
112 199 819
542 892 895
814 544 860
506 164 875
440 619 875
257
380 870 836
632 405 826
113 640 879
984 58 938
778 261 847
433 244 821
415 207 802
746 206 850
403 352 954
985 198 933
510 713 821
394 634 813
583 244 942
737 289 967
112 725 940
682 133 894
595 166 959
592 102 890
284 172 899
516 73 875
784 741 869
192 498 994
470 140 803
947 542 890
83 247 910
829 310 804
683 958 902
286 359 942
60 560 851
571 558 804
422 778 974
858 426 858
938 136 975
295 187 953
592 600 910
670 547 926
836 796 863
203 922 959
434 967 903
479 639 864
584 987 952
284 357 856
339 329 841
516 171 838
806 968 940
726 255 853
791 986 829
97 477 820
931 268 998
93 802 939
516 734 830
286 879 894
928 739 852
131 371 930
165 186 911
599 977 930
578 517 854
694 27 995
144 304 924
108 797 886
186 700 997
857 454 853
186 37 858
808 459 931
933 834 892
649 733 913
208 28 976
356 149 903
307 994 916
752 294 956
558 843 921
467 170 957
874 948 887
683 753 853
938 947 848
365 622 846
874 332 834
917 722 955
967 835 910
535 286 983
328 650 940
580 492 967
524 212 982
927 526 918
646 337 830
345 18 878
965 555 804
498 476 961
927 450 862
395 101 811
335 116 831
329 420 914
637 248 819
387 964 806
110 611 805
637 93 1000
445 11 870
406 877 887
41 28 941
696 993 952
783 287 984
344 887 968
619 402 837
454 695 934
289 101 981
237 346 996
737 897 898
134 161 998
500 919 870
656 226 869
240 335 898
940 784 966
27 366 996
895 298 893
166 924 972
368 342 890
49 246 872
867 21 899
39 152 875
797 201 932
65 38 934
459 173 918
824 796 865
573 229 968
965 338 831
79 727 841
4 205 989
858 832 990
410 891 925
319 746 865
956 390 853
268 405 808
521 268 970
443 621 845
417 661 939
760 164 878
470 261 944
883 16 837
986 211 877
38 847 831
586 937 937
31 848 955
171 830 885
520 508 819
739 986 814
45 30 953
786 224 873
999 951 895
361 354 974
144 870 947
729 64 948
399 39 883
944 313 899
141 474 807
913 254 998
96 167 816
259 828 980
319 239 817
796 466 963
766 500 843
69 290 949
154 789 850
768 196 862
608 371 847
632 232 957
242 737 805
112 962 934
546 459 893
432 156 993
819 860 937
500 735 807
237 341 815
686 315 881
240 955 965
167 536 886
787 57 949
128 917 972
719 711 913
454 480 920
934 714 809
478 685 944
272 668 826
861 939 959
441 254 818
325 804 884
804 924 845
516 229 915
419 202 994
37 566 941
666 804 919
12 338 872
25 370 983
509 209 992
553 956 836
581 517 871
282 555 911
52 259 834
148 209 811
449 299 961
675 91 985
815 962 941
935 877 927
568 975 941
51 732 892
128 924 911
197 579 898
364 758 876
990 271 984
299 815 903
355 781 907
860 602 992
716 534 905
129 704 940
516 536 906
571 626 950
961 879 929
359 574 905
157 828 864
328 14 985
869 806 896
725 982 938
120 127 988
742 165 949
427 17 951
122 215 914
292 953 877
275 377 819
868 715 880
973 749 911
433 423 805
19 799 865
379 980 992
884 736 951
310 403 973
780 482 804
649 277 919
838 244 963
925 344 991
434 935 822
592 615 963
218 377 823
515 640 812
579 536 853
802 395 838
297 322 996
843 816 834
961 579 903
361 697 879
382 632 910
890 985 816
261 475 800
910 939 911
891 262 943
354 63 855
217 764 930
557 201 842
476 372 889
297
915 132 886
424 687 839
605 838 904
199 523 825
651 473 957
847 808 824
174 293 995
229 37 921
262 341 875
1000 4 834
511 272 807
931 916 941
403 136 834
171 522 921
576 857 825
217 600 949
657 5 924
377 991 805
185 286 844
499 115 800
862 4 950
888 37 879
900 433 946
600 549 858
899 170 826
883 896 898
730 15 863
333 751 830
292 277 812
101 961 983
482 235 999
361 290 981
194 539 896
699 621 858
712 954 824
279 775 857
339 714 812
257 316 866
962 998 807
401 223 923
839 358 818
498 109 862
843 45 802
242 818 809
386 136 966
707 831 947
330 129 899
705 587 858
487 644 979
462 576 957
713 488 865
315 536 950
369 448 885
89 767 875
544 531 932
912 116 870
802 434 939
950 300 890
906 153 952
83 846 923
158 193 985
435 509 884
909 636 852
180 465 871
735 73 891
273 592 956
244 128 816
943 956 848
177 993 963
151 14 900
791 977 840
845 658 912
589 406 956
734 948 802
271 748 846
248 858 839
583 88 962
29 410 857
709 411 911
561 46 881
258 785 874
701 237 839
874 348 962
603 430 943
850 923 991
356 400 878
254 81 942
671 131 938
271 594 838
716 997 852
979 791 893
568 118 861
230 220 873
395 550 860
921 800 862
815 473 972
1 502 831
314 696 979
570 883 819
887 491 939
644 304 833
728 133 831
789 673 926
207 79 908
72 5 970
567 95 933
269 887 984
213 291 909
194 174 878
563 66 850
849 153 805
183 227 829
115 6 899
584 465 886
980 708 917
50 949 953
399 142 934
499 61 925
853 49 828
357 700 866
312 168 887
942 43 803
262 575 990
101 544 950
187 678 860
382 333 949
86 167 877
561 547 855
472 619 933
807 990 953
273 224 813
469 691 895
404 566 920
341 457 951
924 195 916
217 348 960
656 812 895
378 616 949
28 406 878
825 909 866
497 684 990
164 143 803
975 2 814
53 577 801
552 371 889
334 201 887
208 311 839
840 382 852
482 111 856
29 407 808
741 405 941
227 999 870
39 599 995
259 479 996
345 827 815
833 987 887
973 768 994
453 705 889
36 106 989
595 341 945
28 838 852
86 105 816
577 185 814
531 436 988
953 371 839
628 842 974
933 168 822
523 275 901
366 857 944
792 935 932
101 727 896
373 993 952
486 681 932
57 282 804
966 207 839
458 112 803
715 406 962
815 711 991
300 517 882
966 288 813
106 16 982
978 391 901
886 604 840
928 186 858
492 260 865
171 904 990
246 442 844
28 863 847
916 880 826
119 482 926
476 664 917
595 297 865
46 698 851
145 746 989
402 853 876
112 23 957
772 136 886
703 872 812
695 57 982
635 892 885
337 502 837
290 682 813
126 412 851
816 238 979
584 357 1000
952 121 865
982 782 905
998 200 850
867 441 896
220 970 812
250 79 990
770 379 845
23 33 928
83 948 839
145 831 987
84 287 862
573 624 829
278 406 926
532 732 867
543 389 902
641 112 934
173 712 946
629 26 901
75 334 861
69 764 994
272 335 857
644 484 894
940 147 987
852 803 921
301 212 956
162 725 974
787 573 880
641 170 948
983 547 908
145 516 833
562 428 1000
207 9 846
43 982 969
520 217 803
10 202 929
969 323 915
500 634 959
889 828 978
326 215 819
354 632 830
766 119 886
892 549 807
751 173 901
12 556 950
957 218 869
524 258 838
785 323 965
315 535 991
781 420 847
743 502 980
506 573 806
857 317 846
945 762 986
432 390 802
968 368 883
257 142 984
622 821 808
975 213 905
282 248 943
358 870 817
615 353 806
549 463 857
563 995 953
92 396 804
106 593 949
459 16 989
4 69 890
508 756 820
39 207 917
818 572 992
841 885 858
378 447 898
949 342 901
393 646 971
282 756 881
656 639 873
295 426 915
909 859 908
938 91 820
34 630 878
337 325 913
778 902 915
713 996 970
546 918 846
478 274 970
485 252 932
899 318 801
260 433 924
267 651 896
20 951 888
704 939 967
657 96 961
289
973 872 867
166 529 873
20 903 845
246 805 962
888 387 893
57 97 849
305 212 934
228 277 906
2 615 809
335 152 998
460 921 812
748 624 889
59 374 833
522 741 883
373 451 992
849 78 942
344 386 824
991 455 984
68 141 825
212 418 981
683 676 1000
217 749 983
413 3 910
326 411 923
391 743 885
21 221 816
901 440 858
146 779 954
518 356 852
77 807 874
865 850 918
570 90 841
461 317 921
503 273 836
237 19 962
623 218 868
637 269 975
382 802 970
639 192 974
4 33 941
674 76 903
550 730 849
460 804 965
58 540 804
853 542 840
961 286 812
703 252 920
3 553 928
364 195 916
86 958 850
687 794 907
936 803 902
790 166 826
215 873 831
839 60 929
414 752 819
954 328 974
953 878 952
582 132 908
427 196 898
551 596 843
14 978 863
823 8 954
291 301 913
379 330 840
52 655 817
481 994 836
928 751 997
375 694 841
973 681 930
254 527 896
651 31 905
783 377 951
783 609 897
725 874 989
862 370 906
108 325 973
620 532 903
970 439 887
276 702 913
236 899 967
417 35 905
747 122 951
757 789 872
223 655 860
265 874 887
762 785 812
812 783 878
762 128 926
160 755 842
944 460 854
435 894 983
493 138 953
643 971 974
103 321 983
188 602 878
702 574 836
469 946 898
701 900 923
663 733 997
438 791 926
441 293 918
838 465 852
985 535 958
217 892 873
788 525 860
144 267 989
434 409 995
1 387 900
314 255 961
574 230 815
772 139 898
706 666 945
671 596 917
175 470 978
696 528 857
285 302 893
21 1 973
39 296 982
330 191 868
39 791 802
291 910 832
235 358 943
154 610 842
440 208 833
298 593 836
864 774 957
44 352 989
823 985 869
232 746 873
114 289 865
559 453 888
411 262 806
247 606 862
335 630 955
631 591 847
489 967 942
437 798 970
484 335 869
492 569 850
267 848 896
747 656 973
196 9 987
467 514 921
749 265 802
32 75 909
966 989 942
211 956 999
976 510 906
373 549 960
509 419 935
623 880 945
41 133 848
849 902 950
400 100 983
577 758 897
249 557 912
621 124 900
298 326 863
618 120 966
684 331 925
199 7 824
969 658 935
261 598 836
692 845 865
481 916 845
65 447 943
500 825 853
710 97 922
872 645 823
233 374 939
431 706 891
186 613 969
456 93 922
162 198 889
914 962 991
437 119 963
436 943 952
813 976 985
965 90 991
904 684 902
345 902 927
980 930 805
964 274 806
552 19 983
482 315 833
534 181 958
678 564 803
950 497 840
595 92 821
309 761 950
777 424 920
903 501 885
817 818 828
177 950 809
362 736 808
755 563 988
598 672 966
621 739 993
664 388 870
728 963 940
375 809 848
135 369 836
960 421 881
502 673 965
447 664 833
290 407 839
583 19 892
139 116 927
212 168 968
38 93 918
46 505 883
894 50 968
175 860 944
852 211 969
935 278 835
773 952 808
503 510 937
677 466 813
555 492 865
697 444 953
956 922 880
994 391 877
854 322 938
895 950 867
262 161 997
995 397 851
607 180 967
896 208 874
854 761 990
538 682 915
835 496 990
184 372 984
513 882 963
439 807 946
1 689 807
120 756 865
578 129 817
620 235 804
484 294 876
221 489 997
775 862 892
784 302 923
126 649 864
585 351 900
721 272 991
734 688 862
370 210 913
15 941 893
46 845 981
965 129 833
512 372 825
146 63 978
553 661 952
816 529 886
827 829 860
837 158 813
551 591 967
197 856 831
379 921 836
753 173 911
401 151 847
600 724 811
349 837 999
676 796 962
150 352 962
688 952 885
800 350 899
935 638 930
120 262 995
606 634 858
409 1 908
693 493 894
885 858 843
435 946 883
486 939 835
625 211 877
534 56 909
593 448 937
836 808 852
471 928 840
409 43 981
918 340 908
731 470 812
239 321 832
761 477 966
647 670 802
39 274 838
247 677 986
0 99 227 161 149 254 290 75 286 145 225 250 152
284 0 175 186 158 247 196 104 101 128 176 13 88
125 99 0 251 161 89 185 5 44 299 236 104 73
291 106 203 0 279 165 234 58 173 50 184 207 221
233 274 291 232 0 16 191 64 238 121 179 300 44
14 230 221 134 105 0 188 273 5 232 164 158 39
23 136 210 51 167 116 0 103 121 175 109 161 16
286 13 64 114 105 59 257 0 194 132 231 33 73
6 30 162 148 238 100 84 85 0 276 21 78 206
157 48 57 252 194 163 167 63 2 0 114 121 74
273 10 192 222 111 213 27 179 182 158 0 175 233
159 281 153 148 138 131 85 163 2 176 40 0 53
154 195 0 84 176 36 300 200 193 108 251 16 0
