13 3978 832
252
26 176 902
612 490 957
701 946 950
74 593 899
128 564 803
392 908 956
472 556 911
865 196 803
164 875 946
521 925 816
117 631 910
43 330 868
942 656 883
857 602 873
904 570 999
525 122 844
42 60 950
799 763 929
824 127 834
742 389 838
810 409 872
379 221 917
431 19 990
883 340 975
634 473 891
684 65 992
236 41 874
51 297 847
331 46 825
676 620 886
699 374 915
370 946 887
739 985 865
856 679 863
58 340 932
80 76 887
706 950 808
891 39 942
140 297 955
896 316 805
149 436 945
458 412 817
672 71 906
84 438 840
885 232 1000
671 723 932
225 908 853
150 952 881
638 752 957
296 527 884
165 186 962
71 925 986
282 722 940
711 938 920
864 30 923
74 268 855
21 117 817
482 558 889
728 955 847
991 649 825
337 109 826
331 576 892
704 102 853
155 57 911
738 914 824
479 145 845
808 465 903
396 424 977
745 951 902
120 110 942
26 586 938
111 597 941
955 364 825
613 784 978
604 883 878
564 234 920
169 654 800
631 602 880
987 594 936
399 247 855
71 229 905
957 176 821
875 336 999
999 974 974
431 987 987
823 132 902
138 308 874
520 110 806
710 833 916
187 904 957
965 808 932
691 106 951
236 563 857
5 994 870
975 577 903
715 441 907
206 881 994
489 473 932
711 97 838
816 373 842
349 159 820
713 379 938
401 246 939
981 391 885
662 20 999
692 161 841
114 930 839
852 416 854
114 100 813
507 15 928
118 523 888
863 31 850
334 808 817
60 942 808
731 154 912
454 168 988
482 683 866
569 67 858
597 366 898
782 840 838
700 988 870
512 320 865
363 544 962
870 20 878
764 385 933
322 953 963
735 367 998
803 810 830
391 184 878
894 46 853
328 4 923
707 284 881
822 926 925
862 149 965
241 45 813
355 186 898
95 379 893
934 31 848
832 692 944
779 903 813
689 954 977
498 712 966
970 359 904
726 785 978
842 915 824
415 945 803
52 439 966
661 867 972
762 586 920
639 928 993
922 291 847
579 148 832
95 103 953
56 261 905
10 100 807
729 728 984
41 422 836
819 365 970
848 617 965
785 196 884
686 855 963
175 800 829
105 947 837
285 980 908
893 501 852
677 325 986
66 631 807
951 247 813
789 137 842
52 434 975
528 457 899
497 615 930
765 990 827
253 79 928
384 870 901
628 67 932
707 53 905
565 986 894
239 183 966
371 279 969
695 576 914
264 538 865
752 715 965
351 121 891
87 361 805
531 399 849
83 563 941
546 188 915
804 810 837
983 86 937
786 830 815
855 119 936
145 372 980
571 416 946
300 436 822
886 685 931
385 459 947
776 865 898
725 53 946
3 460 931
912 854 883
149 235 990
402 410 867
646 736 910
558 658 984
906 59 846
215 344 813
418 8 845
121 606 819
831 672 915
898 803 931
40 525 870
866 158 905
445 89 996
263 246 939
219 576 916
293 450 968
985 134 982
301 157 816
59 939 960
964 885 883
22 261 976
6 86 866
341 764 914
138 921 855
754 660 853
440 250 851
631 896 903
74 24 902
302 723 897
408 814 813
190 828 869
16 171 882
928 305 837
956 54 806
114 187 983
972 77 846
291 52 927
15 998 802
471 413 845
101 358 966
988 108 851
79 329 983
860 916 983
450 274 818
916 806 1000
872 765 939
886 320 848
392 874 919
619 227 1000
712 243 986
339 530 860
272
40 722 828
768 59 838
353 909 996
434 220 819
733 284 882
806 828 878
746 111 974
235 120 907
133 906 937
378 846 865
298 809 923
476 833 914
351 936 961
844 765 847
629 974 834
727 269 854
911 84 848
378 217 862
711 201 907
292 109 930
166 400 844
12 255 873
187 630 984
268 159 954
278 701 947
408 77 842
463 629 881
344 942 854
537 293 852
717 439 952
692 796 968
978 166 989
146 782 851
513 606 942
344 724 852
289 739 975
104 395 1000
926 453 857
765 321 858
256 25 852
488 452 879
926 213 801
250 637 892
909 699 951
938 924 891
429 241 958
687 596 892
420 598 852
728 240 909
54 552 827
404 503 898
291 53 867
605 812 822
914 184 929
552 738 942
854 893 921
818 552 950
487 23 837
460 944 820
971 977 969
848 181 867
444 858 905
504 724 814
756 981 861
883 899 916
768 673 898
650 528 899
802 477 856
595 868 973
978 902 894
460 849 986
54 901 869
523 680 985
856 443 815
453 158 992
912 336 872
60 345 892
171 76 999
989 430 844
163 339 935
689 214 929
751 871 863
875 233 885
709 185 816
491 906 878
509 73 988
713 268 827
769 695 949
172 468 910
51 513 886
932 752 991
678 959 980
38 735 896
305 261 980
431 993 923
831 63 954
827 385 853
955 522 996
111 73 915
100 34 802
756 22 912
500 383 899
142 261 875
886 156 977
989 580 810
767 529 964
459 141 880
196 263 982
366 143 811
894 886 897
166 526 907
282 339 927
753 669 832
701 468 991
998 193 817
263 535 999
720 440 950
774 984 917
981 507 825
877 563 948
854 417 964
116 771 944
768 205 817
795 305 990
795 689 968
922 718 858
986 892 970
748 85 880
403 265 994
460 507 955
944 56 806
543 266 969
437 401 810
723 94 943
972 143 872
814 414 881
823 602 983
467 742 803
804 489 941
170 883 918
150 550 845
246 759 802
490 435 989
275 478 987
264 205 984
152 529 930
508 166 847
355 66 915
5 888 950
587 952 927
868 199 866
898 819 952
863 600 840
355 539 888
631 192 1000
649 502 824
55 350 890
265 95 860
463 411 865
185 934 935
42 761 841
466 140 895
3 900 829
595 62 861
422 422 954
151 157 970
972 238 993
456 476 809
535 825 954
964 930 882
720 306 891
616 297 968
166 159 939
283 863 1000
433 781 939
278 932 984
551 294 962
921 253 866
901 569 813
671 295 960
537 185 840
814 190 854
14 377 858
41 839 926
231 551 823
591 187 926
193 471 955
256 470 978
83 963 806
653 63 942
696 920 832
552 658 848
496 139 898
221 83 866
242 589 982
792 709 803
581 347 895
848 211 915
952 914 906
595 52 805
439 506 978
619 453 856
384 576 899
592 131 834
598 137 881
374 647 912
868 565 888
377 110 908
669 825 975
919 184 906
98 592 915
526 471 800
116 700 845
262 371 803
851 280 817
288 853 958
775 896 909
296 130 867
142 724 815
608 201 818
782 618 830
423 607 829
397 642 912
40 865 892
61 543 817
118 890 812
596 323 931
567 111 851
188 666 908
871 984 929
271 803 993
680 64 899
398 531 876
679 616 924
451 828 924
257 440 863
692 277 944
318 278 996
802 929 933
126 859 956
242 661 871
954 202 926
530 61 957
805 179 980
78 911 852
907 808 844
196 980 953
577 167 822
262 635 959
295 344 973
247 62 831
298 424 827
792 882 914
293 981 907
508 226 875
386 35 867
970 907 800
596 384 957
826 463 949
423 188 952
826 19 898
595 308 916
818 234 913
805 680 913
517 534 978
144 570 954
497 180 817
75 552 852
394 177 918
668 44 943
299 379 913
940 395 863
254
410 477 955
916 592 948
327 681 958
522 185 873
868 57 908
228 259 975
581 633 860
916 332 950
358 955 869
550 444 813
406 116 978
209 223 894
579 875 868
187 396 920
942 219 821
233 915 982
241 473 938
910 102 924
559 216 969
341 125 846
852 36 812
584 935 922
494 957 818
138 94 929
170 797 880
491 708 818
331 356 838
963 620 806
47 947 867
538 402 920
475 534 998
550 342 879
801 102 947
453 141 936
399 983 812
364 50 986
842 774 842
344 180 868
572 894 864
852 544 857
467 348 885
618 193 983
563 824 884
590 686 885
653 317 923
361 20 885
376 243 978
538 220 866
520 940 839
666 663 872
477 285 978
937 760 892
167 631 971
827 793 956
999 517 867
728 361 899
56 983 858
651 805 823
366 439 977
74 870 875
70 850 804
831 42 937
87 306 995
293 662 987
216 843 979
557 539 868
875 884 958
146 623 871
450 310 887
690 670 998
527 538 966
375 146 808
329 623 827
606 255 864
421 906 968
919 907 993
265 178 975
37 861 987
839 707 839
198 675 930
329 466 944
14 529 915
289 746 870
384 432 868
955 909 924
269 500 998
189 93 826
489 257 933
974 220 986
395 680 906
366 377 880
596 981 873
230 85 882
579 892 933
569 758 986
943 307 868
257 915 825
229 98 862
509 775 999
763 994 882
762 690 985
116 242 965
681 461 991
590 744 816
992 838 961
226 199 811
172 684 827
930 357 825
86 739 850
305 951 919
268 298 934
622 887 899
10 500 838
777 581 911
609 941 867
682 861 861
136 422 800
791 569 979
457 636 894
317 871 991
590 492 811
714 556 889
412 794 810
105 345 886
344 635 890
110 454 845
920 121 935
148 358 955
195 694 869
723 75 867
628 979 986
311 569 958
396 577 843
645 895 807
671 832 868
928 900 974
857 487 812
100 744 990
448 925 849
657 572 894
156 631 877
419 138 990
741 897 981
473 408 863
605 864 958
187 114 919
79 576 975
664 727 999
598 283 989
128 566 927
882 26 850
973 97 922
239 456 838
752 281 865
719 147 874
170 195 875
106 141 990
1 226 954
940 227 899
500 814 819
575 252 980
361 996 985
305 837 896
926 911 920
295 203 837
670 62 890
490 554 870
69 582 983
186 469 886
998 770 980
170 605 996
731 952 954
667 878 878
886 687 882
52 838 942
599 103 923
809 224 1000
917 361 905
754 514 829
977 935 880
798 587 878
584 789 951
832 367 963
848 81 800
10 142 848
413 248 949
88 203 967
646 842 802
334 49 823
426 408 846
237 220 929
48 555 936
115 254 998
926 111 844
234 967 827
288 41 947
979 137 899
789 917 980
187 587 996
597 548 855
669 213 870
447 885 837
513 180 894
129 2 964
916 280 802
207 901 974
888 699 983
536 651 990
574 676 861
182 536 952
306 515 896
453 452 984
975 158 881
591 997 945
908 20 994
382 822 992
509 512 842
154 864 804
693 162 957
461 463 956
588 961 856
259 822 975
740 228 870
607 470 936
313 906 879
51 987 929
129 664 861
606 193 934
49 874 935
340 462 829
73 259 975
193 584 991
762 721 966
679 337 959
141 67 894
785 969 965
46 246 862
1000 916 937
530 303 958
828 596 871
829 50 929
342 329 839
736 276 821
396 54 910
793 748 859
237 351 812
548 496 879
367 841 929
82 774 957
102 449 990
896 280 889
71 344 833
18 397 943
996 702 942
274
84 889 990
437 797 991
739 163 923
793 74 911
760 208 856
453 586 996
582 120 877
192 317 860
779 603 969
721 505 843
96 301 928
327 343 967
273 657 990
325 418 990
22 501 853
980 970 838
835 358 986
482 601 903
508 900 985
611 621 818
772 535 995
14 542 990
22 347 947
594 465 950
555 545 992
520 973 983
614 366 929
491 148 841
22 888 911
143 85 899
155 887 852
799 944 992
195 66 938
114 610 943
910 987 902
95 682 840
271 563 956
423 45 892
493 809 808
267 966 832
762 288 804
391 864 970
954 184 958
46 384 973
38 552 926
830 197 949
538 208 912
734 418 907
973 628 989
254 311 970
769 446 863
246 875 865
219 300 879
498 317 948
307 99 970
246 44 830
14 675 817
349 444 915
722 444 972
343 739 981
251 343 988
379 27 994
741 17 808
329 673 995
401 724 974
757 863 912
388 296 800
759 62 958
654 529 997
375 151 856
87 992 845
336 802 831
752 111 841
867 167 857
847 545 879
238 988 917
595 119 877
805 743 828
10 809 811
665 37 851
431 739 999
239 707 834
497 934 818
675 276 919
233 130 835
868 715 806
811 17 889
803 842 939
583 598 824
223 570 956
745 135 885
12 573 826
7 911 944
4 457 861
466 104 996
413 38 1000
959 472 988
668 251 838
806 986 856
600 133 825
548 735 865
715 688 892
733 909 847
422 306 833
685 527 915
387 437 954
616 822 820
728 444 943
863 944 943
361 24 857
236 182 943
21 4 1000
280 203 963
133 846 988
668 243 911
848 616 865
574 881 896
164 712 916
566 268 864
353 499 859
680 859 943
519 71 898
83 327 882
906 666 985
370 185 857
331 5 847
490 516 816
849 254 900
700 77 878
177 358 805
283 169 903
883 607 990
113 223 911
85 881 848
518 142 825
245 557 904
818 849 875
313 66 936
964 961 966
986 103 805
274 362 915
754 321 982
634 337 971
378 814 991
649 373 834
400 897 965
763 69 867
168 752 973
163 529 829
688 700 887
357 980 860
641 504 911
169 785 972
451 252 956
137 220 878
489 818 873
509 163 984
975 322 949
909 798 848
863 930 941
656 179 942
603 424 901
740 486 979
542 540 830
125 999 806
148 209 934
666 453 996
693 979 964
621 787 812
277 486 872
483 265 814
30 557 852
20 653 966
809 528 838
315 977 824
785 395 915
128 560 948
281 131 895
957 628 952
440 27 847
567 402 987
218 399 822
607 434 856
874 55 866
240 16 845
61 200 816
66 719 951
138 886 862
647 783 972
144 925 894
572 188 887
383 992 973
27 923 982
522 58 926
591 480 884
651 373 948
849 306 861
953 776 1000
362 1 911
615 405 965
968 607 813
341 546 866
309 742 944
44 590 894
173 993 993
724 199 864
759 55 878
409 667 902
63 332 889
710 245 817
26 849 984
153 625 810
243 957 942
689 458 926
84 452 889
660 827 866
287 160 870
996 755 983
822 487 821
796 741 851
880 356 872
766 447 914
534 145 939
47 506 876
190 651 938
374 923 938
678 919 829
666 513 808
92 965 861
186 558 896
949 931 820
810 953 969
235 548 931
203 916 806
571 136 882
602 843 820
190 839 911
157 661 807
503 625 924
626 23 876
357 897 932
634 61 861
475 618 988
100 755 946
805 977 929
77 60 844
740 780 971
119 321 805
645 530 830
993 861 896
333 652 908
247 79 946
504 202 836
722 625 885
699 218 954
777 64 943
959 677 931
760 195 854
736 259 902
73 664 965
998 746 947
945 540 837
858 705 947
686 97 944
372 386 873
614 670 914
780 696 990
698 651 806
182 934 988
331 435 925
538 153 964
596 933 905
619 584 920
354 269 982
287
273 613 871
95 590 966
150 497 949
93 389 969
929 78 860
994 30 967
421 325 840
799 262 931
710 975 912
677 886 943
162 861 875
514 877 873
672 541 974
760 672 879
600 734 889
675 113 935
309 606 998
346 183 806
255 347 864
297 318 930
973 751 846
557 302 833
410 601 865
360 505 939
365 288 926
590 248 803
974 730 918
48 966 958
863 709 857
463 600 878
48 164 956
132 595 994
790 389 915
679 1000 934
189 945 869
670 444 851
516 669 857
263 580 930
545 935 903
456 928 938
190 804 984
541 429 896
499 592 939
307 416 960
420 965 802
732 705 968
997 201 859
386 957 981
820 202 879
975 840 967
239 364 800
821 833 849
726 526 829
91 518 847
963 912 869
744 219 862
399 856 930
676 438 931
544 918 875
844 957 825
265 662 864
133 763 870
385 604 840
643 463 981
271 637 917
18 703 911
77 804 913
150 4 813
900 955 973
719 46 926
246 964 979
656 898 967
707 807 890
849 178 994
125 286 832
194 509 877
461 901 890
674 63 894
499 887 889
488 946 841
344 198 991
504 957 1000
703 953 926
336 774 859
148 644 833
717 499 823
173 179 979
976 830 824
207 104 964
542 665 907
506 246 897
783 918 814
153 949 997
957 267 960
307 584 893
960 261 812
534 348 943
265 995 931
886 99 824
869 229 953
33 432 942
963 102 982
149 252 853
240 598 864
69 114 905
241 180 973
568 607 882
881 314 912
451 157 922
821 745 984
394 680 811
749 248 815
225 272 961
900 801 867
441 577 888
683 171 800
216 649 912
258 110 834
776 521 849
239 459 903
28 190 880
387 545 827
558 33 809
721 80 898
973 580 879
225 889 862
119 382 876
589 772 835
458 578 991
539 501 982
200 620 844
531 616 845
131 853 843
393 883 910
165 896 950
46 643 898
20 588 849
971 339 803
461 915 878
847 881 997
367 947 940
650 354 950
458 764 816
185 944 818
536 778 905
196 593 904
203 692 800
645 707 924
681 749 954
186 837 999
660 442 821
69 344 870
526 252 851
331 119 901
995 503 824
987 636 942
384 202 864
136 204 963
131 408 957
689 668 896
763 376 882
783 380 901
515 673 938
904 260 870
58 113 914
307 885 916
510 855 984
84 186 850
41 254 948
617 759 817
330 363 816
212 745 878
664 73 890
459 951 987
443 332 961
453 176 826
724 188 983
558 119 856
152 195 956
790 611 927
511 193 864
997 186 882
746 734 895
315 287 981
77 41 961
278 858 816
130 952 918
372 560 870
503 896 816
434 428 831
258 254 815
717 213 999
370 957 860
128 152 804
840 289 928
613 329 935
375 812 854
104 212 977
768 593 872
809 721 988
50 870 917
138 256 916
450 702 950
265 522 940
166 366 873
679 298 908
934 335 856
184 874 932
965 68 926
652 569 811
181 237 941
902 524 905
546 36 902
868 540 901
425 958 815
40 536 894
633 5 806
37 394 930
106 165 988
852 294 977
956 796 827
248 369 979
713 238 957
263 912 947
118 825 994
723 906 841
470 949 831
137 615 940
721 631 825
385 409 891
564 710 977
86 962 927
602 62 891
998 343 904
122 132 847
405 997 975
881 530 888
862 106 891
154 285 968
322 638 852
604 44 906
445 146 824
28 818 915
998 367 835
515 758 917
62 659 870
233 881 804
188 41 951
819 33 823
39 368 917
106 724 827
611 885 835
605 552 812
328 828 854
777 426 827
33 964 885
631 724 937
370 793 891
725 27 887
452 446 966
384 809 873
444 251 999
241 543 801
281 388 836
798 373 948
886 195 938
691 382 977
480 425 947
433 214 893
824 271 961
759 278 941
788 10 952
239 867 977
993 63 905
363 826 864
413 347 865
769 895 923
251 64 863
427 15 841
807 988 960
954 468 808
788 482 847
997 879 860
994 294 837
181 739 836
997 860 943
315 241 943
283
433 842 915
159 373 805
397 85 811
781 112 949
567 659 867
554 119 835
370 871 879
562 534 811
448 408 845
772 474 830
165 10 848
674 710 855
454 801 929
345 999 827
298 296 846
99 994 848
440 472 967
9 200 941
818 610 892
101 783 939
89 777 804
792 387 850
466 251 916
489 877 874
536 327 805
670 572 970
218 932 871
662 634 827
936 553 911
14 617 943
241 919 992
979 622 829
975 486 954
689 557 868
750 151 969
58 318 909
945 343 812
234 496 961
462 525 809
681 692 881
636 755 834
881 435 900
891 146 998
586 619 909
724 810 932
435 711 904
489 801 862
626 357 937
95 814 884
414 317 1000
218 428 875
628 15 880
199 995 820
264 541 805
337 780 807
333 266 939
421 380 908
151 353 848
232 76 998
15 258 952
218 775 875
183 1 895
699 533 961
313 408 877
567 126 833
666 855 814
788 161 842
483 265 861
772 278 893
777 98 981
40 33 901
900 519 963
690 970 932
94 5 876
399 914 953
845 982 817
611 711 976
308 671 800
438 26 934
974 766 828
767 431 950
875 731 803
407 414 837
62 541 980
703 840 814
551 736 939
53 581 922
445 908 936
252 196 939
511 224 836
122 515 860
612 823 938
903 97 800
368 538 892
219 225 979
345 215 954
151 272 955
34 218 979
296 642 873
470 266 802
25 409 862
616 822 956
783 630 877
537 64 906
1 131 985
466 737 937
144 360 830
972 741 843
900 974 831
461 777 992
609 202 826
436 124 881
704 75 886
279 619 913
193 382 856
555 568 999
272 848 841
389 852 981
406 812 864
680 539 894
947 599 915
175 976 892
778 505 907
852 897 865
956 662 818
753 917 903
24 845 992
669 60 854
153 606 893
418 150 826
9 930 1000
413 88 851
902 558 844
974 859 931
795 25 839
82 414 821
194 672 946
342 373 875
655 270 827
278 794 941
758 121 809
764 493 933
336 73 986
94 991 980
115 275 801
162 796 965
961 326 845
380 232 852
547 500 987
795 850 866
613 516 915
887 335 807
60 470 994
958 457 932
519 319 985
984 913 834
699 246 842
928 409 885
18 559 836
573 94 849
677 944 918
56 524 987
911 169 855
888 99 906
365 992 857
347 777 966
421 284 943
718 281 817
891 872 994
464 331 813
618 819 984
379 37 875
41 239 973
859 505 829
245 688 843
354 920 980
463 813 963
341 958 838
422 661 971
792 286 875
678 202 854
56 97 925
497 810 862
336 825 840
39 695 844
636 428 898
745 124 839
670 414 991
627 970 959
807 438 956
233 922 926
527 485 851
209 596 924
278 227 807
299 536 900
997 435 938
718 588 890
320 488 859
171 630 830
837 529 950
110 619 915
330 178 930
995 128 801
763 780 983
638 736 934
306 463 956
959 677 826
707 669 863
164 876 802
54 601 999
800 875 907
311 329 875
451 12 894
28 833 809
643 79 999
301 952 908
666 932 924
906 455 906
48 408 971
368 32 849
44 633 964
357 972 921
526 219 926
445 521 820
911 76 954
796 691 877
20 341 929
566 304 883
175 636 941
195 889 815
239 743 972
616 143 980
410 250 888
643 411 895
57 411 909
518 929 989
652 788 982
231 118 885
238 410 924
558 40 875
442 613 915
743 486 921
639 984 995
233 305 984
721 658 808
639 282 875
185 148 807
166 157 892
263 644 911
983 412 926
837 219 875
725 655 815
974 651 968
738 564 968
440 804 801
54 659 864
14 615 820
544 68 807
482 227 971
793 83 905
394 470 873
814 91 901
520 559 879
694 826 959
240 868 927
244 52 974
332 950 881
589 539 975
659 868 984
716 878 897
579 127 844
421 528 812
714 489 853
335 220 888
396 141 903
527 446 999
561 730 965
418 60 974
501 360 859
41 790 965
989 168 996
771 338 885
583 941 809
294
692 37 955
696 609 870
621 451 859
171 316 813
649 682 935
181 90 872
158 287 943
719 515 895
475 676 957
37 89 865
126 683 903
55 7 913
354 181 806
721 554 954
511 619 999
416 184 845
578 869 906
167 815 923
616 995 836
962 64 864
774 913 855
569 477 968
467 103 929
881 295 940
929 592 936
862 604 973
112 898 892
84 847 924
509 399 813
854 153 915
338 850 809
287 175 893
318 308 953
169 765 826
743 535 864
11 34 969
894 316 977
806 205 956
634 162 907
690 976 861
576 727 858
358 914 927
411 58 888
366 618 833
183 600 928
769 856 852
971 887 803
394 215 884
607 792 804
613 554 944
962 993 886
573 811 984
129 746 836
820 946 844
548 567 873
4 181 876
585 807 941
349 379 881
381 131 961
286 894 960
625 978 809
232 705 854
83 42 823
288 87 829
493 146 861
524 46 875
962 599 981
65 426 979
831 989 918
611 461 967
55 887 877
741 462 901
851 89 865
643 560 889
176 909 976
516 205 826
298 59 929
340 852 957
504 709 972
210 944 814
769 130 891
574 889 979
766 186 882
391 807 803
225 83 804
747 925 873
469 762 995
246 587 893
758 533 997
983 528 967
636 103 854
680 919 997
946 556 835
309 207 919
781 751 932
888 944 920
338 216 964
155 52 943
151 242 971
711 115 982
101 205 974
267 250 800
614 576 933
79 165 913
563 995 847
906 451 884
631 235 942
170 275 844
18 277 943
403 212 890
767 527 993
690 41 849
160 892 911
323 646 917
244 359 846
552 525 892
342 155 815
124 221 964
368 369 919
304 452 906
832 202 823
925 122 844
907 175 857
393 689 982
297 725 968
638 539 912
808 622 898
760 499 823
307 813 997
566 919 856
885 889 863
556 837 974
705 988 897
350 501 869
309 796 978
728 478 807
128 283 863
230 644 898
807 76 947
278 89 908
7 518 960
501 706 990
407 516 883
729 852 959
676 60 810
611 456 840
290 455 948
441 172 809
208 818 994
353 330 944
972 811 913
97 133 908
608 902 900
989 1 865
708 945 804
937 212 952
12 902 960
585 3 861
252 657 930
54 374 919
858 737 876
595 280 817
820 930 985
120 336 873
938 627 943
85 301 982
814 412 932
945 520 873
266 995 902
140 90 865
289 688 999
274 937 815
81 326 852
282 269 918
1000 436 961
904 473 966
918 700 954
70 375 805
282 58 879
928 899 988
1000 936 947
657 404 810
818 224 969
969 248 805
637 650 807
489 926 926
390 175 998
217 976 995
965 374 841
704 145 877
682 454 997
444 219 942
6 149 981
844 278 970
380 383 856
147 525 957
273 881 890
134 322 998
464 479 926
569 867 998
97 107 886
229 229 970
892 360 874
886 178 987
505 958 872
867 894 948
794 992 912
445 430 944
852 235 936
397 988 974
99 312 908
439 773 964
717 349 956
829 508 859
976 824 973
656 507 859
719 53 871
825 896 857
697 481 950
984 661 986
196 998 914
666 212 881
521 135 902
146 490 963
40 391 866
712 281 837
222 71 835
398 363 880
940 486 942
155 588 870
419 589 879
824 888 990
142 905 846
450 246 986
448 314 975
568 300 984
166 205 860
215 75 830
302 614 884
170 221 907
288 681 860
550 301 976
445 466 856
822 591 896
927 866 859
691 913 840
888 348 904
759 737 865
974 839 871
403 303 912
702 965 857
462 28 813
87 804 861
1000 68 903
713 484 909
334 609 889
950 177 832
327 665 881
833 298 884
608 946 821
301 466 993
292 923 836
504 222 827
678 254 950
304 671 917
690 219 990
389 696 936
282 231 997
344 403 909
374 558 921
203 296 936
54 213 988
938 159 986
219 212 812
777 591 923
483 187 941
494 46 821
45 43 811
361 635 862
397 127 877
219 664 867
289 787 854
4 581 961
675 268 927
704 154 1000
376 178 997
203 475 979
650 634 927
346 666 852
226 431 919
173 857 940
481 618 800
819 502 836
495 440 875
261
554 975 854
45 131 828
12 26 905
254 43 806
914 805 962
660 91 804
464 10 978
430 206 834
830 638 930
903 387 886
468 950 813
145 491 967
7 304 905
576 73 804
193 620 955
715 280 835
285 419 892
95 953 938
377 575 959
149 242 846
40 804 803
654 278 916
255 254 914
612 593 824
862 435 984
988 588 863
3 683 882
978 521 921
986 439 972
268 871 800
1 710 846
482 153 922
682 958 818
349 99 946
568 810 828
351 702 922
518 432 880
682 428 878
837 645 823
804 574 815
350 643 866
833 485 913
536 731 941
866 751 893
11 550 808
310 348 895
4 825 812
303 560 873
506 481 995
23 34 939
465 52 960
996 389 865
590 817 916
968 245 837
891 889 905
892 293 946
284 191 962
319 128 937
571 285 979
466 605 998
399 15 915
527 71 921
731 828 834
794 685 835
293 3 926
846 38 949
412 380 954
20 160 994
974 232 975
201 129 816
833 578 952
70 974 996
74 254 828
277 995 822
27 65 900
473 955 978
401 306 836
990 969 880
245 240 903
937 703 948
170 301 810
370 382 967
120 474 985
16 14 856
247 732 845
444 808 810
239 550 874
89 208 969
814 536 942
987 151 996
721 783 892
319 657 950
632 646 924
515 754 811
100 844 897
174 16 879
651 294 906
817 828 831
14 551 962
471 849 976
617 61 888
785 849 946
988 295 968
134 796 968
857 149 992
954 460 825
790 776 841
773 366 964
379 579 806
6 482 936
678 216 805
448 686 996
118 830 974
93 198 888
590 466 804
561 231 861
644 796 883
169 437 849
354 685 942
644 818 800
858 390 970
153 898 883
224 179 942
858 475 876
171 929 929
592 945 907
973 676 880
128 522 849
644 213 947
485 101 908
568 691 888
391 745 912
368 176 942
331 524 998
263 302 988
115 378 927
387 978 808
560 352 815
359 256 907
174 464 838
864 57 877
896 6 862
831 993 898
869 339 892
629 380 841
194 593 838
596 883 876
584 991 976
60 593 858
311 190 807
388 836 951
572 20 881
298 842 810
536 207 854
141 40 850
554 869 921
386 953 808
335 755 880
92 142 900
583 739 819
17 466 928
386 634 937
250 480 929
780 65 989
25 552 838
382 835 904
256 990 996
614 711 899
32 452 853
856 656 847
265 778 948
853 178 811
857 412 827
331 838 987
822 427 913
86 272 868
224 367 807
863 351 884
49 541 839
827 911 857
791 556 817
519 994 877
933 157 857
833 893 814
749 138 989
536 337 836
122 599 883
183 982 940
620 399 994
631 872 996
244 393 970
531 979 995
753 804 802
553 778 801
618 71 876
286 424 935
910 285 916
258 805 825
129 408 948
493 476 873
505 636 894
961 706 867
769 213 804
241 411 801
756 252 993
320 128 999
205 743 924
357 268 938
621 600 821
623 89 878
637 392 829
661 301 868
174 532 843
543 50 830
773 775 906
459 661 911
428 224 983
426 957 992
622 374 973
153 663 942
713 266 918
656 768 858
218 173 955
965 635 903
548 299 982
761 501 963
202 871 959
886 6 895
870 152 880
759 194 840
113 986 811
2 879 915
629 296 801
27 672 904
592 306 837
338 211 831
811 98 821
774 950 834
107 852 982
482 520 906
854 294 966
703 838 836
544 285 804
299 339 850
831 425 902
658 413 941
893 298 971
690 468 970
773 475 935
684 100 971
249 655 925
833 166 899
106 539 813
666 67 933
736 83 868
332 74 875
579 736 889
98 179 952
225 184 962
467 20 988
441 975 952
260
330 383 962
894 55 857
50 551 872
658 281 876
241 362 861
79 298 949
930 816 831
349 675 858
119 310 998
98 632 939
179 468 840
241 544 848
630 89 847
658 999 874
768 184 836
107 841 821
130 587 858
687 177 942
402 464 831
532 666 803
743 994 995
225 995 963
389 962 901
664 857 911
130 230 830
130 681 953
73 858 991
410 516 819
885 949 993
123 214 947
176 205 847
564 425 903
694 926 931
155 711 916
324 352 853
369 798 920
742 783 873
22 847 841
80 824 987
157 801 948
772 874 898
930 930 870
701 266 980
545 15 928
209 938 995
306 813 939
445 307 934
323 775 975
476 432 959
300 450 863
920 310 850
578 966 973
973 330 864
725 782 842
403 867 864
619 579 946
900 953 985
898 996 932
494 476 937
977 378 812
234 648 929
815 666 819
844 712 852
838 915 829
564 802 873
282 185 922
382 467 868
237 170 967
910 115 945
526 760 946
830 866 982
163 270 980
3 923 988
474 688 891
174 1 819
135 429 944
808 232 944
530 630 961
800 830 925
791 196 928
440 555 990
459 14 991
757 901 928
133 521 986
799 880 853
297 901 862
545 589 839
627 724 927
697 513 808
899 356 800
427 96 927
37 167 857
274 537 830
468 785 881
480 764 814
126 579 834
190 387 827
449 23 978
606 854 989
527 13 885
617 835 829
879 340 825
195 740 995
5 979 894
950 649 868
132 961 924
902 313 829
298 657 823
105 180 957
883 771 969
707 883 977
345 721 875
200 307 917
652 798 890
345 150 890
701 484 937
723 547 824
231 686 936
702 792 956
9 996 975
850 886 905
246 966 964
63 828 994
582 620 903
965 815 957
98 292 925
554 466 889
874 371 851
148 521 937
530 561 949
950 499 977
366 679 837
207 112 950
18 939 979
696 688 807
477 271 915
892 317 828
672 877 929
622 690 962
178 606 896
974 485 895
230 403 857
861 377 933
385 716 914
75 560 968
837 97 966
5 335 900
962 814 807
291 755 851
142 603 840
545 116 968
539 379 925
510 848 951
978 780 814
74 738 851
829 791 826
172 131 979
81 313 821
836 153 918
868 675 860
764 453 808
412 325 842
325 66 896
666 569 834
976 587 844
758 366 937
203 813 874
947 642 940
94 542 944
852 116 914
173 709 952
567 137 898
431 75 969
322 758 996
574 560 944
285 31 939
537 874 839
72 255 947
520 898 904
381 783 978
750 897 878
863 283 879
173 714 980
19 602 851
741 136 961
895 69 955
181 298 868
993 378 981
766 156 918
202 218 907
197 968 858
395 889 862
88 566 921
24 909 860
180 489 844
99 474 898
757 507 902
115 251 923
358 971 812
21 796 996
826 812 884
586 311 935
771 465 994
122 676 965
538 686 931
704 133 862
167 385 960
983 121 996
546 697 980
636 176 851
258 599 849
197 632 966
829 731 816
265 446 873
799 121 904
504 88 952
991 876 940
5 697 808
959 266 869
386 13 909
747 794 851
284 262 808
445 930 868
936 311 952
463 868 866
852 888 960
769 954 874
474 722 899
349 672 880
113 676 887
520 635 938
173 805 809
682 872 890
41 812 897
496 366 929
762 158 921
641 439 817
662 47 938
191 851 997
30 266 841
255 974 951
89 29 931
299 12 939
938 855 890
126 931 841
451 493 835
609 785 996
267 877 811
140 510 815
5 264 853
736 244 937
457 774 960
908 525 879
951 798 891
149 60 902
978 540 802
417 560 981
522 878 945
334 156 919
734 561 956
252
779 691 885
320 55 871
931 43 911
686 257 927
536 367 970
389 267 856
932 919 901
63 411 977
301 21 903
884 320 902
702 201 825
363 156 895
808 202 975
173 362 959
923 70 863
214 389 922
336 324 919
415 554 991
34 777 852
481 823 948
238 904 803
139 725 949
31 687 960
247 787 825
757 582 836
720 452 871
928 722 943
160 978 991
728 506 819
552 547 854
448 280 878
152 484 997
547 787 963
248 372 877
677 675 828
262 92 986
606 101 963
866 676 966
900 233 994
71 607 928
72 761 852
132 907 843
226 443 931
683 115 897
463 602 825
272 166 926
227 808 876
909 44 924
907 760 926
612 38 889
221 914 819
973 502 936
634 846 950
297 896 840
883 838 895
215 392 872
987 910 918
678 685 856
773 718 855
195 141 894
758 282 829
285 250 862
108 960 864
829 548 820
240 578 962
170 535 822
449 6 969
5 927 943
34 531 896
793 74 911
909 829 908
807 174 997
696 612 895
719 107 917
992 393 946
194 218 895
156 897 955
430 7 980
620 158 917
410 220 838
314 595 884
228 784 826
785 54 912
712 102 807
324 804 962
410 513 933
9 416 842
62 255 812
694 588 870
951 92 944
147 517 911
102 674 872
177 745 803
317 510 898
370 635 850
331 805 839
250 33 845
232 159 954
245 891 823
148 996 924
882 416 932
308 445 907
519 5 845
926 69 838
486 231 913
670 408 992
702 49 978
160 947 822
334 648 858
544 326 837
966 790 918
951 102 975
279 165 860
376 206 802
518 286 884
530 936 820
539 216 964
639 375 857
368 237 989
349 167 952
150 114 948
180 912 877
114 111 828
776 999 997
418 967 847
24 391 958
937 801 992
287 199 837
554 103 820
586 964 848
363 85 858
298 514 930
464 932 998
58 381 920
90 176 935
668 902 868
64 712 882
736 819 850
807 429 943
62 422 861
253 382 803
341 721 947
970 362 840
715 297 823
841 646 802
694 122 893
764 400 911
859 730 993
544 572 815
687 890 857
936 182 889
987 568 835
268 584 929
43 217 843
371 117 812
241 278 991
519 781 961
470 981 949
538 698 937
523 699 854
567 428 921
118 415 970
754 697 840
327 585 931
115 464 899
908 259 832
127 134 813
753 951 871
65 665 906
813 395 828
568 413 804
18 681 854
241 755 992
645 786 948
847 673 927
278 949 893
721 223 838
656 83 934
868 974 986
84 366 861
569 711 904
97 298 961
913 58 821
168 59 950
959 932 960
190 480 887
93 869 979
466 646 885
666 658 978
608 665 855
715 407 813
301 288 871
713 336 938
918 367 988
474 209 821
259 217 976
35 578 979
144 230 895
597 568 912
774 491 856
630 513 905
878 920 908
138 183 953
447 534 829
147 192 851
544 681 859
765 452 952
841 499 852
134 735 963
718 82 829
101 488 902
132 43 844
872 370 861
96 328 839
195 329 812
60 503 912
751 784 952
908 403 978
496 665 818
217 552 939
378 702 877
765 898 843
46 343 803
943 126 869
464 756 870
817 980 864
908 156 876
558 755 948
960 172 913
688 974 924
140 13 948
578 223 811
25 409 990
946 258 945
670 693 908
42 748 870
913 628 940
95 836 952
381 225 932
706 465 853
663 222 891
974 397 850
847 244 836
355 121 836
676 187 952
169 738 847
775 939 986
848 772 950
172 707 940
686 940 851
181 793 962
936 522 992
295
961 830 873
888 866 956
930 545 878
981 743 867
238 346 949
510 873 917
258 207 859
614 947 938
294 327 997
996 296 962
965 677 923
573 88 906
919 850 826
538 964 929
702 178 982
435 675 840
239 280 922
541 101 989
714 837 823
721 983 937
172 702 956
534 798 923
116 60 873
105 848 858
652 369 883
578 624 807
641 328 800
730 977 979
821 580 939
898 718 892
891 445 902
94 840 816
612 863 981
587 385 988
729 868 811
22 335 999
48 324 964
550 851 837
115 619 829
386 676 960
694 339 999
38 438 935
48 506 961
299 767 966
157 757 978
526 452 951
394 285 859
652 800 966
553 722 845
835 294 965
894 631 854
234 9 977
434 757 918
892 120 972
767 587 972
354 678 907
556 293 850
168 569 915
450 803 938
473 98 996
463 532 979
718 86 867
193 67 895
396 699 947
782 458 976
524 710 939
67 45 864
727 683 831
482 888 864
10 317 838
368 564 998
184 767 838
574 863 859
990 11 956
943 283 943
300 834 866
42 137 814
913 676 833
57 110 837
582 209 808
675 397 911
910 127 893
462 518 979
509 486 910
47 958 819
800 130 938
973 687 833
108 679 822
67 114 941
866 34 921
310 523 819
818 878 928
903 341 830
503 37 922
314 646 936
458 33 825
615 469 834
994 267 831
24 954 902
442 362 911
658 54 812
412 366 832
880 51 998
910 478 915
141 229 980
859 31 866
169 106 833
789 592 925
63 343 821
232 851 962
908 716 947
401 301 835
459 225 869
567 680 849
704 930 826
224 511 830
155 440 920
992 506 931
559 608 952
735 332 848
938 129 859
970 202 944
534 849 967
68 318 862
327 711 954
333 500 985
103 7 909
298 323 930
312 2 939
573 294 898
800 245 839
991 428 980
986 852 956
252 270 994
227 791 960
742 104 900
99 4 968
470 747 899
22 310 958
552 841 934
290 246 976
76 817 845
562 7 915
437 828 954
875 183 954
188 303 997
310 987 986
613 362 905
831 795 930
606 450 821
668 487 816
556 139 835
136 145 979
87 106 833
912 667 823
855 984 985
391 131 877
296 857 956
246 381 871
131 623 992
175 192 931
77 546 816
59 21 899
420 802 983
649 940 828
216 454 964
25 504 856
80 358 804
401 237 960
614 494 863
670 832 909
371 717 968
413 14 900
854 430 894
715 224 833
106 342 817
979 574 950
215 614 951
447 154 827
772 402 914
321 23 974
233 233 811
380 179 949
778 262 998
189 138 803
57 976 918
158 475 862
644 230 951
317 199 936
112 134 961
833 848 924
189 687 814
94 144 962
467 924 962
938 834 904
35 34 921
104 157 998
170 981 833
283 751 840
442 198 895
605 463 990
866 8 955
673 694 917
33 949 990
551 799 921
189 907 950
800 446 810
737 515 925
121 286 858
760 4 823
732 166 995
915 108 889
987 293 819
330 56 999
607 180 846
9 725 985
689 204 967
857 630 947
127 641 896
522 279 982
595 741 936
814 339 970
559 681 880
656 42 868
620 288 915
326 318 1000
252 909 940
835 606 967
165 135 824
433 435 816
384 123 810
590 762 961
361 866 971
869 634 928
896 698 949
15 855 972
185 594 846
410 30 811
263 49 928
273 428 979
31 551 812
765 833 949
739 287 939
876 49 836
357 532 828
31 77 961
853 562 881
641 430 928
389 135 927
630 851 871
988 635 985
513 644 963
120 109 801
153 238 906
673 134 924
685 648 846
514 210 988
486 998 905
425 933 911
949 261 957
242 259 878
885 336 991
96 516 910
171 369 834
828 190 826
420 970 994
378 251 890
807 653 872
313 774 928
883 242 986
634 961 907
139 696 946
292 249 987
384 102 830
22 334 823
950 122 838
93 892 994
434 506 930
7 198 884
371 299 826
304 716 906
160 767 984
748 27 822
625 180 925
108 437 927
889 81 957
525 609 917
131 546 976
190 765 845
19 391 919
594 514 895
527 64 917
102 312 809
303 988 912
659 234 948
295
236 376 986
355 345 835
546 936 931
402 680 981
895 315 891
387 842 947
460 369 855
439 634 993
607 462 978
877 124 929
217 188 827
769 98 843
526 523 907
661 31 817
894 169 993
7 89 841
931 398 821
890 387 956
971 826 870
384 474 991
478 993 914
807 718 822
859 774 856
905 844 952
631 326 987
442 915 862
742 432 906
372 77 820
270 19 882
462 279 907
768 607 827
701 395 832
633 327 841
242 189 975
833 669 966
965 291 885
635 544 931
529 353 801
382 587 839
553 685 970
313 310 946
394 879 826
612 170 945
874 508 949
334 327 963
248 563 955
954 193 879
637 56 972
310 747 850
210 552 902
846 507 939
418 437 836
733 960 857
946 411 879
884 320 877
959 171 881
895 661 989
623 167 942
445 162 998
436 118 818
511 1 947
981 457 880
987 703 886
934 574 920
490 715 877
450 660 945
832 955 983
686 654 987
331 161 852
49 164 809
390 69 885
906 879 933
783 652 922
536 28 921
911 48 864
385 796 957
576 576 935
500 210 970
612 386 957
88 438 916
789 14 809
106 880 805
912 614 802
218 632 888
614 396 824
230 276 958
557 59 1000
146 169 806
530 258 808
886 142 879
218 109 851
633 399 958
179 284 901
997 574 922
630 897 884
892 248 808
542 85 885
195 334 957
342 363 859
444 625 820
814 608 958
410 426 987
438 258 866
479 673 962
816 775 982
760 509 967
832 160 859
532 436 976
22 678 916
593 581 803
94 548 844
713 347 983
478 103 924
100 100 813
625 306 849
910 777 908
267 910 963
675 55 907
868 392 964
193 774 945
425 459 858
102 953 966
216 465 836
683 262 815
114 389 942
911 871 954
519 988 840
591 889 955
726 212 932
461 715 959
819 404 929
272 178 971
180 476 978
140 203 996
606 263 943
729 306 833
172 487 980
641 841 996
569 889 970
309 516 821
991 658 835
824 155 875
1000 464 976
287 656 826
75 100 857
63 603 818
186 135 811
776 498 923
827 772 843
226 846 934
467 198 933
527 499 962
298 402 834
256 599 811
268 335 869
658 973 806
213 3 903
538 114 881
832 336 832
528 721 830
968 456 852
65 644 886
103 69 909
376 971 814
326 70 833
415 992 978
748 829 852
625 778 900
540 221 902
787 945 877
513 947 997
483 834 856
860 658 897
639 205 810
960 877 885
986 644 920
788 431 980
635 469 950
882 870 903
8 171 946
502 848 844
730 352 933
177 101 898
505 902 838
671 342 853
162 192 933
888 333 956
463 763 953
851 455 875
983 913 941
952 670 996
653 800 998
750 90 818
774 927 966
186 233 986
158 506 936
730 84 830
196 111 974
34 85 952
118 1 875
374 248 930
566 979 999
872 758 933
166 296 866
459 832 961
208 617 952
152 11 990
994 439 976
295 679 832
153 667 934
409 982 896
108 762 862
404 490 891
491 725 807
391 78 825
577 657 912
624 136 952
62 676 952
418 30 817
808 800 850
956 999 841
812 396 906
671 300 990
72 687 900
807 768 870
492 470 950
909 373 959
41 50 858
690 392 957
761 946 926
431 422 996
680 312 902
676 208 942
818 441 904
71 563 999
734 973 993
718 467 939
634 57 904
399 962 835
336 977 984
774 333 806
624 411 935
183 599 941
318 657 908
182 680 851
678 414 916
524 695 973
22 996 904
651 910 947
931 835 836
157 703 1000
880 541 830
321 405 816
267 617 961
302 236 955
753 997 852
235 436 854
356 905 906
911 507 989
722 960 924
950 409 895
737 369 827
260 401 840
616 101 994
757 821 838
256 162 865
476 409 905
52 841 893
612 620 963
430 716 855
461 331 996
531 347 827
768 767 848
176 511 860
780 953 930
629 623 869
59 420 846
330 858 843
512 626 876
720 933 926
954 146 817
154 494 838
142 329 904
292 305 934
152 536 941
795 450 979
788 966 817
870 883 894
811 525 931
156 62 970
520 762 827
744 286 912
732 792 804
129 514 996
503 492 890
289
122 844 983
279 365 844
815 252 964
264 877 922
349 198 937
297 128 833
690 704 949
853 660 979
76 607 949
303 643 819
6 477 840
268 355 863
700 200 907
877 366 959
769 92 816
238 574 844
998 986 950
116 404 959
332 577 984
165 817 997
380 613 945
264 341 904
726 183 840
184 904 972
367 796 837
620 230 868
135 704 944
954 551 867
107 909 872
211 47 981
471 959 906
649 593 943
791 363 952
575 802 958
190 616 821
537 84 912
887 421 1000
868 368 806
172 645 878
32 497 840
308 975 943
924 534 856
241 337 832
209 222 967
497 518 894
867 402 897
875 14 868
892 934 803
278 614 812
730 40 929
853 481 879
994 142 937
62 702 825
990 545 954
837 842 901
20 607 981
659 392 873
536 841 963
579 623 881
347 152 913
887 12 982
340 86 902
591 184 890
863 395 873
962 563 900
260 14 953
865 74 996
402 638 837
273 350 916
365 48 816
433 30 957
484 818 988
571 175 873
974 471 850
735 250 918
247 717 977
333 501 878
726 613 904
873 941 815
547 882 945
509 131 869
38 380 816
186 45 843
497 173 886
976 767 944
321 964 856
159 410 832
177 786 911
742 389 946
489 538 821
67 58 885
22 549 899
538 315 990
274 629 950
338 558 869
774 497 837
829 893 876
918 281 812
279 641 978
541 11 980
594 289 893
538 399 838
657 662 973
890 182 845
986 625 820
134 89 999
32 160 833
615 503 855
936 806 935
447 623 947
10 945 987
722 64 825
667 441 889
302 743 874
746 6 882
304 928 904
217 914 842
561 255 821
205 216 929
311 375 893
160 484 835
831 507 842
837 891 892
226 484 944
805 181 836
462 963 837
257 745 911
359 305 845
615 552 808
910 428 935
993 101 994
394 795 825
875 660 829
477 700 936
196 130 964
753 557 919
472 540 935
99 657 924
140 700 953
791 236 874
58 272 910
997 689 990
174 235 958
692 475 995
145 777 965
13 217 842
669 893 839
633 990 927
105 886 938
14 568 934
990 163 959
511 88 856
114 363 989
890 331 839
467 281 822
991 671 826
335 391 801
54 505 901
946 785 933
617 453 849
705 644 935
323 262 917
838 151 868
71 687 949
891 681 807
797 370 973
451 220 891
769 464 998
637 497 947
437 673 936
891 860 994
521 309 882
867 523 830
216 370 858
37 546 841
518 824 979
990 857 990
688 402 947
619 73 988
83 183 851
32 323 853
593 905 977
42 651 927
327 748 881
810 60 817
851 226 909
988 117 989
101 981 852
480 635 926
244 805 808
719 751 945
612 452 967
993 489 833
245 239 875
341 925 887
566 38 973
250 863 828
690 638 911
444 210 930
26 590 980
9 414 803
956 111 931
830 954 915
556 32 898
108 911 829
985 18 898
704 894 818
146 80 957
834 827 812
9 819 875
717 611 955
335 932 994
919 130 812
240 145 815
705 617 930
969 956 947
754 191 965
241 241 821
720 565 992
717 182 989
392 999 821
495 633 913
72 177 849
328 326 840
25 952 934
500 127 889
329 833 997
990 600 825
984 110 864
188 850 929
297 911 911
461 575 889
805 685 840
41 909 867
956 638 844
80 295 811
332 468 868
935 706 817
798 760 826
591 580 912
998 598 947
542 987 857
433 833 882
483 947 808
309 610 978
661 376 924
308 796 945
133 918 960
698 794 940
548 270 827
328 83 944
526 915 970
328 286 803
167 916 894
731 977 974
566 171 873
720 55 896
192 271 961
823 771 805
775 925 983
453 830 962
76 605 890
34 384 897
961 667 938
376 781 952
131 987 803
941 958 885
974 786 892
932 555 852
938 537 841
439 318 924
261 795 870
640 179 939
450 74 906
713 245 909
281 278 993
242 107 956
264 63 809
26 404 875
257 340 983
584 599 944
372 803 853
299 79 816
256 459 950
543 5 942
829 927 954
74 239 862
348 356 948
174 88 855
0 71 9 284 33 131 4 4 298 93 50 20 115
123 0 144 173 51 262 73 196 232 77 241 101 266
9 232 0 214 158 299 247 144 1 22 242 169 167
191 228 284 0 261 287 262 157 120 248 60 145 40
52 44 253 115 0 204 39 233 116 157 155 1 95
138 277 179 111 195 0 0 192 255 168 222 262 17
229 210 55 189 25 138 0 59 299 150 299 233 128
29 26 146 279 125 118 280 0 88 169 127 148 262
256 253 228 63 217 194 262 63 0 173 162 149 96
18 244 130 30 103 61 142 284 28 0 211 300 58
245 109 118 132 9 13 77 135 38 154 0 53 110
220 247 39 92 155 9 174 17 71 269 119 0 238
74 285 56 24 168 172 280 51 261 1 118 68 0
