14 1000 1000
300
1 81 1000
1 497 1000
1 325 1000
1 417 1000
1 902 1000
1 857 1000
1 211 1000
1 340 1000
1 16 1000
1 593 1000
1 310 1000
1 431 1000
1 218 1000
1 676 1000
1 80 1000
1 511 1000
1 674 1000
1 835 1000
1 980 1000
1 501 1000
1 731 1000
1 896 1000
1 399 1000
1 432 1000
1 333 1000
1 84 1000
1 328 1000
1 409 1000
1 121 1000
1 420 1000
1 925 1000
1 438 1000
1 104 1000
1 806 1000
1 559 1000
1 554 1000
1 435 1000
1 327 1000
1 595 1000
1 658 1000
1 130 1000
1 958 1000
1 466 1000
1 775 1000
1 455 1000
1 807 1000
1 552 1000
1 569 1000
1 954 1000
1 315 1000
1 382 1000
1 8 1000
1 957 1000
1 61 1000
1 305 1000
1 890 1000
1 943 1000
1 469 1000
1 443 1000
1 299 1000
1 699 1000
1 455 1000
1 343 1000
1 342 1000
1 496 1000
1 258 1000
1 40 1000
1 455 1000
1 433 1000
1 307 1000
1 977 1000
1 882 1000
1 764 1000
1 98 1000
1 515 1000
1 523 1000
1 357 1000
1 410 1000
1 484 1000
1 262 1000
1 107 1000
1 987 1000
1 685 1000
1 542 1000
1 751 1000
1 729 1000
1 297 1000
1 297 1000
1 338 1000
1 965 1000
1 555 1000
1 256 1000
1 974 1000
1 609 1000
1 151 1000
1 825 1000
1 737 1000
1 846 1000
1 157 1000
1 886 1000
1 856 1000
1 479 1000
1 123 1000
1 94 1000
1 152 1000
1 829 1000
1 322 1000
1 385 1000
1 605 1000
1 356 1000
1 854 1000
1 831 1000
1 837 1000
1 154 1000
1 865 1000
1 231 1000
1 331 1000
1 413 1000
1 63 1000
1 266 1000
1 374 1000
1 868 1000
1 304 1000
1 992 1000
1 706 1000
1 698 1000
1 267 1000
1 119 1000
1 444 1000
1 944 1000
1 944 1000
1 489 1000
1 616 1000
1 434 1000
1 683 1000
1 741 1000
1 661 1000
1 568 1000
1 758 1000
1 259 1000
1 741 1000
1 325 1000
1 925 1000
1 378 1000
1 184 1000
1 945 1000
1 322 1000
1 772 1000
1 312 1000
1 920 1000
1 857 1000
1 807 1000
1 284 1000
1 898 1000
1 939 1000
1 3 1000
1 471 1000
1 83 1000
1 149 1000
1 488 1000
1 736 1000
1 122 1000
1 560 1000
1 880 1000
1 954 1000
1 733 1000
1 640 1000
1 135 1000
1 483 1000
1 778 1000
1 127 1000
1 328 1000
1 591 1000
1 805 1000
1 370 1000
1 329 1000
1 661 1000
1 870 1000
1 513 1000
1 748 1000
1 222 1000
1 234 1000
1 193 1000
1 6 1000
1 547 1000
1 343 1000
1 923 1000
1 314 1000
1 622 1000
1 275 1000
1 404 1000
1 93 1000
1 237 1000
1 836 1000
1 101 1000
1 897 1000
1 645 1000
1 246 1000
1 243 1000
1 389 1000
1 619 1000
1 899 1000
1 134 1000
1 65 1000
1 51 1000
1 500 1000
1 652 1000
1 52 1000
1 411 1000
1 115 1000
1 517 1000
1 679 1000
1 990 1000
1 475 1000
1 406 1000
1 954 1000
1 539 1000
1 268 1000
1 736 1000
1 932 1000
1 766 1000
1 418 1000
1 968 1000
1 965 1000
1 460 1000
1 516 1000
1 159 1000
1 326 1000
1 505 1000
1 615 1000
1 458 1000
1 149 1000
1 76 1000
1 211 1000
1 930 1000
1 228 1000
1 671 1000
1 195 1000
1 546 1000
1 801 1000
1 986 1000
1 119 1000
1 310 1000
1 294 1000
1 399 1000
1 20 1000
1 88 1000
1 464 1000
1 565 1000
1 216 1000
1 258 1000
1 337 1000
1 143 1000
1 256 1000
1 378 1000
1 16 1000
1 836 1000
1 828 1000
1 767 1000
1 966 1000
1 646 1000
1 368 1000
1 151 1000
1 361 1000
1 782 1000
1 35 1000
1 59 1000
1 995 1000
1 381 1000
1 809 1000
1 527 1000
1 298 1000
1 698 1000
1 995 1000
1 300 1000
1 312 1000
1 97 1000
1 427 1000
1 240 1000
1 178 1000
1 319 1000
1 299 1000
1 122 1000
1 922 1000
1 377 1000
1 966 1000
1 9 1000
1 327 1000
1 413 1000
1 139 1000
1 860 1000
1 274 1000
1 677 1000
1 743 1000
1 937 1000
1 553 1000
1 817 1000
1 865 1000
1 593 1000
1 493 1000
300
1 81 1000
1 497 1000
1 325 1000
1 417 1000
1 902 1000
1 857 1000
1 211 1000
1 340 1000
1 16 1000
1 593 1000
1 310 1000
1 431 1000
1 218 1000
1 676 1000
1 80 1000
1 511 1000
1 674 1000
1 835 1000
1 980 1000
1 501 1000
1 731 1000
1 896 1000
1 399 1000
1 432 1000
1 333 1000
1 84 1000
1 328 1000
1 409 1000
1 121 1000
1 420 1000
1 925 1000
1 438 1000
1 104 1000
1 806 1000
1 559 1000
1 554 1000
1 435 1000
1 327 1000
1 595 1000
1 658 1000
1 130 1000
1 958 1000
1 466 1000
1 775 1000
1 455 1000
1 807 1000
1 552 1000
1 569 1000
1 954 1000
1 315 1000
1 382 1000
1 8 1000
1 957 1000
1 61 1000
1 305 1000
1 890 1000
1 943 1000
1 469 1000
1 443 1000
1 299 1000
1 699 1000
1 455 1000
1 343 1000
1 342 1000
1 496 1000
1 258 1000
1 40 1000
1 455 1000
1 433 1000
1 307 1000
1 977 1000
1 882 1000
1 764 1000
1 98 1000
1 515 1000
1 523 1000
1 357 1000
1 410 1000
1 484 1000
1 262 1000
1 107 1000
1 987 1000
1 685 1000
1 542 1000
1 751 1000
1 729 1000
1 297 1000
1 297 1000
1 338 1000
1 965 1000
1 555 1000
1 256 1000
1 974 1000
1 609 1000
1 151 1000
1 825 1000
1 737 1000
1 846 1000
1 157 1000
1 886 1000
1 856 1000
1 479 1000
1 123 1000
1 94 1000
1 152 1000
1 829 1000
1 322 1000
1 385 1000
1 605 1000
1 356 1000
1 854 1000
1 831 1000
1 837 1000
1 154 1000
1 865 1000
1 231 1000
1 331 1000
1 413 1000
1 63 1000
1 266 1000
1 374 1000
1 868 1000
1 304 1000
1 992 1000
1 706 1000
1 698 1000
1 267 1000
1 119 1000
1 444 1000
1 944 1000
1 944 1000
1 489 1000
1 616 1000
1 434 1000
1 683 1000
1 741 1000
1 661 1000
1 568 1000
1 758 1000
1 259 1000
1 741 1000
1 325 1000
1 925 1000
1 378 1000
1 184 1000
1 945 1000
1 322 1000
1 772 1000
1 312 1000
1 920 1000
1 857 1000
1 807 1000
1 284 1000
1 898 1000
1 939 1000
1 3 1000
1 471 1000
1 83 1000
1 149 1000
1 488 1000
1 736 1000
1 122 1000
1 560 1000
1 880 1000
1 954 1000
1 733 1000
1 640 1000
1 135 1000
1 483 1000
1 778 1000
1 127 1000
1 328 1000
1 591 1000
1 805 1000
1 370 1000
1 329 1000
1 661 1000
1 870 1000
1 513 1000
1 748 1000
1 222 1000
1 234 1000
1 193 1000
1 6 1000
1 547 1000
1 343 1000
1 923 1000
1 314 1000
1 622 1000
1 275 1000
1 404 1000
1 93 1000
1 237 1000
1 836 1000
1 101 1000
1 897 1000
1 645 1000
1 246 1000
1 243 1000
1 389 1000
1 619 1000
1 899 1000
1 134 1000
1 65 1000
1 51 1000
1 500 1000
1 652 1000
1 52 1000
1 411 1000
1 115 1000
1 517 1000
1 679 1000
1 990 1000
1 475 1000
1 406 1000
1 954 1000
1 539 1000
1 268 1000
1 736 1000
1 932 1000
1 766 1000
1 418 1000
1 968 1000
1 965 1000
1 460 1000
1 516 1000
1 159 1000
1 326 1000
1 505 1000
1 615 1000
1 458 1000
1 149 1000
1 76 1000
1 211 1000
1 930 1000
1 228 1000
1 671 1000
1 195 1000
1 546 1000
1 801 1000
1 986 1000
1 119 1000
1 310 1000
1 294 1000
1 399 1000
1 20 1000
1 88 1000
1 464 1000
1 565 1000
1 216 1000
1 258 1000
1 337 1000
1 143 1000
1 256 1000
1 378 1000
1 16 1000
1 836 1000
1 828 1000
1 767 1000
1 966 1000
1 646 1000
1 368 1000
1 151 1000
1 361 1000
1 782 1000
1 35 1000
1 59 1000
1 995 1000
1 381 1000
1 809 1000
1 527 1000
1 298 1000
1 698 1000
1 995 1000
1 300 1000
1 312 1000
1 97 1000
1 427 1000
1 240 1000
1 178 1000
1 319 1000
1 299 1000
1 122 1000
1 922 1000
1 377 1000
1 966 1000
1 9 1000
1 327 1000
1 413 1000
1 139 1000
1 860 1000
1 274 1000
1 677 1000
1 743 1000
1 937 1000
1 553 1000
1 817 1000
1 865 1000
1 593 1000
1 493 1000
300
1 81 1000
1 497 1000
1 325 1000
1 417 1000
1 902 1000
1 857 1000
1 211 1000
1 340 1000
1 16 1000
1 593 1000
1 310 1000
1 431 1000
1 218 1000
1 676 1000
1 80 1000
1 511 1000
1 674 1000
1 835 1000
1 980 1000
1 501 1000
1 731 1000
1 896 1000
1 399 1000
1 432 1000
1 333 1000
1 84 1000
1 328 1000
1 409 1000
1 121 1000
1 420 1000
1 925 1000
1 438 1000
1 104 1000
1 806 1000
1 559 1000
1 554 1000
1 435 1000
1 327 1000
1 595 1000
1 658 1000
1 130 1000
1 958 1000
1 466 1000
1 775 1000
1 455 1000
1 807 1000
1 552 1000
1 569 1000
1 954 1000
1 315 1000
1 382 1000
1 8 1000
1 957 1000
1 61 1000
1 305 1000
1 890 1000
1 943 1000
1 469 1000
1 443 1000
1 299 1000
1 699 1000
1 455 1000
1 343 1000
1 342 1000
1 496 1000
1 258 1000
1 40 1000
1 455 1000
1 433 1000
1 307 1000
1 977 1000
1 882 1000
1 764 1000
1 98 1000
1 515 1000
1 523 1000
1 357 1000
1 410 1000
1 484 1000
1 262 1000
1 107 1000
1 987 1000
1 685 1000
1 542 1000
1 751 1000
1 729 1000
1 297 1000
1 297 1000
1 338 1000
1 965 1000
1 555 1000
1 256 1000
1 974 1000
1 609 1000
1 151 1000
1 825 1000
1 737 1000
1 846 1000
1 157 1000
1 886 1000
1 856 1000
1 479 1000
1 123 1000
1 94 1000
1 152 1000
1 829 1000
1 322 1000
1 385 1000
1 605 1000
1 356 1000
1 854 1000
1 831 1000
1 837 1000
1 154 1000
1 865 1000
1 231 1000
1 331 1000
1 413 1000
1 63 1000
1 266 1000
1 374 1000
1 868 1000
1 304 1000
1 992 1000
1 706 1000
1 698 1000
1 267 1000
1 119 1000
1 444 1000
1 944 1000
1 944 1000
1 489 1000
1 616 1000
1 434 1000
1 683 1000
1 741 1000
1 661 1000
1 568 1000
1 758 1000
1 259 1000
1 741 1000
1 325 1000
1 925 1000
1 378 1000
1 184 1000
1 945 1000
1 322 1000
1 772 1000
1 312 1000
1 920 1000
1 857 1000
1 807 1000
1 284 1000
1 898 1000
1 939 1000
1 3 1000
1 471 1000
1 83 1000
1 149 1000
1 488 1000
1 736 1000
1 122 1000
1 560 1000
1 880 1000
1 954 1000
1 733 1000
1 640 1000
1 135 1000
1 483 1000
1 778 1000
1 127 1000
1 328 1000
1 591 1000
1 805 1000
1 370 1000
1 329 1000
1 661 1000
1 870 1000
1 513 1000
1 748 1000
1 222 1000
1 234 1000
1 193 1000
1 6 1000
1 547 1000
1 343 1000
1 923 1000
1 314 1000
1 622 1000
1 275 1000
1 404 1000
1 93 1000
1 237 1000
1 836 1000
1 101 1000
1 897 1000
1 645 1000
1 246 1000
1 243 1000
1 389 1000
1 619 1000
1 899 1000
1 134 1000
1 65 1000
1 51 1000
1 500 1000
1 652 1000
1 52 1000
1 411 1000
1 115 1000
1 517 1000
1 679 1000
1 990 1000
1 475 1000
1 406 1000
1 954 1000
1 539 1000
1 268 1000
1 736 1000
1 932 1000
1 766 1000
1 418 1000
1 968 1000
1 965 1000
1 460 1000
1 516 1000
1 159 1000
1 326 1000
1 505 1000
1 615 1000
1 458 1000
1 149 1000
1 76 1000
1 211 1000
1 930 1000
1 228 1000
1 671 1000
1 195 1000
1 546 1000
1 801 1000
1 986 1000
1 119 1000
1 310 1000
1 294 1000
1 399 1000
1 20 1000
1 88 1000
1 464 1000
1 565 1000
1 216 1000
1 258 1000
1 337 1000
1 143 1000
1 256 1000
1 378 1000
1 16 1000
1 836 1000
1 828 1000
1 767 1000
1 966 1000
1 646 1000
1 368 1000
1 151 1000
1 361 1000
1 782 1000
1 35 1000
1 59 1000
1 995 1000
1 381 1000
1 809 1000
1 527 1000
1 298 1000
1 698 1000
1 995 1000
1 300 1000
1 312 1000
1 97 1000
1 427 1000
1 240 1000
1 178 1000
1 319 1000
1 299 1000
1 122 1000
1 922 1000
1 377 1000
1 966 1000
1 9 1000
1 327 1000
1 413 1000
1 139 1000
1 860 1000
1 274 1000
1 677 1000
1 743 1000
1 937 1000
1 553 1000
1 817 1000
1 865 1000
1 593 1000
1 493 1000
300
1 81 1000
1 497 1000
1 325 1000
1 417 1000
1 902 1000
1 857 1000
1 211 1000
1 340 1000
1 16 1000
1 593 1000
1 310 1000
1 431 1000
1 218 1000
1 676 1000
1 80 1000
1 511 1000
1 674 1000
1 835 1000
1 980 1000
1 501 1000
1 731 1000
1 896 1000
1 399 1000
1 432 1000
1 333 1000
1 84 1000
1 328 1000
1 409 1000
1 121 1000
1 420 1000
1 925 1000
1 438 1000
1 104 1000
1 806 1000
1 559 1000
1 554 1000
1 435 1000
1 327 1000
1 595 1000
1 658 1000
1 130 1000
1 958 1000
1 466 1000
1 775 1000
1 455 1000
1 807 1000
1 552 1000
1 569 1000
1 954 1000
1 315 1000
1 382 1000
1 8 1000
1 957 1000
1 61 1000
1 305 1000
1 890 1000
1 943 1000
1 469 1000
1 443 1000
1 299 1000
1 699 1000
1 455 1000
1 343 1000
1 342 1000
1 496 1000
1 258 1000
1 40 1000
1 455 1000
1 433 1000
1 307 1000
1 977 1000
1 882 1000
1 764 1000
1 98 1000
1 515 1000
1 523 1000
1 357 1000
1 410 1000
1 484 1000
1 262 1000
1 107 1000
1 987 1000
1 685 1000
1 542 1000
1 751 1000
1 729 1000
1 297 1000
1 297 1000
1 338 1000
1 965 1000
1 555 1000
1 256 1000
1 974 1000
1 609 1000
1 151 1000
1 825 1000
1 737 1000
1 846 1000
1 157 1000
1 886 1000
1 856 1000
1 479 1000
1 123 1000
1 94 1000
1 152 1000
1 829 1000
1 322 1000
1 385 1000
1 605 1000
1 356 1000
1 854 1000
1 831 1000
1 837 1000
1 154 1000
1 865 1000
1 231 1000
1 331 1000
1 413 1000
1 63 1000
1 266 1000
1 374 1000
1 868 1000
1 304 1000
1 992 1000
1 706 1000
1 698 1000
1 267 1000
1 119 1000
1 444 1000
1 944 1000
1 944 1000
1 489 1000
1 616 1000
1 434 1000
1 683 1000
1 741 1000
1 661 1000
1 568 1000
1 758 1000
1 259 1000
1 741 1000
1 325 1000
1 925 1000
1 378 1000
1 184 1000
1 945 1000
1 322 1000
1 772 1000
1 312 1000
1 920 1000
1 857 1000
1 807 1000
1 284 1000
1 898 1000
1 939 1000
1 3 1000
1 471 1000
1 83 1000
1 149 1000
1 488 1000
1 736 1000
1 122 1000
1 560 1000
1 880 1000
1 954 1000
1 733 1000
1 640 1000
1 135 1000
1 483 1000
1 778 1000
1 127 1000
1 328 1000
1 591 1000
1 805 1000
1 370 1000
1 329 1000
1 661 1000
1 870 1000
1 513 1000
1 748 1000
1 222 1000
1 234 1000
1 193 1000
1 6 1000
1 547 1000
1 343 1000
1 923 1000
1 314 1000
1 622 1000
1 275 1000
1 404 1000
1 93 1000
1 237 1000
1 836 1000
1 101 1000
1 897 1000
1 645 1000
1 246 1000
1 243 1000
1 389 1000
1 619 1000
1 899 1000
1 134 1000
1 65 1000
1 51 1000
1 500 1000
1 652 1000
1 52 1000
1 411 1000
1 115 1000
1 517 1000
1 679 1000
1 990 1000
1 475 1000
1 406 1000
1 954 1000
1 539 1000
1 268 1000
1 736 1000
1 932 1000
1 766 1000
1 418 1000
1 968 1000
1 965 1000
1 460 1000
1 516 1000
1 159 1000
1 326 1000
1 505 1000
1 615 1000
1 458 1000
1 149 1000
1 76 1000
1 211 1000
1 930 1000
1 228 1000
1 671 1000
1 195 1000
1 546 1000
1 801 1000
1 986 1000
1 119 1000
1 310 1000
1 294 1000
1 399 1000
1 20 1000
1 88 1000
1 464 1000
1 565 1000
1 216 1000
1 258 1000
1 337 1000
1 143 1000
1 256 1000
1 378 1000
1 16 1000
1 836 1000
1 828 1000
1 767 1000
1 966 1000
1 646 1000
1 368 1000
1 151 1000
1 361 1000
1 782 1000
1 35 1000
1 59 1000
1 995 1000
1 381 1000
1 809 1000
1 527 1000
1 298 1000
1 698 1000
1 995 1000
1 300 1000
1 312 1000
1 97 1000
1 427 1000
1 240 1000
1 178 1000
1 319 1000
1 299 1000
1 122 1000
1 922 1000
1 377 1000
1 966 1000
1 9 1000
1 327 1000
1 413 1000
1 139 1000
1 860 1000
1 274 1000
1 677 1000
1 743 1000
1 937 1000
1 553 1000
1 817 1000
1 865 1000
1 593 1000
1 493 1000
300
1 81 1000
1 497 1000
1 325 1000
1 417 1000
1 902 1000
1 857 1000
1 211 1000
1 340 1000
1 16 1000
1 593 1000
1 310 1000
1 431 1000
1 218 1000
1 676 1000
1 80 1000
1 511 1000
1 674 1000
1 835 1000
1 980 1000
1 501 1000
1 731 1000
1 896 1000
1 399 1000
1 432 1000
1 333 1000
1 84 1000
1 328 1000
1 409 1000
1 121 1000
1 420 1000
1 925 1000
1 438 1000
1 104 1000
1 806 1000
1 559 1000
1 554 1000
1 435 1000
1 327 1000
1 595 1000
1 658 1000
1 130 1000
1 958 1000
1 466 1000
1 775 1000
1 455 1000
1 807 1000
1 552 1000
1 569 1000
1 954 1000
1 315 1000
1 382 1000
1 8 1000
1 957 1000
1 61 1000
1 305 1000
1 890 1000
1 943 1000
1 469 1000
1 443 1000
1 299 1000
1 699 1000
1 455 1000
1 343 1000
1 342 1000
1 496 1000
1 258 1000
1 40 1000
1 455 1000
1 433 1000
1 307 1000
1 977 1000
1 882 1000
1 764 1000
1 98 1000
1 515 1000
1 523 1000
1 357 1000
1 410 1000
1 484 1000
1 262 1000
1 107 1000
1 987 1000
1 685 1000
1 542 1000
1 751 1000
1 729 1000
1 297 1000
1 297 1000
1 338 1000
1 965 1000
1 555 1000
1 256 1000
1 974 1000
1 609 1000
1 151 1000
1 825 1000
1 737 1000
1 846 1000
1 157 1000
1 886 1000
1 856 1000
1 479 1000
1 123 1000
1 94 1000
1 152 1000
1 829 1000
1 322 1000
1 385 1000
1 605 1000
1 356 1000
1 854 1000
1 831 1000
1 837 1000
1 154 1000
1 865 1000
1 231 1000
1 331 1000
1 413 1000
1 63 1000
1 266 1000
1 374 1000
1 868 1000
1 304 1000
1 992 1000
1 706 1000
1 698 1000
1 267 1000
1 119 1000
1 444 1000
1 944 1000
1 944 1000
1 489 1000
1 616 1000
1 434 1000
1 683 1000
1 741 1000
1 661 1000
1 568 1000
1 758 1000
1 259 1000
1 741 1000
1 325 1000
1 925 1000
1 378 1000
1 184 1000
1 945 1000
1 322 1000
1 772 1000
1 312 1000
1 920 1000
1 857 1000
1 807 1000
1 284 1000
1 898 1000
1 939 1000
1 3 1000
1 471 1000
1 83 1000
1 149 1000
1 488 1000
1 736 1000
1 122 1000
1 560 1000
1 880 1000
1 954 1000
1 733 1000
1 640 1000
1 135 1000
1 483 1000
1 778 1000
1 127 1000
1 328 1000
1 591 1000
1 805 1000
1 370 1000
1 329 1000
1 661 1000
1 870 1000
1 513 1000
1 748 1000
1 222 1000
1 234 1000
1 193 1000
1 6 1000
1 547 1000
1 343 1000
1 923 1000
1 314 1000
1 622 1000
1 275 1000
1 404 1000
1 93 1000
1 237 1000
1 836 1000
1 101 1000
1 897 1000
1 645 1000
1 246 1000
1 243 1000
1 389 1000
1 619 1000
1 899 1000
1 134 1000
1 65 1000
1 51 1000
1 500 1000
1 652 1000
1 52 1000
1 411 1000
1 115 1000
1 517 1000
1 679 1000
1 990 1000
1 475 1000
1 406 1000
1 954 1000
1 539 1000
1 268 1000
1 736 1000
1 932 1000
1 766 1000
1 418 1000
1 968 1000
1 965 1000
1 460 1000
1 516 1000
1 159 1000
1 326 1000
1 505 1000
1 615 1000
1 458 1000
1 149 1000
1 76 1000
1 211 1000
1 930 1000
1 228 1000
1 671 1000
1 195 1000
1 546 1000
1 801 1000
1 986 1000
1 119 1000
1 310 1000
1 294 1000
1 399 1000
1 20 1000
1 88 1000
1 464 1000
1 565 1000
1 216 1000
1 258 1000
1 337 1000
1 143 1000
1 256 1000
1 378 1000
1 16 1000
1 836 1000
1 828 1000
1 767 1000
1 966 1000
1 646 1000
1 368 1000
1 151 1000
1 361 1000
1 782 1000
1 35 1000
1 59 1000
1 995 1000
1 381 1000
1 809 1000
1 527 1000
1 298 1000
1 698 1000
1 995 1000
1 300 1000
1 312 1000
1 97 1000
1 427 1000
1 240 1000
1 178 1000
1 319 1000
1 299 1000
1 122 1000
1 922 1000
1 377 1000
1 966 1000
1 9 1000
1 327 1000
1 413 1000
1 139 1000
1 860 1000
1 274 1000
1 677 1000
1 743 1000
1 937 1000
1 553 1000
1 817 1000
1 865 1000
1 593 1000
1 493 1000
300
1 81 1000
1 497 1000
1 325 1000
1 417 1000
1 902 1000
1 857 1000
1 211 1000
1 340 1000
1 16 1000
1 593 1000
1 310 1000
1 431 1000
1 218 1000
1 676 1000
1 80 1000
1 511 1000
1 674 1000
1 835 1000
1 980 1000
1 501 1000
1 731 1000
1 896 1000
1 399 1000
1 432 1000
1 333 1000
1 84 1000
1 328 1000
1 409 1000
1 121 1000
1 420 1000
1 925 1000
1 438 1000
1 104 1000
1 806 1000
1 559 1000
1 554 1000
1 435 1000
1 327 1000
1 595 1000
1 658 1000
1 130 1000
1 958 1000
1 466 1000
1 775 1000
1 455 1000
1 807 1000
1 552 1000
1 569 1000
1 954 1000
1 315 1000
1 382 1000
1 8 1000
1 957 1000
1 61 1000
1 305 1000
1 890 1000
1 943 1000
1 469 1000
1 443 1000
1 299 1000
1 699 1000
1 455 1000
1 343 1000
1 342 1000
1 496 1000
1 258 1000
1 40 1000
1 455 1000
1 433 1000
1 307 1000
1 977 1000
1 882 1000
1 764 1000
1 98 1000
1 515 1000
1 523 1000
1 357 1000
1 410 1000
1 484 1000
1 262 1000
1 107 1000
1 987 1000
1 685 1000
1 542 1000
1 751 1000
1 729 1000
1 297 1000
1 297 1000
1 338 1000
1 965 1000
1 555 1000
1 256 1000
1 974 1000
1 609 1000
1 151 1000
1 825 1000
1 737 1000
1 846 1000
1 157 1000
1 886 1000
1 856 1000
1 479 1000
1 123 1000
1 94 1000
1 152 1000
1 829 1000
1 322 1000
1 385 1000
1 605 1000
1 356 1000
1 854 1000
1 831 1000
1 837 1000
1 154 1000
1 865 1000
1 231 1000
1 331 1000
1 413 1000
1 63 1000
1 266 1000
1 374 1000
1 868 1000
1 304 1000
1 992 1000
1 706 1000
1 698 1000
1 267 1000
1 119 1000
1 444 1000
1 944 1000
1 944 1000
1 489 1000
1 616 1000
1 434 1000
1 683 1000
1 741 1000
1 661 1000
1 568 1000
1 758 1000
1 259 1000
1 741 1000
1 325 1000
1 925 1000
1 378 1000
1 184 1000
1 945 1000
1 322 1000
1 772 1000
1 312 1000
1 920 1000
1 857 1000
1 807 1000
1 284 1000
1 898 1000
1 939 1000
1 3 1000
1 471 1000
1 83 1000
1 149 1000
1 488 1000
1 736 1000
1 122 1000
1 560 1000
1 880 1000
1 954 1000
1 733 1000
1 640 1000
1 135 1000
1 483 1000
1 778 1000
1 127 1000
1 328 1000
1 591 1000
1 805 1000
1 370 1000
1 329 1000
1 661 1000
1 870 1000
1 513 1000
1 748 1000
1 222 1000
1 234 1000
1 193 1000
1 6 1000
1 547 1000
1 343 1000
1 923 1000
1 314 1000
1 622 1000
1 275 1000
1 404 1000
1 93 1000
1 237 1000
1 836 1000
1 101 1000
1 897 1000
1 645 1000
1 246 1000
1 243 1000
1 389 1000
1 619 1000
1 899 1000
1 134 1000
1 65 1000
1 51 1000
1 500 1000
1 652 1000
1 52 1000
1 411 1000
1 115 1000
1 517 1000
1 679 1000
1 990 1000
1 475 1000
1 406 1000
1 954 1000
1 539 1000
1 268 1000
1 736 1000
1 932 1000
1 766 1000
1 418 1000
1 968 1000
1 965 1000
1 460 1000
1 516 1000
1 159 1000
1 326 1000
1 505 1000
1 615 1000
1 458 1000
1 149 1000
1 76 1000
1 211 1000
1 930 1000
1 228 1000
1 671 1000
1 195 1000
1 546 1000
1 801 1000
1 986 1000
1 119 1000
1 310 1000
1 294 1000
1 399 1000
1 20 1000
1 88 1000
1 464 1000
1 565 1000
1 216 1000
1 258 1000
1 337 1000
1 143 1000
1 256 1000
1 378 1000
1 16 1000
1 836 1000
1 828 1000
1 767 1000
1 966 1000
1 646 1000
1 368 1000
1 151 1000
1 361 1000
1 782 1000
1 35 1000
1 59 1000
1 995 1000
1 381 1000
1 809 1000
1 527 1000
1 298 1000
1 698 1000
1 995 1000
1 300 1000
1 312 1000
1 97 1000
1 427 1000
1 240 1000
1 178 1000
1 319 1000
1 299 1000
1 122 1000
1 922 1000
1 377 1000
1 966 1000
1 9 1000
1 327 1000
1 413 1000
1 139 1000
1 860 1000
1 274 1000
1 677 1000
1 743 1000
1 937 1000
1 553 1000
1 817 1000
1 865 1000
1 593 1000
1 493 1000
300
1 81 1000
1 497 1000
1 325 1000
1 417 1000
1 902 1000
1 857 1000
1 211 1000
1 340 1000
1 16 1000
1 593 1000
1 310 1000
1 431 1000
1 218 1000
1 676 1000
1 80 1000
1 511 1000
1 674 1000
1 835 1000
1 980 1000
1 501 1000
1 731 1000
1 896 1000
1 399 1000
1 432 1000
1 333 1000
1 84 1000
1 328 1000
1 409 1000
1 121 1000
1 420 1000
1 925 1000
1 438 1000
1 104 1000
1 806 1000
1 559 1000
1 554 1000
1 435 1000
1 327 1000
1 595 1000
1 658 1000
1 130 1000
1 958 1000
1 466 1000
1 775 1000
1 455 1000
1 807 1000
1 552 1000
1 569 1000
1 954 1000
1 315 1000
1 382 1000
1 8 1000
1 957 1000
1 61 1000
1 305 1000
1 890 1000
1 943 1000
1 469 1000
1 443 1000
1 299 1000
1 699 1000
1 455 1000
1 343 1000
1 342 1000
1 496 1000
1 258 1000
1 40 1000
1 455 1000
1 433 1000
1 307 1000
1 977 1000
1 882 1000
1 764 1000
1 98 1000
1 515 1000
1 523 1000
1 357 1000
1 410 1000
1 484 1000
1 262 1000
1 107 1000
1 987 1000
1 685 1000
1 542 1000
1 751 1000
1 729 1000
1 297 1000
1 297 1000
1 338 1000
1 965 1000
1 555 1000
1 256 1000
1 974 1000
1 609 1000
1 151 1000
1 825 1000
1 737 1000
1 846 1000
1 157 1000
1 886 1000
1 856 1000
1 479 1000
1 123 1000
1 94 1000
1 152 1000
1 829 1000
1 322 1000
1 385 1000
1 605 1000
1 356 1000
1 854 1000
1 831 1000
1 837 1000
1 154 1000
1 865 1000
1 231 1000
1 331 1000
1 413 1000
1 63 1000
1 266 1000
1 374 1000
1 868 1000
1 304 1000
1 992 1000
1 706 1000
1 698 1000
1 267 1000
1 119 1000
1 444 1000
1 944 1000
1 944 1000
1 489 1000
1 616 1000
1 434 1000
1 683 1000
1 741 1000
1 661 1000
1 568 1000
1 758 1000
1 259 1000
1 741 1000
1 325 1000
1 925 1000
1 378 1000
1 184 1000
1 945 1000
1 322 1000
1 772 1000
1 312 1000
1 920 1000
1 857 1000
1 807 1000
1 284 1000
1 898 1000
1 939 1000
1 3 1000
1 471 1000
1 83 1000
1 149 1000
1 488 1000
1 736 1000
1 122 1000
1 560 1000
1 880 1000
1 954 1000
1 733 1000
1 640 1000
1 135 1000
1 483 1000
1 778 1000
1 127 1000
1 328 1000
1 591 1000
1 805 1000
1 370 1000
1 329 1000
1 661 1000
1 870 1000
1 513 1000
1 748 1000
1 222 1000
1 234 1000
1 193 1000
1 6 1000
1 547 1000
1 343 1000
1 923 1000
1 314 1000
1 622 1000
1 275 1000
1 404 1000
1 93 1000
1 237 1000
1 836 1000
1 101 1000
1 897 1000
1 645 1000
1 246 1000
1 243 1000
1 389 1000
1 619 1000
1 899 1000
1 134 1000
1 65 1000
1 51 1000
1 500 1000
1 652 1000
1 52 1000
1 411 1000
1 115 1000
1 517 1000
1 679 1000
1 990 1000
1 475 1000
1 406 1000
1 954 1000
1 539 1000
1 268 1000
1 736 1000
1 932 1000
1 766 1000
1 418 1000
1 968 1000
1 965 1000
1 460 1000
1 516 1000
1 159 1000
1 326 1000
1 505 1000
1 615 1000
1 458 1000
1 149 1000
1 76 1000
1 211 1000
1 930 1000
1 228 1000
1 671 1000
1 195 1000
1 546 1000
1 801 1000
1 986 1000
1 119 1000
1 310 1000
1 294 1000
1 399 1000
1 20 1000
1 88 1000
1 464 1000
1 565 1000
1 216 1000
1 258 1000
1 337 1000
1 143 1000
1 256 1000
1 378 1000
1 16 1000
1 836 1000
1 828 1000
1 767 1000
1 966 1000
1 646 1000
1 368 1000
1 151 1000
1 361 1000
1 782 1000
1 35 1000
1 59 1000
1 995 1000
1 381 1000
1 809 1000
1 527 1000
1 298 1000
1 698 1000
1 995 1000
1 300 1000
1 312 1000
1 97 1000
1 427 1000
1 240 1000
1 178 1000
1 319 1000
1 299 1000
1 122 1000
1 922 1000
1 377 1000
1 966 1000
1 9 1000
1 327 1000
1 413 1000
1 139 1000
1 860 1000
1 274 1000
1 677 1000
1 743 1000
1 937 1000
1 553 1000
1 817 1000
1 865 1000
1 593 1000
1 493 1000
300
1 81 1000
1 497 1000
1 325 1000
1 417 1000
1 902 1000
1 857 1000
1 211 1000
1 340 1000
1 16 1000
1 593 1000
1 310 1000
1 431 1000
1 218 1000
1 676 1000
1 80 1000
1 511 1000
1 674 1000
1 835 1000
1 980 1000
1 501 1000
1 731 1000
1 896 1000
1 399 1000
1 432 1000
1 333 1000
1 84 1000
1 328 1000
1 409 1000
1 121 1000
1 420 1000
1 925 1000
1 438 1000
1 104 1000
1 806 1000
1 559 1000
1 554 1000
1 435 1000
1 327 1000
1 595 1000
1 658 1000
1 130 1000
1 958 1000
1 466 1000
1 775 1000
1 455 1000
1 807 1000
1 552 1000
1 569 1000
1 954 1000
1 315 1000
1 382 1000
1 8 1000
1 957 1000
1 61 1000
1 305 1000
1 890 1000
1 943 1000
1 469 1000
1 443 1000
1 299 1000
1 699 1000
1 455 1000
1 343 1000
1 342 1000
1 496 1000
1 258 1000
1 40 1000
1 455 1000
1 433 1000
1 307 1000
1 977 1000
1 882 1000
1 764 1000
1 98 1000
1 515 1000
1 523 1000
1 357 1000
1 410 1000
1 484 1000
1 262 1000
1 107 1000
1 987 1000
1 685 1000
1 542 1000
1 751 1000
1 729 1000
1 297 1000
1 297 1000
1 338 1000
1 965 1000
1 555 1000
1 256 1000
1 974 1000
1 609 1000
1 151 1000
1 825 1000
1 737 1000
1 846 1000
1 157 1000
1 886 1000
1 856 1000
1 479 1000
1 123 1000
1 94 1000
1 152 1000
1 829 1000
1 322 1000
1 385 1000
1 605 1000
1 356 1000
1 854 1000
1 831 1000
1 837 1000
1 154 1000
1 865 1000
1 231 1000
1 331 1000
1 413 1000
1 63 1000
1 266 1000
1 374 1000
1 868 1000
1 304 1000
1 992 1000
1 706 1000
1 698 1000
1 267 1000
1 119 1000
1 444 1000
1 944 1000
1 944 1000
1 489 1000
1 616 1000
1 434 1000
1 683 1000
1 741 1000
1 661 1000
1 568 1000
1 758 1000
1 259 1000
1 741 1000
1 325 1000
1 925 1000
1 378 1000
1 184 1000
1 945 1000
1 322 1000
1 772 1000
1 312 1000
1 920 1000
1 857 1000
1 807 1000
1 284 1000
1 898 1000
1 939 1000
1 3 1000
1 471 1000
1 83 1000
1 149 1000
1 488 1000
1 736 1000
1 122 1000
1 560 1000
1 880 1000
1 954 1000
1 733 1000
1 640 1000
1 135 1000
1 483 1000
1 778 1000
1 127 1000
1 328 1000
1 591 1000
1 805 1000
1 370 1000
1 329 1000
1 661 1000
1 870 1000
1 513 1000
1 748 1000
1 222 1000
1 234 1000
1 193 1000
1 6 1000
1 547 1000
1 343 1000
1 923 1000
1 314 1000
1 622 1000
1 275 1000
1 404 1000
1 93 1000
1 237 1000
1 836 1000
1 101 1000
1 897 1000
1 645 1000
1 246 1000
1 243 1000
1 389 1000
1 619 1000
1 899 1000
1 134 1000
1 65 1000
1 51 1000
1 500 1000
1 652 1000
1 52 1000
1 411 1000
1 115 1000
1 517 1000
1 679 1000
1 990 1000
1 475 1000
1 406 1000
1 954 1000
1 539 1000
1 268 1000
1 736 1000
1 932 1000
1 766 1000
1 418 1000
1 968 1000
1 965 1000
1 460 1000
1 516 1000
1 159 1000
1 326 1000
1 505 1000
1 615 1000
1 458 1000
1 149 1000
1 76 1000
1 211 1000
1 930 1000
1 228 1000
1 671 1000
1 195 1000
1 546 1000
1 801 1000
1 986 1000
1 119 1000
1 310 1000
1 294 1000
1 399 1000
1 20 1000
1 88 1000
1 464 1000
1 565 1000
1 216 1000
1 258 1000
1 337 1000
1 143 1000
1 256 1000
1 378 1000
1 16 1000
1 836 1000
1 828 1000
1 767 1000
1 966 1000
1 646 1000
1 368 1000
1 151 1000
1 361 1000
1 782 1000
1 35 1000
1 59 1000
1 995 1000
1 381 1000
1 809 1000
1 527 1000
1 298 1000
1 698 1000
1 995 1000
1 300 1000
1 312 1000
1 97 1000
1 427 1000
1 240 1000
1 178 1000
1 319 1000
1 299 1000
1 122 1000
1 922 1000
1 377 1000
1 966 1000
1 9 1000
1 327 1000
1 413 1000
1 139 1000
1 860 1000
1 274 1000
1 677 1000
1 743 1000
1 937 1000
1 553 1000
1 817 1000
1 865 1000
1 593 1000
1 493 1000
300
1 81 1000
1 497 1000
1 325 1000
1 417 1000
1 902 1000
1 857 1000
1 211 1000
1 340 1000
1 16 1000
1 593 1000
1 310 1000
1 431 1000
1 218 1000
1 676 1000
1 80 1000
1 511 1000
1 674 1000
1 835 1000
1 980 1000
1 501 1000
1 731 1000
1 896 1000
1 399 1000
1 432 1000
1 333 1000
1 84 1000
1 328 1000
1 409 1000
1 121 1000
1 420 1000
1 925 1000
1 438 1000
1 104 1000
1 806 1000
1 559 1000
1 554 1000
1 435 1000
1 327 1000
1 595 1000
1 658 1000
1 130 1000
1 958 1000
1 466 1000
1 775 1000
1 455 1000
1 807 1000
1 552 1000
1 569 1000
1 954 1000
1 315 1000
1 382 1000
1 8 1000
1 957 1000
1 61 1000
1 305 1000
1 890 1000
1 943 1000
1 469 1000
1 443 1000
1 299 1000
1 699 1000
1 455 1000
1 343 1000
1 342 1000
1 496 1000
1 258 1000
1 40 1000
1 455 1000
1 433 1000
1 307 1000
1 977 1000
1 882 1000
1 764 1000
1 98 1000
1 515 1000
1 523 1000
1 357 1000
1 410 1000
1 484 1000
1 262 1000
1 107 1000
1 987 1000
1 685 1000
1 542 1000
1 751 1000
1 729 1000
1 297 1000
1 297 1000
1 338 1000
1 965 1000
1 555 1000
1 256 1000
1 974 1000
1 609 1000
1 151 1000
1 825 1000
1 737 1000
1 846 1000
1 157 1000
1 886 1000
1 856 1000
1 479 1000
1 123 1000
1 94 1000
1 152 1000
1 829 1000
1 322 1000
1 385 1000
1 605 1000
1 356 1000
1 854 1000
1 831 1000
1 837 1000
1 154 1000
1 865 1000
1 231 1000
1 331 1000
1 413 1000
1 63 1000
1 266 1000
1 374 1000
1 868 1000
1 304 1000
1 992 1000
1 706 1000
1 698 1000
1 267 1000
1 119 1000
1 444 1000
1 944 1000
1 944 1000
1 489 1000
1 616 1000
1 434 1000
1 683 1000
1 741 1000
1 661 1000
1 568 1000
1 758 1000
1 259 1000
1 741 1000
1 325 1000
1 925 1000
1 378 1000
1 184 1000
1 945 1000
1 322 1000
1 772 1000
1 312 1000
1 920 1000
1 857 1000
1 807 1000
1 284 1000
1 898 1000
1 939 1000
1 3 1000
1 471 1000
1 83 1000
1 149 1000
1 488 1000
1 736 1000
1 122 1000
1 560 1000
1 880 1000
1 954 1000
1 733 1000
1 640 1000
1 135 1000
1 483 1000
1 778 1000
1 127 1000
1 328 1000
1 591 1000
1 805 1000
1 370 1000
1 329 1000
1 661 1000
1 870 1000
1 513 1000
1 748 1000
1 222 1000
1 234 1000
1 193 1000
1 6 1000
1 547 1000
1 343 1000
1 923 1000
1 314 1000
1 622 1000
1 275 1000
1 404 1000
1 93 1000
1 237 1000
1 836 1000
1 101 1000
1 897 1000
1 645 1000
1 246 1000
1 243 1000
1 389 1000
1 619 1000
1 899 1000
1 134 1000
1 65 1000
1 51 1000
1 500 1000
1 652 1000
1 52 1000
1 411 1000
1 115 1000
1 517 1000
1 679 1000
1 990 1000
1 475 1000
1 406 1000
1 954 1000
1 539 1000
1 268 1000
1 736 1000
1 932 1000
1 766 1000
1 418 1000
1 968 1000
1 965 1000
1 460 1000
1 516 1000
1 159 1000
1 326 1000
1 505 1000
1 615 1000
1 458 1000
1 149 1000
1 76 1000
1 211 1000
1 930 1000
1 228 1000
1 671 1000
1 195 1000
1 546 1000
1 801 1000
1 986 1000
1 119 1000
1 310 1000
1 294 1000
1 399 1000
1 20 1000
1 88 1000
1 464 1000
1 565 1000
1 216 1000
1 258 1000
1 337 1000
1 143 1000
1 256 1000
1 378 1000
1 16 1000
1 836 1000
1 828 1000
1 767 1000
1 966 1000
1 646 1000
1 368 1000
1 151 1000
1 361 1000
1 782 1000
1 35 1000
1 59 1000
1 995 1000
1 381 1000
1 809 1000
1 527 1000
1 298 1000
1 698 1000
1 995 1000
1 300 1000
1 312 1000
1 97 1000
1 427 1000
1 240 1000
1 178 1000
1 319 1000
1 299 1000
1 122 1000
1 922 1000
1 377 1000
1 966 1000
1 9 1000
1 327 1000
1 413 1000
1 139 1000
1 860 1000
1 274 1000
1 677 1000
1 743 1000
1 937 1000
1 553 1000
1 817 1000
1 865 1000
1 593 1000
1 493 1000
300
1 81 1000
1 497 1000
1 325 1000
1 417 1000
1 902 1000
1 857 1000
1 211 1000
1 340 1000
1 16 1000
1 593 1000
1 310 1000
1 431 1000
1 218 1000
1 676 1000
1 80 1000
1 511 1000
1 674 1000
1 835 1000
1 980 1000
1 501 1000
1 731 1000
1 896 1000
1 399 1000
1 432 1000
1 333 1000
1 84 1000
1 328 1000
1 409 1000
1 121 1000
1 420 1000
1 925 1000
1 438 1000
1 104 1000
1 806 1000
1 559 1000
1 554 1000
1 435 1000
1 327 1000
1 595 1000
1 658 1000
1 130 1000
1 958 1000
1 466 1000
1 775 1000
1 455 1000
1 807 1000
1 552 1000
1 569 1000
1 954 1000
1 315 1000
1 382 1000
1 8 1000
1 957 1000
1 61 1000
1 305 1000
1 890 1000
1 943 1000
1 469 1000
1 443 1000
1 299 1000
1 699 1000
1 455 1000
1 343 1000
1 342 1000
1 496 1000
1 258 1000
1 40 1000
1 455 1000
1 433 1000
1 307 1000
1 977 1000
1 882 1000
1 764 1000
1 98 1000
1 515 1000
1 523 1000
1 357 1000
1 410 1000
1 484 1000
1 262 1000
1 107 1000
1 987 1000
1 685 1000
1 542 1000
1 751 1000
1 729 1000
1 297 1000
1 297 1000
1 338 1000
1 965 1000
1 555 1000
1 256 1000
1 974 1000
1 609 1000
1 151 1000
1 825 1000
1 737 1000
1 846 1000
1 157 1000
1 886 1000
1 856 1000
1 479 1000
1 123 1000
1 94 1000
1 152 1000
1 829 1000
1 322 1000
1 385 1000
1 605 1000
1 356 1000
1 854 1000
1 831 1000
1 837 1000
1 154 1000
1 865 1000
1 231 1000
1 331 1000
1 413 1000
1 63 1000
1 266 1000
1 374 1000
1 868 1000
1 304 1000
1 992 1000
1 706 1000
1 698 1000
1 267 1000
1 119 1000
1 444 1000
1 944 1000
1 944 1000
1 489 1000
1 616 1000
1 434 1000
1 683 1000
1 741 1000
1 661 1000
1 568 1000
1 758 1000
1 259 1000
1 741 1000
1 325 1000
1 925 1000
1 378 1000
1 184 1000
1 945 1000
1 322 1000
1 772 1000
1 312 1000
1 920 1000
1 857 1000
1 807 1000
1 284 1000
1 898 1000
1 939 1000
1 3 1000
1 471 1000
1 83 1000
1 149 1000
1 488 1000
1 736 1000
1 122 1000
1 560 1000
1 880 1000
1 954 1000
1 733 1000
1 640 1000
1 135 1000
1 483 1000
1 778 1000
1 127 1000
1 328 1000
1 591 1000
1 805 1000
1 370 1000
1 329 1000
1 661 1000
1 870 1000
1 513 1000
1 748 1000
1 222 1000
1 234 1000
1 193 1000
1 6 1000
1 547 1000
1 343 1000
1 923 1000
1 314 1000
1 622 1000
1 275 1000
1 404 1000
1 93 1000
1 237 1000
1 836 1000
1 101 1000
1 897 1000
1 645 1000
1 246 1000
1 243 1000
1 389 1000
1 619 1000
1 899 1000
1 134 1000
1 65 1000
1 51 1000
1 500 1000
1 652 1000
1 52 1000
1 411 1000
1 115 1000
1 517 1000
1 679 1000
1 990 1000
1 475 1000
1 406 1000
1 954 1000
1 539 1000
1 268 1000
1 736 1000
1 932 1000
1 766 1000
1 418 1000
1 968 1000
1 965 1000
1 460 1000
1 516 1000
1 159 1000
1 326 1000
1 505 1000
1 615 1000
1 458 1000
1 149 1000
1 76 1000
1 211 1000
1 930 1000
1 228 1000
1 671 1000
1 195 1000
1 546 1000
1 801 1000
1 986 1000
1 119 1000
1 310 1000
1 294 1000
1 399 1000
1 20 1000
1 88 1000
1 464 1000
1 565 1000
1 216 1000
1 258 1000
1 337 1000
1 143 1000
1 256 1000
1 378 1000
1 16 1000
1 836 1000
1 828 1000
1 767 1000
1 966 1000
1 646 1000
1 368 1000
1 151 1000
1 361 1000
1 782 1000
1 35 1000
1 59 1000
1 995 1000
1 381 1000
1 809 1000
1 527 1000
1 298 1000
1 698 1000
1 995 1000
1 300 1000
1 312 1000
1 97 1000
1 427 1000
1 240 1000
1 178 1000
1 319 1000
1 299 1000
1 122 1000
1 922 1000
1 377 1000
1 966 1000
1 9 1000
1 327 1000
1 413 1000
1 139 1000
1 860 1000
1 274 1000
1 677 1000
1 743 1000
1 937 1000
1 553 1000
1 817 1000
1 865 1000
1 593 1000
1 493 1000
300
1 81 1000
1 497 1000
1 325 1000
1 417 1000
1 902 1000
1 857 1000
1 211 1000
1 340 1000
1 16 1000
1 593 1000
1 310 1000
1 431 1000
1 218 1000
1 676 1000
1 80 1000
1 511 1000
1 674 1000
1 835 1000
1 980 1000
1 501 1000
1 731 1000
1 896 1000
1 399 1000
1 432 1000
1 333 1000
1 84 1000
1 328 1000
1 409 1000
1 121 1000
1 420 1000
1 925 1000
1 438 1000
1 104 1000
1 806 1000
1 559 1000
1 554 1000
1 435 1000
1 327 1000
1 595 1000
1 658 1000
1 130 1000
1 958 1000
1 466 1000
1 775 1000
1 455 1000
1 807 1000
1 552 1000
1 569 1000
1 954 1000
1 315 1000
1 382 1000
1 8 1000
1 957 1000
1 61 1000
1 305 1000
1 890 1000
1 943 1000
1 469 1000
1 443 1000
1 299 1000
1 699 1000
1 455 1000
1 343 1000
1 342 1000
1 496 1000
1 258 1000
1 40 1000
1 455 1000
1 433 1000
1 307 1000
1 977 1000
1 882 1000
1 764 1000
1 98 1000
1 515 1000
1 523 1000
1 357 1000
1 410 1000
1 484 1000
1 262 1000
1 107 1000
1 987 1000
1 685 1000
1 542 1000
1 751 1000
1 729 1000
1 297 1000
1 297 1000
1 338 1000
1 965 1000
1 555 1000
1 256 1000
1 974 1000
1 609 1000
1 151 1000
1 825 1000
1 737 1000
1 846 1000
1 157 1000
1 886 1000
1 856 1000
1 479 1000
1 123 1000
1 94 1000
1 152 1000
1 829 1000
1 322 1000
1 385 1000
1 605 1000
1 356 1000
1 854 1000
1 831 1000
1 837 1000
1 154 1000
1 865 1000
1 231 1000
1 331 1000
1 413 1000
1 63 1000
1 266 1000
1 374 1000
1 868 1000
1 304 1000
1 992 1000
1 706 1000
1 698 1000
1 267 1000
1 119 1000
1 444 1000
1 944 1000
1 944 1000
1 489 1000
1 616 1000
1 434 1000
1 683 1000
1 741 1000
1 661 1000
1 568 1000
1 758 1000
1 259 1000
1 741 1000
1 325 1000
1 925 1000
1 378 1000
1 184 1000
1 945 1000
1 322 1000
1 772 1000
1 312 1000
1 920 1000
1 857 1000
1 807 1000
1 284 1000
1 898 1000
1 939 1000
1 3 1000
1 471 1000
1 83 1000
1 149 1000
1 488 1000
1 736 1000
1 122 1000
1 560 1000
1 880 1000
1 954 1000
1 733 1000
1 640 1000
1 135 1000
1 483 1000
1 778 1000
1 127 1000
1 328 1000
1 591 1000
1 805 1000
1 370 1000
1 329 1000
1 661 1000
1 870 1000
1 513 1000
1 748 1000
1 222 1000
1 234 1000
1 193 1000
1 6 1000
1 547 1000
1 343 1000
1 923 1000
1 314 1000
1 622 1000
1 275 1000
1 404 1000
1 93 1000
1 237 1000
1 836 1000
1 101 1000
1 897 1000
1 645 1000
1 246 1000
1 243 1000
1 389 1000
1 619 1000
1 899 1000
1 134 1000
1 65 1000
1 51 1000
1 500 1000
1 652 1000
1 52 1000
1 411 1000
1 115 1000
1 517 1000
1 679 1000
1 990 1000
1 475 1000
1 406 1000
1 954 1000
1 539 1000
1 268 1000
1 736 1000
1 932 1000
1 766 1000
1 418 1000
1 968 1000
1 965 1000
1 460 1000
1 516 1000
1 159 1000
1 326 1000
1 505 1000
1 615 1000
1 458 1000
1 149 1000
1 76 1000
1 211 1000
1 930 1000
1 228 1000
1 671 1000
1 195 1000
1 546 1000
1 801 1000
1 986 1000
1 119 1000
1 310 1000
1 294 1000
1 399 1000
1 20 1000
1 88 1000
1 464 1000
1 565 1000
1 216 1000
1 258 1000
1 337 1000
1 143 1000
1 256 1000
1 378 1000
1 16 1000
1 836 1000
1 828 1000
1 767 1000
1 966 1000
1 646 1000
1 368 1000
1 151 1000
1 361 1000
1 782 1000
1 35 1000
1 59 1000
1 995 1000
1 381 1000
1 809 1000
1 527 1000
1 298 1000
1 698 1000
1 995 1000
1 300 1000
1 312 1000
1 97 1000
1 427 1000
1 240 1000
1 178 1000
1 319 1000
1 299 1000
1 122 1000
1 922 1000
1 377 1000
1 966 1000
1 9 1000
1 327 1000
1 413 1000
1 139 1000
1 860 1000
1 274 1000
1 677 1000
1 743 1000
1 937 1000
1 553 1000
1 817 1000
1 865 1000
1 593 1000
1 493 1000
300
1 81 1000
1 497 1000
1 325 1000
1 417 1000
1 902 1000
1 857 1000
1 211 1000
1 340 1000
1 16 1000
1 593 1000
1 310 1000
1 431 1000
1 218 1000
1 676 1000
1 80 1000
1 511 1000
1 674 1000
1 835 1000
1 980 1000
1 501 1000
1 731 1000
1 896 1000
1 399 1000
1 432 1000
1 333 1000
1 84 1000
1 328 1000
1 409 1000
1 121 1000
1 420 1000
1 925 1000
1 438 1000
1 104 1000
1 806 1000
1 559 1000
1 554 1000
1 435 1000
1 327 1000
1 595 1000
1 658 1000
1 130 1000
1 958 1000
1 466 1000
1 775 1000
1 455 1000
1 807 1000
1 552 1000
1 569 1000
1 954 1000
1 315 1000
1 382 1000
1 8 1000
1 957 1000
1 61 1000
1 305 1000
1 890 1000
1 943 1000
1 469 1000
1 443 1000
1 299 1000
1 699 1000
1 455 1000
1 343 1000
1 342 1000
1 496 1000
1 258 1000
1 40 1000
1 455 1000
1 433 1000
1 307 1000
1 977 1000
1 882 1000
1 764 1000
1 98 1000
1 515 1000
1 523 1000
1 357 1000
1 410 1000
1 484 1000
1 262 1000
1 107 1000
1 987 1000
1 685 1000
1 542 1000
1 751 1000
1 729 1000
1 297 1000
1 297 1000
1 338 1000
1 965 1000
1 555 1000
1 256 1000
1 974 1000
1 609 1000
1 151 1000
1 825 1000
1 737 1000
1 846 1000
1 157 1000
1 886 1000
1 856 1000
1 479 1000
1 123 1000
1 94 1000
1 152 1000
1 829 1000
1 322 1000
1 385 1000
1 605 1000
1 356 1000
1 854 1000
1 831 1000
1 837 1000
1 154 1000
1 865 1000
1 231 1000
1 331 1000
1 413 1000
1 63 1000
1 266 1000
1 374 1000
1 868 1000
1 304 1000
1 992 1000
1 706 1000
1 698 1000
1 267 1000
1 119 1000
1 444 1000
1 944 1000
1 944 1000
1 489 1000
1 616 1000
1 434 1000
1 683 1000
1 741 1000
1 661 1000
1 568 1000
1 758 1000
1 259 1000
1 741 1000
1 325 1000
1 925 1000
1 378 1000
1 184 1000
1 945 1000
1 322 1000
1 772 1000
1 312 1000
1 920 1000
1 857 1000
1 807 1000
1 284 1000
1 898 1000
1 939 1000
1 3 1000
1 471 1000
1 83 1000
1 149 1000
1 488 1000
1 736 1000
1 122 1000
1 560 1000
1 880 1000
1 954 1000
1 733 1000
1 640 1000
1 135 1000
1 483 1000
1 778 1000
1 127 1000
1 328 1000
1 591 1000
1 805 1000
1 370 1000
1 329 1000
1 661 1000
1 870 1000
1 513 1000
1 748 1000
1 222 1000
1 234 1000
1 193 1000
1 6 1000
1 547 1000
1 343 1000
1 923 1000
1 314 1000
1 622 1000
1 275 1000
1 404 1000
1 93 1000
1 237 1000
1 836 1000
1 101 1000
1 897 1000
1 645 1000
1 246 1000
1 243 1000
1 389 1000
1 619 1000
1 899 1000
1 134 1000
1 65 1000
1 51 1000
1 500 1000
1 652 1000
1 52 1000
1 411 1000
1 115 1000
1 517 1000
1 679 1000
1 990 1000
1 475 1000
1 406 1000
1 954 1000
1 539 1000
1 268 1000
1 736 1000
1 932 1000
1 766 1000
1 418 1000
1 968 1000
1 965 1000
1 460 1000
1 516 1000
1 159 1000
1 326 1000
1 505 1000
1 615 1000
1 458 1000
1 149 1000
1 76 1000
1 211 1000
1 930 1000
1 228 1000
1 671 1000
1 195 1000
1 546 1000
1 801 1000
1 986 1000
1 119 1000
1 310 1000
1 294 1000
1 399 1000
1 20 1000
1 88 1000
1 464 1000
1 565 1000
1 216 1000
1 258 1000
1 337 1000
1 143 1000
1 256 1000
1 378 1000
1 16 1000
1 836 1000
1 828 1000
1 767 1000
1 966 1000
1 646 1000
1 368 1000
1 151 1000
1 361 1000
1 782 1000
1 35 1000
1 59 1000
1 995 1000
1 381 1000
1 809 1000
1 527 1000
1 298 1000
1 698 1000
1 995 1000
1 300 1000
1 312 1000
1 97 1000
1 427 1000
1 240 1000
1 178 1000
1 319 1000
1 299 1000
1 122 1000
1 922 1000
1 377 1000
1 966 1000
1 9 1000
1 327 1000
1 413 1000
1 139 1000
1 860 1000
1 274 1000
1 677 1000
1 743 1000
1 937 1000
1 553 1000
1 817 1000
1 865 1000
1 593 1000
1 493 1000
300
1 81 1000
1 497 1000
1 325 1000
1 417 1000
1 902 1000
1 857 1000
1 211 1000
1 340 1000
1 16 1000
1 593 1000
1 310 1000
1 431 1000
1 218 1000
1 676 1000
1 80 1000
1 511 1000
1 674 1000
1 835 1000
1 980 1000
1 501 1000
1 731 1000
1 896 1000
1 399 1000
1 432 1000
1 333 1000
1 84 1000
1 328 1000
1 409 1000
1 121 1000
1 420 1000
1 925 1000
1 438 1000
1 104 1000
1 806 1000
1 559 1000
1 554 1000
1 435 1000
1 327 1000
1 595 1000
1 658 1000
1 130 1000
1 958 1000
1 466 1000
1 775 1000
1 455 1000
1 807 1000
1 552 1000
1 569 1000
1 954 1000
1 315 1000
1 382 1000
1 8 1000
1 957 1000
1 61 1000
1 305 1000
1 890 1000
1 943 1000
1 469 1000
1 443 1000
1 299 1000
1 699 1000
1 455 1000
1 343 1000
1 342 1000
1 496 1000
1 258 1000
1 40 1000
1 455 1000
1 433 1000
1 307 1000
1 977 1000
1 882 1000
1 764 1000
1 98 1000
1 515 1000
1 523 1000
1 357 1000
1 410 1000
1 484 1000
1 262 1000
1 107 1000
1 987 1000
1 685 1000
1 542 1000
1 751 1000
1 729 1000
1 297 1000
1 297 1000
1 338 1000
1 965 1000
1 555 1000
1 256 1000
1 974 1000
1 609 1000
1 151 1000
1 825 1000
1 737 1000
1 846 1000
1 157 1000
1 886 1000
1 856 1000
1 479 1000
1 123 1000
1 94 1000
1 152 1000
1 829 1000
1 322 1000
1 385 1000
1 605 1000
1 356 1000
1 854 1000
1 831 1000
1 837 1000
1 154 1000
1 865 1000
1 231 1000
1 331 1000
1 413 1000
1 63 1000
1 266 1000
1 374 1000
1 868 1000
1 304 1000
1 992 1000
1 706 1000
1 698 1000
1 267 1000
1 119 1000
1 444 1000
1 944 1000
1 944 1000
1 489 1000
1 616 1000
1 434 1000
1 683 1000
1 741 1000
1 661 1000
1 568 1000
1 758 1000
1 259 1000
1 741 1000
1 325 1000
1 925 1000
1 378 1000
1 184 1000
1 945 1000
1 322 1000
1 772 1000
1 312 1000
1 920 1000
1 857 1000
1 807 1000
1 284 1000
1 898 1000
1 939 1000
1 3 1000
1 471 1000
1 83 1000
1 149 1000
1 488 1000
1 736 1000
1 122 1000
1 560 1000
1 880 1000
1 954 1000
1 733 1000
1 640 1000
1 135 1000
1 483 1000
1 778 1000
1 127 1000
1 328 1000
1 591 1000
1 805 1000
1 370 1000
1 329 1000
1 661 1000
1 870 1000
1 513 1000
1 748 1000
1 222 1000
1 234 1000
1 193 1000
1 6 1000
1 547 1000
1 343 1000
1 923 1000
1 314 1000
1 622 1000
1 275 1000
1 404 1000
1 93 1000
1 237 1000
1 836 1000
1 101 1000
1 897 1000
1 645 1000
1 246 1000
1 243 1000
1 389 1000
1 619 1000
1 899 1000
1 134 1000
1 65 1000
1 51 1000
1 500 1000
1 652 1000
1 52 1000
1 411 1000
1 115 1000
1 517 1000
1 679 1000
1 990 1000
1 475 1000
1 406 1000
1 954 1000
1 539 1000
1 268 1000
1 736 1000
1 932 1000
1 766 1000
1 418 1000
1 968 1000
1 965 1000
1 460 1000
1 516 1000
1 159 1000
1 326 1000
1 505 1000
1 615 1000
1 458 1000
1 149 1000
1 76 1000
1 211 1000
1 930 1000
1 228 1000
1 671 1000
1 195 1000
1 546 1000
1 801 1000
1 986 1000
1 119 1000
1 310 1000
1 294 1000
1 399 1000
1 20 1000
1 88 1000
1 464 1000
1 565 1000
1 216 1000
1 258 1000
1 337 1000
1 143 1000
1 256 1000
1 378 1000
1 16 1000
1 836 1000
1 828 1000
1 767 1000
1 966 1000
1 646 1000
1 368 1000
1 151 1000
1 361 1000
1 782 1000
1 35 1000
1 59 1000
1 995 1000
1 381 1000
1 809 1000
1 527 1000
1 298 1000
1 698 1000
1 995 1000
1 300 1000
1 312 1000
1 97 1000
1 427 1000
1 240 1000
1 178 1000
1 319 1000
1 299 1000
1 122 1000
1 922 1000
1 377 1000
1 966 1000
1 9 1000
1 327 1000
1 413 1000
1 139 1000
1 860 1000
1 274 1000
1 677 1000
1 743 1000
1 937 1000
1 553 1000
1 817 1000
1 865 1000
1 593 1000
1 493 1000
300
1 81 1000
1 497 1000
1 325 1000
1 417 1000
1 902 1000
1 857 1000
1 211 1000
1 340 1000
1 16 1000
1 593 1000
1 310 1000
1 431 1000
1 218 1000
1 676 1000
1 80 1000
1 511 1000
1 674 1000
1 835 1000
1 980 1000
1 501 1000
1 731 1000
1 896 1000
1 399 1000
1 432 1000
1 333 1000
1 84 1000
1 328 1000
1 409 1000
1 121 1000
1 420 1000
1 925 1000
1 438 1000
1 104 1000
1 806 1000
1 559 1000
1 554 1000
1 435 1000
1 327 1000
1 595 1000
1 658 1000
1 130 1000
1 958 1000
1 466 1000
1 775 1000
1 455 1000
1 807 1000
1 552 1000
1 569 1000
1 954 1000
1 315 1000
1 382 1000
1 8 1000
1 957 1000
1 61 1000
1 305 1000
1 890 1000
1 943 1000
1 469 1000
1 443 1000
1 299 1000
1 699 1000
1 455 1000
1 343 1000
1 342 1000
1 496 1000
1 258 1000
1 40 1000
1 455 1000
1 433 1000
1 307 1000
1 977 1000
1 882 1000
1 764 1000
1 98 1000
1 515 1000
1 523 1000
1 357 1000
1 410 1000
1 484 1000
1 262 1000
1 107 1000
1 987 1000
1 685 1000
1 542 1000
1 751 1000
1 729 1000
1 297 1000
1 297 1000
1 338 1000
1 965 1000
1 555 1000
1 256 1000
1 974 1000
1 609 1000
1 151 1000
1 825 1000
1 737 1000
1 846 1000
1 157 1000
1 886 1000
1 856 1000
1 479 1000
1 123 1000
1 94 1000
1 152 1000
1 829 1000
1 322 1000
1 385 1000
1 605 1000
1 356 1000
1 854 1000
1 831 1000
1 837 1000
1 154 1000
1 865 1000
1 231 1000
1 331 1000
1 413 1000
1 63 1000
1 266 1000
1 374 1000
1 868 1000
1 304 1000
1 992 1000
1 706 1000
1 698 1000
1 267 1000
1 119 1000
1 444 1000
1 944 1000
1 944 1000
1 489 1000
1 616 1000
1 434 1000
1 683 1000
1 741 1000
1 661 1000
1 568 1000
1 758 1000
1 259 1000
1 741 1000
1 325 1000
1 925 1000
1 378 1000
1 184 1000
1 945 1000
1 322 1000
1 772 1000
1 312 1000
1 920 1000
1 857 1000
1 807 1000
1 284 1000
1 898 1000
1 939 1000
1 3 1000
1 471 1000
1 83 1000
1 149 1000
1 488 1000
1 736 1000
1 122 1000
1 560 1000
1 880 1000
1 954 1000
1 733 1000
1 640 1000
1 135 1000
1 483 1000
1 778 1000
1 127 1000
1 328 1000
1 591 1000
1 805 1000
1 370 1000
1 329 1000
1 661 1000
1 870 1000
1 513 1000
1 748 1000
1 222 1000
1 234 1000
1 193 1000
1 6 1000
1 547 1000
1 343 1000
1 923 1000
1 314 1000
1 622 1000
1 275 1000
1 404 1000
1 93 1000
1 237 1000
1 836 1000
1 101 1000
1 897 1000
1 645 1000
1 246 1000
1 243 1000
1 389 1000
1 619 1000
1 899 1000
1 134 1000
1 65 1000
1 51 1000
1 500 1000
1 652 1000
1 52 1000
1 411 1000
1 115 1000
1 517 1000
1 679 1000
1 990 1000
1 475 1000
1 406 1000
1 954 1000
1 539 1000
1 268 1000
1 736 1000
1 932 1000
1 766 1000
1 418 1000
1 968 1000
1 965 1000
1 460 1000
1 516 1000
1 159 1000
1 326 1000
1 505 1000
1 615 1000
1 458 1000
1 149 1000
1 76 1000
1 211 1000
1 930 1000
1 228 1000
1 671 1000
1 195 1000
1 546 1000
1 801 1000
1 986 1000
1 119 1000
1 310 1000
1 294 1000
1 399 1000
1 20 1000
1 88 1000
1 464 1000
1 565 1000
1 216 1000
1 258 1000
1 337 1000
1 143 1000
1 256 1000
1 378 1000
1 16 1000
1 836 1000
1 828 1000
1 767 1000
1 966 1000
1 646 1000
1 368 1000
1 151 1000
1 361 1000
1 782 1000
1 35 1000
1 59 1000
1 995 1000
1 381 1000
1 809 1000
1 527 1000
1 298 1000
1 698 1000
1 995 1000
1 300 1000
1 312 1000
1 97 1000
1 427 1000
1 240 1000
1 178 1000
1 319 1000
1 299 1000
1 122 1000
1 922 1000
1 377 1000
1 966 1000
1 9 1000
1 327 1000
1 413 1000
1 139 1000
1 860 1000
1 274 1000
1 677 1000
1 743 1000
1 937 1000
1 553 1000
1 817 1000
1 865 1000
1 593 1000
1 493 1000
0 0 0 0 0 0 0 0 0 0 0 0 0 0
0 0 0 0 0 0 0 0 0 0 0 0 0 0
0 0 0 0 0 0 0 0 0 0 0 0 0 0
0 0 0 0 0 0 0 0 0 0 0 0 0 0
0 0 0 0 0 0 0 0 0 0 0 0 0 0
0 0 0 0 0 0 0 0 0 0 0 0 0 0
0 0 0 0 0 0 0 0 0 0 0 0 0 0
0 0 0 0 0 0 0 0 0 0 0 0 0 0
0 0 0 0 0 0 0 0 0 0 0 0 0 0
0 0 0 0 0 0 0 0 0 0 0 0 0 0
0 0 0 0 0 0 0 0 0 0 0 0 0 0
0 0 0 0 0 0 0 0 0 0 0 0 0 0
0 0 0 0 0 0 0 0 0 0 0 0 0 0
0 0 0 0 0 0 0 0 0 0 0 0 0 0
