1000
53
41
211
320
13
244
103
324
155
163
250
344
276
172
304
278
3
187
149
255
10
85
124
85
157
46
49
266
109
226
350
290
140
101
222
127
215
87
43
58
293
13
219
290
164
297
246
139
3
57
229
276
218
104
272
166
257
245
113
219
109
234
188
32
116
168
175
294
167
246
130
307
5
285
121
195
142
83
294
154
283
44
210
29
40
360
2
30
274
205
12
119
68
144
83
134
160
300
235
19
245
317
20
332
244
346
255
37
68
311
193
287
274
32
2
284
333
197
241
328
225
351
331
210
328
8
128
134
214
163
67
92
319
194
180
41
285
223
29
287
29
341
43
306
248
277
301
273
159
55
253
187
61
320
340
0
121
289
72
189
352
11
269
78
335
285
307
126
190
133
285
70
98
99
189
38
192
346
52
182
124
341
216
69
277
50
97
272
329
303
64
351
118
26
248
309
29
281
172
310
275
322
344
300
70
104
122
312
289
228
167
214
284
249
203
152
264
52
291
154
15
279
207
213
158
286
61
48
204
360
323
187
22
176
214
126
16
330
278
48
46
80
346
159
122
166
254
165
283
99
105
121
24
338
293
242
160
356
89
186
87
118
56
293
107
75
218
4
241
89
61
90
192
96
48
331
149
147
254
285
38
112
44
80
81
176
54
164
254
240
64
62
197
206
150
235
296
147
108
146
144
260
230
348
216
316
317
108
58
217
71
116
359
32
6
292
106
255
44
332
208
89
70
284
210
174
63
87
88
309
61
190
267
188
348
119
218
184
104
317
38
42
48
29
154
352
223
106
24
174
118
346
4
30
71
282
47
12
67
174
139
355
317
83
63
128
69
102
5
333
55
319
182
154
24
83
284
103
191
0
215
304
318
257
60
149
127
213
49
107
71
118
326
302
38
172
202
225
181
97
145
25
186
352
76
117
305
190
49
110
2
110
275
5
256
303
311
32
91
297
342
263
233
344
76
19
86
1
307
74
62
255
174
356
283
123
157
296
268
111
69
16
15
66
128
337
61
336
249
10
28
74
12
155
222
71
198
277
114
198
199
345
167
4
113
200
236
104
358
291
305
191
37
248
340
33
181
351
109
182
73
122
301
89
356
322
71
173
129
222
135
99
280
304
8
242
248
294
0
322
154
266
323
182
4
164
322
178
330
351
40
268
317
354
255
199
184
256
75
148
113
340
296
288
347
194
5
10
102
323
289
200
53
137
60
356
336
36
80
104
138
83
116
134
194
222
34
206
39
180
53
279
185
71
349
162
251
233
227
342
220
74
211
71
187
296
120
330
97
29
358
360
326
185
100
149
289
318
68
208
145
101
119
217
101
273
3
353
233
278
337
236
196
254
73
102
79
124
353
42
125
305
72
76
325
40
3
45
171
28
214
39
151
33
49
66
45
169
60
239
337
60
42
237
184
8
320
131
130
316
274
57
97
311
228
161
76
296
102
93
352
286
277
321
327
150
40
292
27
236
184
270
91
123
258
29
157
155
120
53
307
85
30
259
193
251
228
52
161
122
130
285
28
266
222
27
81
63
146
161
16
353
250
50
8
129
16
288
15
330
262
281
8
7
183
57
333
199
290
318
312
43
91
252
343
29
157
32
76
247
218
194
228
240
60
217
288
66
131
52
128
314
319
124
99
84
250
41
261
317
22
30
278
190
104
237
84
359
25
323
2
217
323
275
206
296
338
305
273
151
191
5
170
337
114
72
284
267
291
4
112
289
327
276
291
156
80
65
222
303
99
62
58
356
273
219
215
299
4
75
326
277
129
261
88
60
60
127
215
233
82
304
126
58
220
278
63
292
223
28
241
13
35
270
294
73
85
144
296
69
233
173
245
85
84
242
313
163
74
149
33
7
203
347
165
71
139
196
260
102
357
194
283
243
345
114
293
100
15
290
52
166
245
22
182
93
142
178
116
111
218
31
234
312
208
285
349
328
353
150
153
132
268
217
141
333
28
241
340
52
89
107
78
345
3
204
230
300
272
207
214
0
58
298
155
135
341
261
112
113
291
107
169
176
14
168
50
22
247
84
322
47
128
39
97
316
337
104
169
219
199
233
341
281
275
325
272
309
320
110
18
149
79
354
148
262
228
86
85
261
350
29
331
110
253
129
80
87
313
98
215
292
336
273
166
153
225
351
297
142
317
155
264
41
258
126
162
147
290
227
73
22
109
27
5
51
206
173
99
165
100
46
341
215
9
243
104
113
162
296
131
171
256
136
321
182
258
18
319
244
316
37
62
237
331
295
230
155
43
238
