93
11 2 138 243
5 12 80 13
2 11 309 9
11 9 150 122
4 10 193 149
7 5 248 164
7 28 194 93
2 12 226 273
7 7 6 237
1 26 201 4
3 26 57 306
5 22 314 83
6 28 193 226
8 16 225 306
9 16 306 241
2 17 269 224
7 23 265 316
8 18 281 16
11 27 12 273
11 28 172 48
6 29 55 252
5 11 209 149
11 15 288 82
5 4 359 52
5 30 339 217
10 19 353 322
6 7 310 357
8 16 341 3
2 3 149 99
1 12 97 38
4 7 254 281
4 22 336 102
3 1 245 219
4 22 240 209
8 2 264 70
5 23 158 28
2 10 131 247
12 21 95 123
8 23 347 316
10 1 200 109
8 13 126 202
1 9 70 165
6 22 40 260
8 21 110 329
12 11 55 129
2 24 293 38
7 4 119 53
7 4 272 73
8 10 134 326
1 20 356 198
3 18 16 336
11 30 302 76
2 8 67 336
12 29 234 134
10 20 59 67
12 12 135 274
3 23 189 303
12 10 1 61
7 6 87 273
5 26 124 132
11 1 38 212
9 4 223 235
4 9 110 343
4 27 5 241
10 30 284 150
7 16 229 241
3 20 262 223
3 10 178 257
11 24 288 349
5 30 210 118
5 18 184 184
7 23 179 349
8 1 354 354
4 30 256 330
9 26 147 338
7 1 327 107
11 21 33 196
5 9 93 70
1 4 145 238
1 19 167 214
5 18 151 3
5 22 170 232
11 2 168 195
11 5 131 3
2 18 162 112
3 20 215 203
1 5 33 329
10 27 43 172
1 23 195 170
2 9 252 332
1 4 308 48
2 6 95 352
4 20 146 1
