91
3 14 165 43
10 15 343 316
8 10 220 341
10 20 74 58
9 5 169 323
7 2 265 302
2 20 297 115
10 20 353 255
4 7 41 114
1 20 264 17
3 29 158 260
1 13 186 49
10 19 20 207
3 11 4 148
9 20 226 184
2 3 91 168
1 3 83 12
6 20 341 96
12 9 277 295
6 20 111 99
5 23 212 135
4 9 204 245
6 24 295 232
12 10 243 300
1 24 25 153
12 26 344 139
5 8 145 53
12 27 345 353
9 18 226 41
2 5 186 354
8 24 250 300
3 2 272 283
1 3 245 9
3 17 184 257
12 2 274 350
4 22 232 210
6 18 324 319
6 17 44 210
4 8 162 346
3 2 66 270
7 21 143 252
11 13 142 251
8 4 113 42
4 30 13 294
4 29 68 360
7 19 116 173
12 24 335 164
4 28 169 251
2 12 213 163
9 15 328 223
1 25 172 169
6 29 311 230
12 22 105 141
5 30 314 27
10 10 33 305
3 5 278 181
2 16 17 277
12 25 320 151
12 1 293 268
5 22 246 216
12 8 276 4
9 2 156 348
5 18 257 42
10 1 56 273
7 26 18 162
12 17 221 330
3 6 260 258
10 23 146 174
11 13 299 15
1 24 92 209
2 7 262 61
7 4 319 200
10 18 232 163
5 13 144 17
4 11 87 52
7 2 308 327
10 14 320 261
3 11 73 17
3 1 32 68
10 27 299 251
10 16 4 46
4 13 327 274
7 7 352 152
6 5 91 20
2 5 202 70
2 9 219 300
10 11 191 287
5 9 53 49
3 14 260 229
12 9 292 39
6 28 310 104
