51
12 3 297 193
5 20 118 236
3 7 77 90
8 10 2 133
8 20 267 244
10 12 300 306
12 21 301 285
6 9 50 215
11 10 146 329
4 7 290 203
3 13 343 317
6 28 143 322
5 5 289 319
8 26 128 185
10 30 156 356
7 12 312 4
11 4 61 64
12 4 286 274
9 6 18 88
9 23 142 150
4 23 40 282
7 10 173 247
10 5 275 227
9 3 152 128
4 14 65 46
6 11 300 112
7 6 7 59
6 29 14 290
8 24 305 188
3 9 267 180
11 21 140 176
12 7 88 355
3 11 71 196
1 16 99 101
11 4 284 140
4 17 71 309
1 20 211 253
4 9 267 129
2 26 327 165
5 12 58 174
3 21 157 161
4 1 99 297
12 11 19 53
3 7 330 327
7 12 262 198
2 3 291 61
2 24 346 10
11 30 173 296
4 28 85 37
2 11 180 116
10 17 11 69
