48
12 21 192 44
9 4 186 55
10 10 238 211
4 30 6 263
1 7 151 64
2 1 116 151
6 6 121 81
8 15 296 117
9 8 128 138
12 9 121 30
4 13 65 32
5 25 186 55
7 6 129 304
10 10 201 108
12 1 94 327
2 2 131 307
4 13 308 235
12 30 244 160
11 12 153 55
8 5 139 201
2 6 224 234
2 30 307 243
7 19 169 161
9 1 258 163
7 11 206 47
9 9 301 69
7 12 254 147
3 10 201 287
7 20 269 56
4 5 283 326
12 19 312 317
10 24 39 39
8 3 173 103
4 16 331 30
12 3 232 193
8 27 29 49
12 7 103 162
8 13 336 220
10 4 349 197
7 5 233 358
11 15 9 25
4 24 231 178
3 20 152 75
7 9 141 357
7 7 118 198
8 25 194 70
5 2 176 321
6 10 249 24
