78
12 24 232 291
6 11 356 34
3 6 160 302
8 14 93 343
9 1 160 280
11 25 194 218
11 5 166 128
2 14 125 249
11 22 93 18
8 17 166 25
1 13 44 203
4 8 152 198
3 25 255 64
1 20 41 174
5 12 155 62
10 3 286 310
5 4 285 114
2 5 315 66
11 15 147 297
7 17 286 47
1 1 73 312
2 28 84 283
7 5 148 357
8 16 49 243
10 28 321 307
7 16 115 284
12 12 93 128
2 3 239 329
10 1 150 298
11 14 202 2
11 3 232 181
11 13 120 74
3 10 360 173
2 29 319 215
8 3 35 201
7 5 44 133
2 27 54 333
2 23 163 58
3 4 343 334
8 24 98 314
2 12 321 9
10 6 62 331
4 24 43 147
12 4 267 242
1 22 42 178
5 13 303 147
11 10 241 33
12 21 119 243
1 20 55 206
12 29 112 65
3 10 263 263
1 16 150 160
12 7 232 167
11 25 151 45
1 14 335 117
8 16 72 22
4 17 191 332
6 1 141 144
1 4 79 171
4 23 116 247
10 12 91 286
4 5 314 185
7 19 328 10
11 10 36 282
9 1 195 284
7 19 46 72
2 7 65 289
11 30 54 47
11 17 88 262
9 13 136 349
12 23 172 72
6 7 163 319
2 8 322 245
11 13 82 73
7 16 63 240
5 30 346 289
3 9 336 152
9 11 178 291
