40
1 20 158 115
7 19 274 53
12 26 279 108
4 2 119 241
12 29 128 184
6 6 243 354
11 27 278 172
1 6 331 47
1 15 287 62
6 22 292 298
4 15 47 73
2 25 58 155
12 6 163 236
6 16 348 141
7 12 185 307
7 14 29 6
6 30 261 324
6 12 195 51
1 2 236 226
1 15 123 57
6 20 292 228
11 20 313 340
1 22 169 70
11 2 12 314
12 10 72 197
8 18 167 231
11 6 111 6
5 28 208 98
8 22 354 158
10 15 324 358
4 25 342 179
7 16 296 192
7 27 128 25
11 8 289 143
3 19 62 69
10 12 291 174
12 19 197 45
5 9 228 242
8 14 160 244
9 12 2 186
