49
8 28 88 19
12 27 318 311
11 1 221 359
5 5 173 185
12 11 81 71
3 16 352 280
6 6 15 223
4 13 29 170
6 23 54 308
9 6 217 203
7 16 290 155
2 27 160 337
4 18 232 96
6 17 56 216
6 22 85 90
4 2 134 309
12 8 206 196
3 20 350 358
5 6 136 349
10 26 189 95
9 23 320 256
10 26 281 342
6 28 140 132
10 2 71 327
8 17 351 244
6 1 355 240
12 13 224 94
6 2 123 125
8 23 162 296
4 7 52 220
4 7 356 333
1 2 106 353
1 6 186 59
10 2 162 234
1 5 216 231
3 11 59 251
12 2 85 6
7 1 327 249
7 21 29 133
5 9 6 226
11 15 93 89
3 1 307 322
2 25 50 7
2 2 91 175
5 19 1 116
11 21 348 77
7 12 224 29
3 1 187 138
7 3 66 111
