45
10 7 302 179
11 24 207 168
11 9 203 186
2 14 55 95
12 11 350 295
4 7 181 63
6 26 206 23
6 5 245 348
11 16 254 238
4 1 205 203
2 30 116 170
8 15 161 337
2 9 85 104
7 24 246 20
7 6 349 93
1 20 201 208
9 10 3 229
8 9 280 130
3 20 234 6
8 19 231 151
5 13 360 285
11 30 68 188
4 10 258 214
9 30 18 111
1 4 69 279
8 19 128 300
9 9 334 21
1 9 75 56
1 10 281 244
8 6 39 200
7 21 29 91
6 7 297 169
2 22 141 316
2 28 334 57
1 30 103 63
11 22 348 156
11 4 159 351
2 16 327 127
7 23 188 170
5 10 196 327
4 10 322 317
9 4 225 249
5 1 229 220
2 22 194 35
6 8 163 277
