79
6 18 335 43
5 29 326 323
10 2 21 292
4 12 237 309
7 1 137 65
5 9 346 318
9 13 314 55
7 22 153 202
1 30 220 11
10 10 64 31
9 27 35 194
6 6 172 106
5 13 46 289
1 7 257 134
3 25 305 61
4 28 101 251
7 9 17 251
8 12 12 35
10 25 115 47
2 2 356 173
9 12 260 224
2 15 58 30
2 29 281 282
6 22 186 170
1 3 24 97
3 7 42 207
11 18 324 260
6 15 142 216
2 4 4 279
4 24 228 285
6 14 139 174
10 12 88 217
5 15 72 175
8 8 344 65
6 18 318 16
12 16 169 43
4 15 12 52
12 8 143 283
8 22 78 121
3 9 248 303
9 14 345 45
2 19 40 171
3 14 162 259
12 27 205 260
12 1 142 65
12 29 260 64
11 17 322 300
8 13 17 324
8 10 107 345
10 12 337 92
4 11 23 125
8 12 251 325
9 13 305 181
10 20 41 349
3 10 327 158
12 19 51 288
3 25 271 69
10 17 332 268
7 11 117 39
6 29 185 13
3 2 221 121
5 20 192 289
8 5 278 359
8 17 278 308
4 20 52 240
12 20 359 299
7 1 340 120
5 4 73 292
6 4 347 211
10 5 289 308
3 15 302 152
6 9 139 327
2 10 354 130
7 21 4 194
4 3 92 328
10 9 74 323
10 26 178 221
7 14 266 286
6 3 247 208
