72
1 7 265 80
1 4 79 259
11 23 79 198
3 14 68 37
4 16 46 119
6 24 360 357
8 18 315 359
8 9 298 294
2 30 349 179
5 17 222 199
1 2 166 145
10 23 17 299
8 7 206 181
8 24 232 177
6 4 287 133
5 17 288 332
8 6 17 85
5 15 38 203
1 13 135 139
6 16 87 225
9 25 231 3
4 18 320 188
8 30 237 171
12 27 71 57
4 6 206 215
3 22 199 101
2 20 281 188
11 19 55 326
7 2 329 264
8 21 146 311
8 16 11 304
8 5 359 54
9 6 237 7
10 29 130 232
9 29 140 5
6 28 304 17
7 26 316 332
10 6 213 168
1 25 179 20
9 8 216 297
12 27 189 143
7 17 318 33
8 4 184 4
5 27 90 357
12 24 241 176
1 19 186 305
7 22 116 167
3 29 107 172
7 16 39 103
1 8 51 266
9 28 86 339
6 7 117 191
6 1 215 251
1 4 159 186
2 30 142 178
3 18 335 334
8 14 33 261
11 21 321 177
3 4 253 10
5 4 178 321
1 3 174 293
3 2 94 281
7 19 282 12
12 25 52 111
2 6 157 91
4 24 320 353
11 26 117 239
8 25 223 130
10 6 191 110
6 5 254 176
9 3 95 237
6 9 243 296
