1649 87622 121560069
62233 915
75352 666
69869 190
48240 701
71331 454
87320 440
81898 612
46753 293
20124 69
9281 2
34311 625
85149 658
6887 997
70998 188
5458 961
75439 330
99485 331
4612 452
90338 267
45998 851
5108 949
83377 582
52304 146
5050 320
70476 375
10456 55
49267 932
73410 967
12818 181
36364 381
54085 741
59294 813
3284 463
70991 493
14108 795
269 391
27094 55
71271 291
43578 299
42770 634
13254 604
60283 132
29866 850
4317 995
23456 881
87518 446
70572 644
31420 335
20857 533
75702 261
54616 535
12138 603
74077 965
703 79
81180 711
5365 668
12875 636
30154 272
8131 955
87762 775
87122 80
2635 270
21429 518
66402 185
54829 367
43426 797
73914 222
14683 702
11228 413
28441 59
211 599
78219 725
49037 215
30231 516
17727 863
40815 914
30124 995
86749 93
20986 331
4622 185
6620 652
87365 804
7121 136
76388 905
41924 97
93917 582
34995 250
55125 149
3540 366
57353 342
28293 527
54840 36
204 992
33897 564
61775 44
30993 545
39194 565
41484 883
29329 261
56397 963
26241 601
63711 352
43580 296
69883 373
64988 184
24083 384
55165 746
28911 765
6774 617
42436 954
75334 295
61958 288
65754 921
28957 200
21231 326
64684 595
14901 755
85100 281
12563 458
72291 564
69191 750
90838 18
12600 992
18016 766
10167 446
99144 734
80882 558
11041 719
32493 864
42334 133
51274 369
19642 284
76332 441
98121 770
88139 950
81749 874
6754 294
97256 754
59020 298
47523 765
8281 37
87069 987
43890 473
70347 900
36536 378
49500 273
20373 665
14193 507
27771 474
72839 921
24115 6
90434 559
60599 2
59370 858
87813 830
31645 20
19893 440
47083 774
41045 70
60379 9
13584 815
7360 484
52022 915
32693 730
59437 958
83835 721
14807 697
86605 283
54238 353
92917 320
48449 598
87579 995
88083 629
28977 329
17997 303
26775 733
7992 648
64359 23
47677 137
97646 992
24954 142
20281 655
94628 464
39441 255
457 419
99392 855
4381 602
76028 832
44143 351
91635 243
46866 115
96071 961
35787 364
71321 16
57965 689
30350 13
9367 696
9358 436
17839 17
95052 634
24430 993
57502 620
54988 904
15672 861
13906 155
75089 316
14276 178
56698 179
92217 571
98262 881
27398 757
24847 553
27023 142
71687 441
38198 662
34183 700
53629 946
38464 105
90033 394
76630 833
3601 171
98416 300
74986 573
51721 957
7423 109
44398 610
81924 181
7801 557
9038 760
82869 517
40283 150
11979 246
16268 558
27255 469
81863 711
71502 684
5405 453
12288 204
72826 643
68448 526
83127 587
41777 377
35066 167
91423 496
79168 276
59165 833
73781 410
68781 94
71904 845
81205 72
91959 711
5539 287
64959 684
94585 555
72814 220
47452 31
10772 140
52061 888
41501 541
43972 106
81908 340
61282 475
57137 120
65534 806
48054 400
78430 482
94927 74
37294 497
49335 701
49348 393
20166 144
41841 998
24057 928
50757 654
7601 894
85986 731
96496 511
64815 837
14618 426
96878 102
94270 494
35741 412
77095 657
51446 346
91995 834
31037 143
23503 552
45778 181
90343 272
91541 531
7487 507
79677 188
45561 645
9288 950
47614 896
44958 468
70835 647
40790 909
90253 251
53819 826
72422 809
76501 403
29591 194
40525 419
1309 66
83085 840
88621 434
44062 252
31132 703
33681 943
31616 384
4178 850
40413 275
88818 901
96100 560
68332 338
96047 205
59513 159
20828 528
38199 641
76994 960
33882 212
533 757
54976 203
10936 267
87900 286
97476 404
61696 415
78314 75
96508 860
11981 841
59746 753
30136 411
62335 475
89769 858
82508 989
43820 642
1833 495
79464 971
44417 34
23239 427
48846 741
72294 619
37964 483
99547 453
94888 803
6868 781
60413 71
51805 37
24859 781
84970 990
8852 385
89667 374
82981 257
39006 885
62481 839
28177 967
73128 587
17376 389
21923 47
98389 635
7664 657
11627 571
92191 444
24595 41
95707 679
85844 118
98644 580
63351 918
90228 98
71042 41
9058 892
86739 749
25760 304
36161 410
6039 745
97500 541
93695 854
31288 278
58286 896
97026 778
4394 592
91754 105
21060 662
46047 593
28948 35
95745 337
23005 304
50566 351
11906 933
23406 403
2150 571
11504 97
92866 378
42135 627
74221 884
36910 933
91465 320
50457 791
48689 8
13240 375
70263 83
83976 596
94393 788
92468 884
73284 153
8573 383
85010 221
12505 921
46055 134
22325 804
15321 391
15690 788
61764 951
55810 25
62357 73
27051 56
64169 554
88943 226
65339 39
99052 900
24695 772
88177 174
45659 797
1672 836
63023 753
76218 280
12784 594
59038 381
68154 742
57255 478
66390 537
66394 301
48336 985
443 724
20250 896
19698 632
99456 838
98912 536
94883 741
80147 907
72667 603
84436 599
9661 155
99382 699
49004 292
16839 854
74053 240
78605 789
74466 927
90207 681
29351 810
86320 454
47903 672
42545 558
83630 708
77436 868
25426 444
76067 994
8008 20
63488 131
19958 689
21097 297
80659 655
47133 664
95522 68
44727 113
85886 722
43978 520
42524 585
90954 295
79835 314
14259 25
81567 677
36031 959
14204 508
17476 55
811 702
65743 759
39792 589
11364 775
3308 752
99382 692
51434 378
18575 934
87248 913
54153 411
96845 432
3712 153
19027 717
41764 152
58912 371
5542 389
33358 497
56380 401
82943 338
44373 104
25774 764
42023 315
23402 17
53408 582
79218 168
88282 746
32112 292
14437 324
86247 476
59962 724
4328 242
308 512
17427 780
52622 958
11954 878
54354 325
21786 630
60330 389
39653 391
70916 674
77395 999
47834 493
15125 760
17590 851
88992 762
88718 340
89262 760
57836 357
9829 271
85033 927
72306 874
10840 925
54467 792
2097 290
70177 68
61317 297
42872 124
8832 651
51005 604
36288 701
96825 824
73165 383
11260 917
35728 102
48620 360
4685 578
256 901
89381 281
87649 418
74167 954
27609 57
65317 467
21207 18
62359 748
36015 894
65892 362
75799 749
66560 45
98875 665
58656 290
68995 673
35686 137
98400 119
3209 335
65758 418
15896 838
74142 173
43842 705
33767 310
67455 321
85378 336
77096 586
52168 689
61675 910
48474 861
55416 361
8592 977
2112 443
82594 256
53364 361
69090 322
47115 197
32920 848
72416 201
52001 921
84852 80
91535 161
69112 38
55154 213
25738 954
73953 591
38182 979
71869 32
65241 232
1314 577
57474 527
71623 673
27810 703
97791 995
69160 741
67324 804
40987 283
3537 129
85939 796
8442 159
6707 202
76448 625
20608 769
2990 334
85012 897
4039 977
32336 231
32861 191
55047 132
6017 852
79099 237
62504 30
90973 249
98991 280
23742 335
61780 849
52426 485
23838 211
50780 858
53041 180
25347 189
92459 800
63828 339
54327 469
19328 357
94437 725
58863 191
73543 168
86056 611
3628 391
74304 956
93033 114
97936 635
39416 99
64782 558
77042 137
26234 228
51887 822
72106 762
58218 377
4846 377
77681 13
12075 269
90851 688
41476 839
14839 757
85989 644
24102 307
35667 157
64992 275
6410 269
44407 173
13990 422
2144 188
6738 36
87654 286
75635 976
12277 157
1184 910
9960 888
84982 855
26583 922
45325 264
41283 514
87019 945
73694 498
88259 872
47132 417
52332 323
42198 705
85165 145
11515 849
37246 490
26459 235
85791 994
11742 687
46744 666
74538 63
67769 527
82428 425
63933 81
28171 456
95139 638
52942 283
25462 692
14825 213
86512 850
52421 451
26237 920
94387 201
7193 858
93721 766
66689 49
6820 539
82114 562
77822 687
49033 829
30921 798
32482 799
3413 669
59343 368
91839 208
69633 182
48270 61
49841 241
23701 62
45670 700
74302 331
22985 234
83769 110
12698 343
86272 293
92218 99
66207 427
61570 403
47180 615
88439 632
89831 387
4457 85
47367 518
43641 461
96845 243
13079 610
44098 200
98191 31
1812 168
28853 472
74597 313
52669 733
26255 967
64269 403
65728 391
28577 602
77464 213
38499 408
48398 30
78241 908
14870 359
61621 588
66274 92
21470 256
34441 161
76078 980
82467 653
93114 666
20825 506
2395 726
1756 487
92106 8
90884 270
36204 661
93272 742
24994 495
61270 26
90268 360
49816 799
45909 347
74969 194
6035 491
7843 904
75469 786
3127 941
96170 756
48361 510
23228 97
92043 78
21400 62
42064 349
856 716
75027 804
17408 376
15531 42
19976 498
68952 282
54139 518
6826 755
45037 638
73947 767
70352 757
92223 660
50690 957
33684 398
16913 970
65579 307
58080 502
22553 245
61202 187
19791 908
29868 924
27708 857
1899 588
35802 396
49677 564
56534 96
70225 858
42926 817
15052 789
22512 421
83576 226
96227 624
56851 690
22221 878
33676 993
63720 629
81595 393
44392 248
16439 325
83639 101
64683 110
57475 40
64035 962
45805 302
13476 375
16030 675
19766 181
42041 340
45933 257
86561 142
74724 715
60850 277
71055 585
69440 582
4833 889
52021 941
66643 11
6073 455
19284 893
17808 722
7939 910
67908 392
3245 91
40495 816
57256 580
6100 893
8629 744
35080 117
67905 901
91628 227
80747 617
25114 837
41434 764
31559 958
69655 827
83869 429
13320 399
64910 213
44292 76
61801 475
11236 986
78334 459
32199 232
34198 436
7703 580
391 663
7716 420
41891 843
28339 968
97513 516
18036 373
7320 448
5447 147
61142 489
84840 368
83736 774
64960 100
80446 297
65897 707
76858 634
86892 334
9579 954
23041 178
33444 641
87843 895
48795 994
17676 738
67504 145
33695 723
39604 740
40438 520
79204 375
93428 880
25461 582
44264 969
6178 799
2858 131
98208 373
32039 859
35949 231
8234 497
62308 734
60988 138
16319 210
80066 478
78791 190
74780 499
7300 152
37461 928
43031 618
89054 123
99211 92
65761 268
99352 927
20819 999
41207 803
37334 166
7594 282
58300 181
34817 355
75226 148
92783 416
61654 249
84585 240
99231 251
76211 318
62133 368
74668 935
81338 752
16785 824
48808 655
39398 39
13714 551
14000 501
50798 300
97864 114
67655 254
73227 593
28577 562
62413 375
34915 306
16443 56
13496 952
18181 435
93077 543
50835 977
54922 122
18599 321
12763 107
27830 847
19615 110
33012 137
47685 875
27034 561
19030 647
63248 206
26718 955
10409 922
4820 380
49902 461
26896 513
29356 769
83545 777
36775 468
1369 346
18139 601
44081 611
47594 207
96244 11
82955 56
74759 847
69111 843
24484 216
68819 291
73869 395
33406 782
27372 991
30702 55
20049 682
19014 173
56806 85
9319 954
54061 35
87866 196
26189 70
69906 183
91416 626
78900 384
40692 608
19172 348
17356 669
80880 519
19253 832
49660 870
37686 615
91394 854
73549 594
26972 666
12824 559
97954 928
53616 221
50732 613
9470 969
27138 381
4397 444
86825 251
47302 554
84035 719
19617 980
66339 947
42709 575
40688 598
8789 899
66564 745
26146 998
54929 12
31190 430
86858 538
91908 930
81429 104
66180 874
64531 826
14077 330
46525 63
44700 44
23164 800
82141 266
26170 325
32555 136
27631 264
71022 200
41482 591
24339 211
1782 246
55231 991
55806 475
8899 4
99009 385
36573 318
14040 685
62732 486
77478 404
8346 593
37038 699
75503 63
60873 381
77541 685
64658 585
17912 244
24283 706
11693 600
16695 765
23397 329
16684 990
45717 557
17887 451
17060 428
72590 311
13982 427
76982 817
22838 522
27578 778
6572 142
3906 699
43397 631
18945 565
68443 99
76869 494
61893 553
29659 475
26303 959
86682 776
6273 133
18608 170
6694 584
5267 702
32369 384
86308 535
80106 458
92293 419
29380 782
30192 735
37352 258
34308 503
78775 445
72121 399
79407 749
97443 597
96093 226
83957 731
6981 120
40810 130
3751 761
95566 122
2187 1
43035 83
36272 520
20329 592
39108 884
41483 47
27300 892
49558 906
85236 206
60648 72
77995 849
27727 260
73978 724
4988 669
48121 262
66067 861
38228 323
84309 899
47453 309
94617 337
99817 833
27983 718
11499 822
61394 300
15008 986
13974 915
19281 892
75961 141
49124 507
99586 152
43610 813
68310 479
54342 521
51366 617
99049 422
72271 176
79161 929
67455 76
63369 723
31902 526
84693 721
26858 405
75235 562
28335 412
84840 621
14140 866
67407 256
65937 624
96876 818
23125 623
62522 330
76020 352
70438 669
2465 633
65092 396
8162 823
27307 491
24026 150
99056 124
59556 59
74464 202
65763 891
56711 974
72279 705
88505 542
79879 596
55602 865
27179 214
52251 276
30450 542
91711 120
36287 975
97686 41
35368 767
96767 392
85418 625
65081 675
50280 531
91833 472
77721 433
37603 373
26101 808
21930 915
43761 364
85651 790
45411 74
27401 575
25518 454
44501 346
36301 287
62320 192
63863 22
41108 214
73493 611
84376 261
93066 624
1886 664
94012 739
85847 425
49335 888
10225 147
42211 229
32270 457
45405 53
15308 750
86530 246
61197 540
64480 291
40011 221
78253 906
41385 765
47658 774
21903 46
15410 966
72167 137
86376 653
53878 308
76680 72
65070 719
19152 731
39135 878
91926 316
63730 986
6591 494
76523 912
72887 560
83331 880
94067 612
98405 687
51869 232
28564 525
63692 456
39527 808
87297 778
81358 856
86326 88
18397 385
49171 786
71446 428
58495 809
98495 221
25811 565
56715 902
79579 736
36456 747
34159 193
88651 397
15694 723
20062 183
71081 923
21190 420
74798 229
84254 199
26099 247
25773 321
25122 412
74143 598
45589 130
41445 840
80680 645
14804 411
33185 234
78015 311
25196 588
92500 138
80110 427
88985 11
33054 232
4814 824
47027 867
16530 145
8594 469
98330 234
42594 30
79730 949
47306 864
43661 278
7421 345
15375 277
93799 14
78843 431
23128 907
27432 566
21037 723
58893 844
24567 974
84132 324
44366 910
7095 722
1605 177
42261 421
53672 946
31282 724
25370 688
80548 254
15724 878
54475 40
15101 841
99648 300
94586 845
93736 652
85204 601
98791 891
19572 318
21959 132
75278 867
25808 777
42796 292
79290 765
77536 447
91527 666
10676 685
30801 501
92617 543
52510 261
82002 919
65873 815
39130 154
81673 805
35306 461
69900 738
3146 709
23748 247
82218 421
41183 978
82543 748
20869 714
65267 140
78741 300
9785 773
86138 865
79659 87
22865 69
97818 828
2996 354
43871 68
87024 355
77916 550
5307 217
54395 22
37163 994
46018 825
26917 189
22075 498
16823 447
28472 481
34530 761
6999 575
20683 319
14052 4
70787 946
65746 489
62617 687
1932 30
80643 287
83667 845
98868 965
71109 717
18653 643
2731 472
72253 5
28533 149
52427 211
69296 799
31540 140
69722 171
93506 46
18279 870
24407 231
51796 925
68920 647
82356 460
91702 43
84955 168
17215 948
29270 876
7030 126
27232 192
20078 738
80794 333
26854 644
37358 890
9996 597
89411 266
79234 506
95606 236
98909 955
53612 666
65569 653
30858 194
68674 849
82291 256
62730 890
60288 442
48951 443
83620 275
92585 23
68143 448
73075 943
6999 790
39548 304
12807 346
9406 722
16545 263
58250 434
38006 428
27605 856
79009 851
78662 866
81788 348
21517 959
1321 904
2082 389
23718 286
63680 532
66685 657
28567 193
94608 79
57960 324
23 204
73370 978
83294 693
23963 91
80328 118
63183 757
10272 108
34483 423
51780 140
87678 103
63855 426
58181 69
38846 499
66085 182
20461 628
15780 881
71132 720
45150 325
99173 869
51596 442
33490 671
69212 75
12906 596
69473 674
14425 295
83680 428
11280 94
33917 865
21031 36
63557 589
13287 311
54896 218
83164 371
24930 828
57486 893
98092 83
97988 960
35796 717
28956 76
7978 777
51811 898
55275 332
6334 345
32160 792
93339 356
36050 369
23411 914
45521 814
76299 53
84547 694
71322 19
86392 256
42355 824
17117 937
82240 282
7986 2
70280 196
22071 272
23372 796
78892 131
78903 252
11053 199
2628 668
22184 501
66829 734
44507 435
27868 729
24030 928
5653 272
94861 841
22451 728
26980 567
31918 605
17287 759
25760 453
72390 528
18724 323
75940 784
50675 6
72545 672
47618 695
19150 435
33511 575
50747 835
72199 654
60871 996
59632 269
1412 527
90206 541
72729 393
35809 462
20344 625
37055 249
97399 197
65163 262
46715 222
47424 39
20152 551
65042 27
99904 650
16646 988
64983 643
14097 329
85545 859
72070 669
86532 78
84375 750
81586 789
2502 487
63453 725
38534 118
35563 911
72102 879
66222 526
26475 343
39095 260
57322 985
35744 5
9118 197
1570 865
22644 108
43598 70
51500 909
92035 357
34591 380
37855 529
22330 69
93216 251
31569 253
73918 944
64740 794
55632 953
58553 142
32658 193
8723 528
24366 851
29576 354
17811 210
64481 828
74071 679
62041 296
10658 71
67337 860
61712 226
99859 211
52529 717
96151 604
66860 401
72274 209
76007 658
20498 706
82648 544
8415 912
6201 897
86934 322
41527 493
47729 563
84471 249
95360 425
33647 717
22689 664
23219 766
93407 789
90403 140
73326 316
93644 565
68299 747
79185 913
35480 92
66674 531
3680 55
91615 318
71534 221
71438 638
12745 622
77105 395
43044 748
43095 730
46482 302
56219 347
9557 942
87799 380
76703 739
91731 212
65655 56
35281 265
58229 691
40808 835
61297 343
33582 654
6719 554
95513 844
25084 664
88895 49
76803 758
66774 37
95443 400
31436 254
21716 131
53052 675
91939 779
94302 810
10434 687
10831 331
74893 144
63001 202
58688 590
27849 873
19374 827
73543 315
33704 421
97979 819
71294 424
15616 27
55853 58
32459 997
71193 774
40594 934
44783 58
15518 637
47486 432
87737 857
7620 648
44568 280
27915 669
37348 289
89108 36
45582 331
83038 920
43459 243
88641 601
78256 562
62837 447
48115 509
11657 732
66801 548
1319 64
8127 747
28935 194
60537 707
56252 294
14078 970
55488 953
23829 743
89958 335
15131 359
