8667
491896167
732794334
446445203
452854612
736436274
941870961
519941248
606956724
932579055
665653633
398552721
968890344
739329527
23605680
332900877
227235533
579882180
418798722
254104830
874787514
878159567
705942291
737220548
386717442
875015520
503469765
524192561
876001405
731407879
315367801
661605388
148018196
535206828
458875039
509654199
67158936
895330183
111427137
639689587
769097649
66965965
868488581
508365035
997343998
43625161
468094640
677580011
562098053
877506200
168585311
790776712
616465166
600341378
97756452
591566020
280400834
369960140
664955752
697632066
90383367
464181476
703891224
706532353
584931125
623034434
347390422
415190675
770024664
20306572
262279139
786809521
974907151
111972967
84232586
145776134
292818065
606106307
137888885
853680132
864480806
954540087
215697181
965297715
604476613
467674371
140313600
614497491
943596591
720450040
646561853
156789543
819345297
858475895
346576337
770447933
820839127
900710799
860816797
816781631
356481794
616116962
513624580
172017303
89840049
886101687
54427141
763531374
538510646
490373533
932156420
117206007
834814824
500502463
871787492
148280212
522401161
370086402
295310929
55588976
21951998
353916603
871526339
129442671
352261678
368465065
447321611
745776349
594160762
912265656
389054339
545845227
475683738
988064233
254391623
349383042
46834262
337248270
880073179
401331827
783164505
320321123
674890401
371086405
620319156
915508706
234347989
800559652
656098868
911406101
537689485
864040460
786574439
166771290
115100293
872433342
382943165
438030009
470581845
837279325
34841377
178040434
16523644
210501536
833097894
151608050
293769132
495927458
302872654
926875406
439593536
772230978
961466823
627252945
619983165
81220978
59473857
712578532
128871870
757595975
129747234
668825642
316414164
489594877
193948681
134027406
755610190
780794684
973044685
414387516
535003886
491975416
613738858
850373994
930187225
156958344
555061326
561861252
1284309
507837806
917850899
143034965
335498822
243510827
922108414
491725728
900203568
778046891
847997606
855384235
659838229
297882883
29416481
512211770
487988592
158051664
913906148
158639298
818386170
631314782
644324185
867369366
420962040
292033181
806619608
917513868
864625357
851386686
723656263
574960643
263499483
118842582
217610337
99868914
2966806
475747123
404824396
494112145
608692969
55100708
801516215
745386542
780075553
146346167
44516928
499175506
323359045
335719076
265106429
791567519
273400127
88216503
157526840
24011394
632412023
69214413
997420376
11666170
496093385
911184004
30675165
731586662
587726865
452616785
942231619
489105532
357337847
795555353
883929513
425418281
104887874
43080019
929715804
440281570
477353099
676498200
122095706
180870548
395305403
285930831
818976937
274499810
148168187
181572196
462040678
133956655
598259745
369054776
851480100
345444542
343335333
711939621
990475523
107439208
957139828
408618921
300937438
37408774
400352818
106801185
499234873
717337904
975811479
118092765
325760351
465922248
44122368
130068327
429853264
321848549
359351976
667243657
330539692
707247729
820282473
324634433
239478221
931097891
687639749
362615790
836692891
450494285
452405346
193156379
326482623
444393141
224800220
601288016
221520102
829770713
485539701
129149637
682899641
10466813
660688845
338904403
488836644
71128161
785068871
441223492
490382850
832606566
2832088
596921952
250526506
35034225
808292875
501938162
415761700
437454273
88811708
946272400
135867619
308226253
555634127
534641893
8829915
621178541
964114916
455568060
465360579
458832562
845264694
936476149
159773553
210654577
734259161
519128717
186518419
298211376
724875592
760955139
830572621
9951138
979674979
423898182
526691874
796487219
133213012
641263464
160894039
913162955
737297317
280665584
743851281
336832764
687024607
795873633
78883776
74397185
941146788
169378685
185335974
477339441
501938359
296549671
546292027
52564154
181441808
471093197
772204997
486629649
402916304
179262756
830215475
907567741
10931387
41552487
825615595
898926452
989649148
603673003
755676092
747497357
904012644
337369808
679510610
1061111
894338504
422310241
41515892
53422344
149595152
145604283
644737364
869933698
633844676
707102293
821000405
317697253
39907190
690786522
863413100
439963265
156989420
33308731
753971573
516720129
952245378
715654892
454671679
831855875
415786056
952027588
997339892
123680651
800932741
778485276
317706426
99303074
596339157
561832750
542341993
879290041
329230683
673110003
457387890
680824094
711437131
353403484
190911358
47553275
439891821
408342148
32466441
316811578
669619524
919914447
203425386
154563742
62902538
498730414
527494421
68999556
444007133
811509714
333276599
374951281
925063544
301065706
283485876
714008070
101496308
91564701
63847581
213563042
92700307
921160456
647200238
959935839
679547027
190002070
934828503
365101878
578550910
857814066
521602013
350889966
583121396
219947186
831258834
986387857
77956532
380473569
531315276
226360667
577498476
481995202
312793683
423834930
55976364
87998059
903809634
10423590
421418281
930561790
819761892
912263019
605635755
500682863
680920569
957692264
614188377
778547623
772496837
324452004
879526304
816461042
961616245
732588727
156796516
903893653
290966871
501522106
556012545
987743128
972371712
160404030
880301103
136903108
444522687
787809350
953960237
368662363
673031610
740128474
531403925
176623799
883619534
533816850
717661610
315631047
21169565
361477417
236547980
185460112
172973593
929937570
248302170
428094077
173661258
854261757
476586409
83751867
904906702
307272268
831149394
901333162
85395625
840033882
924999923
30156680
390023585
599173270
731710518
160575579
608175149
749009199
727685462
308089274
585927484
617018401
145296897
668059238
541295201
186112809
565135576
128231210
341669838
787721793
287206334
82097135
769041335
943393664
655628218
518982661
618668100
881146968
374667175
276780981
622076897
901417350
582250768
379557162
56043530
375860244
459753613
23433215
276390735
771557296
703456524
399834269
868719835
4902508
321508461
49821336
18749061
217694158
434428650
112627835
229099296
194308654
431013096
371422990
250179611
427189721
140810643
845929287
968744645
139251937
470237616
69765307
394646840
712892419
793706509
895765463
226143203
995183629
694731082
26294705
680050470
984969577
584094287
319960717
424120373
43971512
606117546
685215131
558825175
964184452
446644621
372070871
300784738
290037105
894482286
17286306
467359844
962295781
521911212
438400933
474474455
110233065
392030977
306513513
198086990
727551736
398810130
25837696
721929756
635181946
394207433
562192912
492031521
305335414
703113912
171336692
855515543
756608237
993201634
32369007
259019437
417040071
444261710
705216691
740291754
613542922
453330054
463218004
886049653
320348616
31534000
323929508
11573693
623423516
102236912
59904858
906832680
225678285
386308882
574031310
449403312
692930471
375076876
688118882
945013747
259977933
337768644
410452693
977790660
560359750
873717988
164664108
438935077
177018282
760961574
557487416
393897995
545113886
755709412
712165209
582318444
200560624
653417352
841661907
691974793
673855283
143561725
715674580
779090659
514513449
938182561
825136185
555986758
762701060
855571740
699645871
440014109
827451945
186285398
473034232
489702218
371376150
222396679
506972024
332147077
694842974
782194884
274275748
738775962
699929592
130686024
998829279
473346195
69597816
282183536
120594796
242466274
820093750
793390158
206669951
97353328
676250573
717520548
451813567
996929468
93853053
982643425
6318444
251611971
927324715
549441576
455327698
826782645
245862242
554197495
622939216
634348599
590845514
541898092
988641865
596986237
279592163
913682947
525631826
36972775
347415473
803238307
447154325
861708893
79519103
139903383
135999669
666549724
983583495
336931286
844849759
361006919
987944592
263527424
890348825
321007409
619432475
149343444
628817977
101626475
888475429
138707962
683762419
697556852
817346828
927523827
551594381
384663367
377321352
734447608
899750185
177362081
113390902
837800413
434950999
252649737
934291008
978991127
743827622
39839598
284210206
1051337
195257902
727236983
786441787
770200410
436536228
61928860
801486934
191250109
591696041
16459840
413981826
665836122
743822135
303801047
899563010
913267757
563293529
223013473
154722404
312226693
242334382
811257703
416594862
270584198
332243078
74127690
756448284
148070910
814290224
915178906
927580728
76088784
396722298
716121051
379176594
852399930
310513484
978928577
845902203
334264475
608362134
6117896
988947813
825053197
172643573
822513797
955384284
783294518
109047171
546307126
100857226
126293551
114343267
793763370
143146370
210609584
136258066
572559764
933626455
49297634
162798993
609957237
891247934
354850006
205532273
761532053
417145920
798270830
545160084
814833076
384542857
969840847
535351841
145959571
680989264
458983860
778617564
726517817
194433441
821153917
837089491
558651088
434553771
911501044
95491626
204525008
511008035
901445084
103798926
393256709
829110186
504794799
686012588
650945097
311965797
644478611
341091199
442507100
701216637
615907576
70005447
334040405
384024431
491646339
829057524
59994020
727663740
737238224
245616216
817939945
80447918
348934549
667072009
782316463
73616222
808300150
166275653
25119411
269122612
530556776
754670606
437199283
847434518
685274764
927423047
876131967
145638241
690390983
669575603
211776434
547288858
542991242
746936907
631644227
303260857
178418840
286678908
653580936
2707714
296489488
177978600
495806063
180738932
895719609
180553517
919469544
833991552
305172696
250557190
462050756
154942295
198764474
285383660
649983366
882786393
84571243
712156091
757211278
385706136
934998328
257417096
469403232
884688392
726294750
714627497
912527924
279659931
334314515
460258357
99840656
160492994
648705332
869359744
198638744
42943905
863489550
334597408
544006239
274543928
15399002
173107993
61709686
877333225
6362457
333498457
302174255
845478138
287489103
644034754
809898399
13408711
459386164
34904256
867282946
722463949
832453781
346411854
205447794
945579524
545016721
23928936
10376483
79893440
621299164
287599994
330509372
698711467
732392368
907695002
262453369
882708659
66370501
658383327
323682392
634221082
428437897
437001156
520098954
714247781
400526194
196569034
322277865
390933410
410706192
264384706
216878137
293903519
110484011
682307137
303349213
701664603
684789859
487571706
342949543
53962158
341331900
820300362
275374839
272991588
510414205
452445195
32552141
840531359
102350475
481899593
691725503
698942806
575302871
733905047
299641338
551081610
625889781
112665341
792626363
815576081
736481626
189451218
378997673
919384381
914958906
192603980
86483093
340373234
273722209
716427953
733874735
722598881
647706640
536915216
710373002
359109835
638576028
852372761
190865786
961930109
881160840
234156936
996092063
278531820
614839873
772478796
483011158
286052188
213178772
247224374
556174457
212512853
40260006
821836326
134717091
122932898
689791702
132506909
885848514
93320504
70059636
376842614
949506253
101456679
490542169
781511878
675141192
291592837
625128135
878506775
379041570
642806943
553263064
876975989
112724667
224957112
880118081
468549034
547449272
391501283
111683802
897876370
145097492
306399916
804719192
723892090
406939550
605969505
113930922
351397651
97073313
153219020
473572356
207484723
411563737
486201188
444501561
987983439
258814201
45982682
808143710
561675017
101688283
678105570
590226709
964061394
535095346
243809141
402633839
689735509
153284121
500521327
949574466
568843743
804382349
908283130
431392490
454393487
389469025
916537037
20399501
232303814
728380618
937906462
564768517
525207144
87091369
361664459
333707199
277914667
825486723
600158673
312185615
145183620
648435102
922513466
418893946
266312744
903884795
830628853
319548950
964361888
582236275
288964089
880032762
601298359
962261734
396580872
869636916
364982369
141370632
681198543
210208536
948945241
92301520
911908102
61381090
25633712
419194708
615487259
552139173
597815533
692325261
805743558
331408762
650944834
549771992
406238451
511070151
282700673
320669428
213034455
591003479
83886439
207191240
499332827
48789401
70969407
856975914
768691085
955528766
682029375
721150137
680127889
16764392
778002059
201729012
435744213
164199663
399913942
9174040
442166609
112128334
257322389
981779624
316537793
846693001
901130865
600694071
360103860
169601015
428007369
440481779
724620852
329521954
46663824
322373895
656434402
606162232
178966780
274217714
167646479
815290356
247644487
882699779
272389348
769381770
319346574
982591057
75841669
854196971
900459181
303552349
26879805
623663471
840438399
244261439
220391878
180890697
973858252
132469699
220881722
825437298
391338500
388493173
129195252
37383415
771270750
304189810
363868224
400134051
923395853
971203006
625693245
61130897
195676680
803163941
645791057
297574500
24994951
812507642
900721225
259321080
676242644
888965330
315786725
697967964
877931527
112290947
414520488
720162787
860900223
335455284
997027566
312512600
296358735
746813647
999782917
56232044
855743852
805341164
738223695
527970352
697555022
617258532
710247532
369887669
412172970
489023998
887532591
390365459
824749786
590860731
588669445
619840163
859495964
985355993
326602894
212436609
34443577
531305629
813345206
736688631
360489901
51823752
375599117
841884247
45839465
904513713
872331248
53290572
318861937
930083846
438106849
195202112
344110905
139157150
608565386
987798382
460221415
287731932
474043893
286613161
964083278
945669562
714136770
567541557
403350675
768821263
61956495
741717274
154139134
944076854
737772848
294525976
182815700
610030289
51176635
73919805
634258496
154867656
753326281
56250764
36459993
823993007
965044154
82268051
684321691
426403109
792346342
935439815
781805767
638666154
640803291
83514835
320848316
823717820
915525741
948021834
656883844
330305387
888935630
841294820
466913285
157125445
76914264
477731500
879187421
580274759
994003664
401369461
95794966
547716766
835926361
625872425
625314550
853874899
342108455
471862877
473276
290227107
83756242
761795127
544816387
345682803
189965810
655645543
584252874
979335195
905268889
303028686
281043211
353078561
696605774
27009979
458374554
912381660
870744458
397354687
279764973
254335423
101379656
859878901
360739699
484371174
196785439
697492094
580738826
571234954
115200751
388683287
726324679
785859573
380147144
606137792
964206170
521453360
501374192
625439259
903352843
462939050
775537176
300881123
303184016
509000748
409302281
224096661
522932506
735405215
550556615
64926357
721894925
336740086
198790018
540575592
240304586
892445370
184579978
118015117
394867493
34792751
727822789
17540352
335858017
871903704
650654363
481917176
587475044
131709569
795924973
24526750
282710061
197409100
667678234
149385575
774841311
454692840
204264146
161872555
682319667
944164106
604137225
616136177
483184490
226083523
967618908
601715593
140429808
645997194
978912030
712514283
17175700
737135631
79710277
226117519
618100612
336959105
550472985
735195279
251432823
101254684
257022894
323881375
760703429
295645983
777851209
326329691
968869908
992046339
342264300
113088995
874286063
272164700
922432172
589731866
14944387
480657120
383849690
971582391
493473106
357802930
679214116
162764692
557592095
784178952
30667820
903896168
317031604
633306103
274851789
733942991
952511977
747313422
847518687
592815510
86190022
314925228
833534786
217939968
189580862
880322193
496589929
104097667
919512926
702016118
50001697
810105486
853850862
601656174
231509178
479886565
605310657
66055431
296539815
691281978
770291519
891245491
152583912
545029925
466971945
292330039
831826958
331131566
956346233
521601720
877591776
460152152
606955230
274833803
39045731
655542175
564470735
697490038
832064553
405357111
258090266
189242668
149126081
353029830
40364020
144629085
481251768
450221239
216540249
285695200
999515722
533994909
701826216
262903668
726749432
758253329
13843905
164067853
933482044
295876055
557188372
904548953
195390595
397657122
812177053
210794524
514780873
149059884
775622838
361111313
370842806
253250349
224910497
754904224
75046164
340651578
698156524
465418628
273533830
458210791
460025548
625682743
603790570
680168586
948473846
307592276
297807953
688082499
62516356
606187695
641932633
288177696
35124669
96560841
45227861
989690574
502330913
943610827
450561382
354249119
372396878
847978539
2909900
852242310
362116388
181000498
409494806
492055958
79280966
259872081
850769545
992940498
546535045
310059793
960590323
58995823
696690161
241590107
845385507
118861539
788828415
392205330
707466191
778416434
904293342
119615836
621710784
673280119
990562734
305440749
411129520
711607567
760983038
248596457
740529855
543125757
330101615
393855551
761478925
195483246
10304907
964911524
669116033
39890810
671479480
758407201
303564173
251563764
219539334
439247613
997852826
122859470
161743008
20216620
251341189
584522884
455378832
766680859
573755902
804629515
253946630
121793997
74772771
98133126
152698550
173658490
954738057
8773129
520032333
311434667
837625421
275125471
651397030
242358996
127937942
770323580
990863343
941452769
296248409
618232112
553656728
893901830
406194785
338176320
2204971
565680521
311301121
251891539
229371788
53708366
374195399
371686783
646960497
211061262
690733180
240240026
97804012
624907142
763986304
492286147
591596765
442960904
190294675
353203897
956426371
933126909
234712701
801744044
343949986
643288187
457196075
397391497
368478594
333257054
280696512
672725035
761179588
414181181
105422138
457259079
933765873
670941972
915616397
835111383
489862535
435937051
297322670
665590978
774439600
861579552
505034775
795825070
753293437
68916887
389060397
949450646
224674313
154251456
915092039
282936682
413285442
199085707
170626372
804885136
491292259
694263972
391561878
600784680
739732747
445992701
194615074
688239592
984840352
144600950
221510066
909364947
386065614
403778560
953339291
414732155
748434481
736766710
158411532
337536248
74639256
780093471
920735717
372552868
643900391
672034508
834402734
118064330
622577965
269417577
328237956
916535142
739651353
570282085
651271956
281250921
276711492
607619171
880218316
526998455
346024832
390222946
55623550
123126939
322164731
669489521
707339169
988722198
26940468
780994223
36439700
237522927
844741406
675787065
112461243
331285293
938956873
349477703
458864787
65668228
499413106
351979619
689807441
385003763
746048025
8431131
438127376
859295543
149116753
446308542
643271583
325584401
567840392
855249787
471887013
259294171
169835267
261116212
709299899
98033230
758576698
271119237
507867416
412038842
101189048
433569730
501461310
756980206
121777153
629867744
522460142
579755130
674718757
726442188
797147901
326974436
269367782
140825831
708425071
169445191
713659960
479352987
113396275
986810360
791717701
952617329
91983805
900980678
232288746
417232497
396576131
466673587
241390939
401052746
902578640
972621848
214166741
511689657
352721347
916549869
260194777
717199772
908309867
830965283
429552550
311496302
168802410
896958311
56376167
79281480
725862886
41895631
145462141
783584594
728984218
520284246
919452057
747603508
724251720
337919208
824906334
683823308
481127181
724143535
36821259
853449556
618783522
532288230
199114094
974229232
475624005
110972309
117488432
727980901
506961186
897608638
289156212
467101478
577944034
612497301
821843423
343405863
864333252
853677903
602884206
834405868
720493782
228700490
192991895
708755984
212992194
213143450
701941740
753255186
217987620
804147308
226952274
57572135
981153704
74848060
1217149
685071032
736971798
364284128
464560050
802227828
849372880
920578065
90703355
128303621
495912725
637658056
473521076
856438776
130405218
471031085
590661808
911664685
14347499
226604780
40969950
971162153
895697940
982509635
567728942
648752896
38314442
463297883
943648546
314552283
754326527
583571798
236328997
372138207
334264148
11171314
184978614
71198036
490394033
814894376
350909160
837255714
467017907
398095986
180311311
208342128
141332552
943171578
285957683
352953365
930598542
221726483
359321321
92031521
153191696
165277547
655749254
940377
370526187
126708896
735802640
640083248
563018343
924018264
498734818
162451693
105577203
884072176
154270757
533084853
401763961
913420196
191626612
637953383
128045759
828186348
99133428
277485353
20335150
334222477
579024230
945519427
649257918
996477349
763225318
539507241
733108628
231893078
258034582
103255037
973728093
411354148
282992427
566757522
137614848
256920771
318756122
830894499
701255372
877494491
399946383
961083919
835533735
968717542
439993899
555135476
62101411
327179493
383428487
668949948
241313478
264618686
113626195
857543951
954084885
857502176
356072604
664932113
179830637
974773673
74010068
589668054
99942434
967004788
62351167
941538203
412263680
44547710
87955385
782148793
235333943
148631054
764557214
78710262
122025200
685866724
295426240
32378700
643353373
254723739
527465347
931255772
722194676
273306139
898539146
370691974
841517261
449410846
672927135
532751341
269315310
368134307
357336924
361036340
2748110
552708936
458326024
100896144
881359726
855910144
472929628
368434390
779702914
793023387
979553
75994902
980583975
540251609
665517421
47508288
443995844
564548326
420969244
196905264
822011177
617299750
90722491
493149902
955530357
862786197
799442402
731556483
507552853
736081680
94223550
414735440
145634916
209510628
443963927
451597697
231687328
220758222
704456535
719533253
936794362
155169086
278425751
766154799
533770511
494450833
777598230
546037907
188984965
917877444
730242292
113480099
825213532
947045455
454453782
886460841
515259820
503349444
39003193
996614038
399490060
764352782
445207487
881454886
926875173
14005569
201417852
484619805
279502532
757261072
742444679
42332439
306241281
352272954
338294851
802619008
65444553
747500457
380441177
192187257
822361479
699222033
906668130
498149599
252815009
423767534
254493546
49397904
850542909
186455437
192863900
425868503
146003535
51421082
794404210
145595229
703805688
468195280
619160366
369901937
450762697
40418984
436468894
206236577
694075045
432941756
774190961
420978493
629545523
36161867
162888724
207732667
876707129
420106372
803134984
273422117
14922670
537885367
942115845
673512081
357497920
664715283
107537409
47940726
442641935
368626887
776568928
453350870
70819502
469274910
391981092
260573752
663226929
830425653
819331242
752398255
965724416
545851743
201286522
406717330
222445537
421450471
844663032
192902043
585591261
689187526
553026414
444125752
62070024
369415446
337682507
306496721
868160494
262070919
65376804
692356824
517690409
248097983
275990116
797804529
3400707
999109408
448774485
71779345
271732929
462040752
189312723
534563891
564144493
200028926
122072109
422893954
295278789
899286677
894616210
485282693
681739740
491094579
21190988
668766655
133240582
599769925
363249194
154163713
255662350
986697591
419557390
59436409
801398938
395244165
167018510
6501263
983752023
361483619
901076285
527203664
977802423
266785538
979704635
442674481
704358530
239683225
164242311
498381171
875487720
877189931
658354534
68309406
545844439
912387639
530568860
421485224
687752028
463227141
547611925
315998601
661264474
266212345
897516842
595627831
651335532
640619369
221587759
41263088
214255387
866472158
179635572
121969075
1362679
390576377
159301228
532060541
24428961
570439138
361617261
318732935
107108975
633468691
261012594
981430700
502842279
56455583
78310455
83923230
404436406
404098135
320891146
416153654
251448442
401667734
977332824
387730382
744842812
808605546
24506273
16788805
558575643
865449824
969438607
763751103
206132417
672109690
392243634
254010864
637847668
258154081
461454297
824867764
325744070
250103813
287546052
495156027
588164303
848210305
813559693
913346633
749582810
604167571
851811595
958755848
703102434
676011259
269446797
794520668
661336501
664620062
590665313
560133345
612517998
426123825
655663952
67456741
382689877
981455874
391937009
322188088
452273674
826436531
209121061
646990210
32184425
961043551
690160521
724364861
724261854
279863049
815550679
812040421
577703071
432486082
305020318
742667880
366023240
983293512
783049830
649454729
468595373
843915878
128418257
244027745
640476978
100081912
893861666
811816302
50934852
273658678
980212105
408696261
332366806
540439842
914011568
348642255
829461824
712287565
95804946
190597231
551146930
727721165
433470709
618355299
30804624
894527530
945828840
949333862
628349417
98349666
966263603
454723995
848870397
190207259
840861007
130882400
470627875
510231463
475311487
713552914
549323399
710193915
887670730
319427896
119806521
67870294
582306713
256274427
663484161
569846657
413526891
61660281
653725208
728234300
580382869
700888098
332989569
362984448
185530452
119518335
913158331
817658549
281457705
841658656
583589179
449618968
472979203
989423402
376845464
280021258
330992692
109967465
169563200
708365681
167930911
404050320
431280920
652337524
150657011
878963198
732129320
556146962
745864689
622094336
986925716
174135128
133205338
433149195
611443864
133137355
538856351
227639348
702808086
3031031
93518057
152026941
485631742
277530219
181451243
981750491
503713729
763483688
940301350
105907482
545470305
551565728
380532775
671687991
600221917
926726733
771307273
982142556
164354499
21175207
613642316
540284460
927819420
316930225
728975448
290987541
833639515
162536267
456840636
681781133
816989243
915850884
705584889
143050526
258189083
715840243
866015033
759768966
941374778
158528844
740430862
611435664
13206006
179613698
452063591
763338434
28365950
606606354
787626507
288324496
481958630
391741369
904176010
481981234
654624967
41324453
819054851
276451244
11335771
220959326
363011673
268061698
565677490
952734843
206275352
900033988
283532666
669993966
361291709
207681028
538233487
325031438
802551517
617861095
363623485
942974353
444343502
274477151
730484774
700604638
341704893
850452613
831360236
7671158
930615744
423084655
655016620
959536302
156462090
263152790
353561783
644058512
910286722
746137991
326807390
402899915
827893801
748754370
140781756
999004240
519309029
566374268
431995763
801222297
195067097
672978184
872077675
51555006
378736104
395691791
262368134
217329931
543717054
724666018
17098907
732696887
946361197
954685008
828809821
455497839
150151376
637716422
909091371
36438390
131838015
60584191
307806741
875343538
74205914
771989425
883473577
748317075
797877896
908450713
161543623
520189776
812158599
37796604
13054281
416064308
156246765
996204749
238049564
550961705
894995122
436380549
15067836
920163860
586963640
209055010
567556596
756347966
273609903
59863510
281403684
52355241
362425886
447144646
661946489
766349900
240774186
242867567
216239414
654554021
955872411
54789572
783704899
987493313
446276705
110521812
157746314
60898368
902793598
830716670
40653843
930017999
821333496
403757747
189636020
28124391
610986581
887467346
516139896
285112285
234612739
434738528
381601371
103902121
932172336
755910293
794137319
607483286
210950301
463416826
219254660
456661059
660253512
193082570
325767951
869054093
570561575
929059115
662837214
361149174
433116422
153198911
957513963
364924456
68556915
491379194
263521734
13756732
705397564
371162288
648165854
63978102
914541573
374275552
180637279
777766507
74381537
971840155
629192156
275844729
634216232
474686557
529569651
363836519
512679203
789741956
814658247
67183095
785037844
452391070
669211310
386516525
756818223
674893681
863513581
913161034
788945338
295795274
341532945
699615718
673308687
909935711
483295884
422057901
670981675
584244393
424966575
160403353
306602168
385122030
143164275
419897432
916461571
282539724
176454677
887640359
712413170
539766009
817497787
73169201
45914301
707997956
457747667
258069307
243555245
154832828
203839818
644574983
365062956
827810264
695465301
237025891
686699867
203740016
379322575
790082648
503033750
615478075
720555206
711433669
480147874
255651842
512308526
960035981
25073670
171221817
757624512
696713834
248388394
882545835
507144557
877853851
959414720
607736353
211216076
257306445
639826206
3205968
894009353
183299321
404358616
835297133
604221810
141001976
312937303
268348273
302621910
592689167
22580719
583152293
548605624
279886083
148098560
913968552
395124497
150921861
506719969
860178940
754074611
734518423
18305116
357593136
672933692
466822268
753376279
740627594
407336942
261201834
722963060
581566716
800279747
119945693
83503649
365278190
101444784
872943280
748849628
781652586
9785765
577614631
697431650
143554422
376618665
581494201
817512108
577194520
330161102
519171504
158692903
467226036
5927668
396979369
205669930
695865806
95148410
970512021
428025700
774016202
239134474
371774103
650153539
677138481
510613224
991544838
350366447
649169484
820290251
787961037
179028126
585838324
306423206
426980843
112901098
807952285
24519961
850545107
828625011
109782359
64635257
815248413
926939370
615009716
778426456
719198798
794543385
157300175
615425908
666823834
238777008
61834431
455328038
609735957
206118074
954933291
787583002
352648224
567972322
996643194
506208911
976177222
355677020
374322135
140748280
394968645
178590159
324773840
467241906
400143288
529232006
843658447
832032030
439951863
393333316
813127966
928848880
672852115
812833841
733031571
156596274
84654636
811096362
419011668
941907399
96280892
106459990
708829352
7555307
505973584
836230941
685526762
506636956
633629926
537510627
433911647
729539240
181937929
172830596
62901730
827147536
2817097
19689897
154445874
284170516
580381352
751537291
620026370
894217168
684682881
916922426
500670517
820593382
222740429
332084099
504197448
253592578
14646421
406564479
741950814
304664219
284097145
852579816
431635679
164024166
521011752
516483526
460354225
941587311
226779499
714614904
660863687
665413156
749501542
640911590
825870202
239437291
843799461
552879434
684478180
535740636
625419302
703479507
545971787
323013955
552958561
545586710
778243176
486173242
450809562
21632422
270109502
885557917
871472039
565493491
849960078
38514009
781906656
870302117
410940069
640339543
700336357
831314107
847697486
716299390
702289945
281799497
353837192
545426523
227691339
193414375
690345322
458306622
415410648
298744381
69267232
192613963
35576187
179533020
228016368
231546592
949187796
720859220
797529952
224180362
83779085
334749060
371828984
28826536
912727675
739859845
864764783
744875294
765624015
685995796
949989811
551784759
776690406
258657879
287564906
610489782
150180366
148149302
24807515
555301240
912409816
486269427
610988198
357780280
113214904
483953664
131500588
182594458
422760335
619512035
614428874
339703082
366062789
916265531
217296254
751533984
299950685
381822368
436858893
83748421
152300299
387440673
928521686
260403338
831947878
664123629
538767750
400121393
687098340
495370894
930949029
111416675
263739837
660141278
33662582
719278025
376601672
400616014
744343644
305356400
238587359
620440077
834413823
203307576
338189680
659635383
118923032
463878964
365266563
678600487
732588159
493229810
706746640
141038629
784624985
471588487
23482349
702767957
399864691
318908938
629906147
556282085
461617439
449057446
6077155
924768399
448266803
879776929
765004460
958440533
480129243
342321294
344614909
260783875
99436829
287810719
862410085
645328102
635254920
871762604
434596689
515720872
905289376
265287298
298319628
308100228
508783161
601171425
800934882
980362449
807039390
455310386
612772136
677030240
248998389
625737015
445123134
896641253
656643539
25078588
601454368
69433176
887237766
684978414
719135607
840322735
801265390
379857852
110228434
867805959
404422702
762250173
330125001
24336708
352517849
356723178
964473208
183050249
123046271
4787283
550918353
373981933
805779868
427241709
404892187
758352104
790707686
241254527
718572869
388948146
151906024
524580503
97034623
486531321
865480795
19712136
953782901
369317929
758931099
259062094
960843634
133193652
812251536
627035316
612564447
700897174
213566899
357662934
254129064
983764980
159901558
481526512
392372242
334783166
292978249
73733896
24055471
525499481
99613197
637884459
286681669
374557448
86047513
449013426
210436700
175506558
311631709
500426627
952286728
683347550
435545903
86167812
547962137
164561999
882371776
617417984
210455077
317876318
895183809
958845568
608101377
771820461
17399715
192038369
768506525
16260519
929350318
9756433
812280888
749404267
266247133
195902427
326564043
993557307
127290866
405304804
494243689
655371036
750780373
366483968
369961474
750408266
95241929
348749069
588812545
738679899
234189133
117413394
804582048
6176511
500115130
210424891
499775959
931178858
632310421
365325155
385211170
89127168
139688075
714878691
249760794
489099135
145442402
349250947
458062743
594069951
73517579
893094068
530005220
711371480
631463035
659139500
538454733
329109243
507885236
664996404
451467488
35458467
346246463
233231149
420910825
760898213
924110109
740416500
18226261
313978215
208047973
13702873
10374195
758224237
398981841
419423577
667007542
160518398
264519028
549735059
451210576
229043644
759521053
725327511
419437239
532252700
970981217
761196287
523126427
198393411
208052725
526272447
290928019
844580364
938675115
928362207
713871261
813152814
975986081
525149979
709270489
254171606
556045063
169865320
877338394
476268046
669791641
953595035
53239314
931282863
131986645
88403141
850965522
304745519
357272789
849820809
173824573
764794412
793134737
716887658
93469918
557126971
983062262
294280484
521404600
688499243
129893072
697581895
733604074
994132453
27300432
775482543
923736617
662510039
483038778
565030280
807143264
30185043
504296983
389471245
27131067
152990596
804639690
959060197
984294569
953117761
836747374
165955112
463373541
318841412
294500988
744478258
826615061
963056520
251250868
506501242
229173249
729447055
473733766
370255127
804285823
290543589
768474512
302292146
483305076
772719308
546712938
860897302
165101850
166814341
716970816
714917690
281258880
425123188
624972422
412186366
916239005
118292439
620369106
521905586
347254156
352866200
466691862
638210003
497603948
433679697
789990315
899963288
810761505
602572523
522006467
599815518
296030115
909054802
337956779
660392358
139217165
190810558
881006093
323590740
462082293
407549021
103617301
438765889
580355894
662491872
318092394
232718783
821391324
104162122
984172249
701417440
428363420
180584661
520334269
189530250
942456914
11499781
791493027
828026360
242749861
212053471
837899851
482998280
972942733
836836672
114709605
67145600
980416485
917125735
841310471
184679858
997470260
439187688
782715601
522879292
210411399
670794704
775259406
68880159
944615247
559309207
191287278
776118066
726873812
841346961
765479894
699481144
485714325
943179989
300515116
634552468
291696787
485951641
558965801
76824332
198361918
900903262
589671175
173127067
34860466
529844958
548325299
218219277
175272422
923921041
983431840
392742703
948970195
334267128
284544204
557596460
944566053
724954503
446672827
350445900
912828659
882769034
81709649
468450400
536491867
765758463
371296215
5494774
129262719
218448945
378391413
884087968
282941676
112419961
711362395
994250586
50912771
948879150
879029889
262991128
381929887
115724943
916781170
274938848
164282563
545871171
466280028
993965135
831588514
940846954
108434016
475488988
27778040
737290115
47386786
461376405
831046855
808274865
952142389
324873160
924695496
253414816
752899205
103330242
754183353
426422933
729392233
194535032
29680616
264293810
655904936
99167530
684530501
527743876
853952291
74444151
126694856
366989430
697554676
305211791
588008984
888557488
670059399
226598755
90625110
712178391
962881474
235069413
34391411
324109285
6003076
473694573
390980152
519572668
257270069
920493278
258090627
270199276
295904169
192993050
107541098
961073901
158414414
514363398
792040432
290531176
108364485
803929758
70985008
414255199
918148147
977859663
225334613
290750527
502460724
842770093
349080275
969987315
878238399
575460064
755962528
439488725
883403097
876997097
331200432
703319479
31777375
35665411
109252605
3836034
521082256
681248449
724988619
15009912
708328092
562859334
997676934
100435578
307373930
392083113
995650611
480118710
741861884
289839115
856108233
961096052
420586572
889083401
42554594
965441137
621056076
567975285
746276133
493200167
765040289
233344527
164681
679993470
570500595
392305911
542447923
568353212
134713874
463414207
766410873
122117484
522746226
27755656
241273843
444547807
613864619
348211552
490845031
776170978
848187844
398879168
479865519
835322860
725535722
138383422
750064977
126269197
884270768
861987439
359928612
303338010
851096777
935572977
918229644
642431456
638037960
289269984
660183794
941146470
421491358
609768387
356136899
609999576
147057914
316253803
950520427
585449992
200645932
251871343
878756707
84431479
194320087
256827628
944094906
108723762
102952541
401939535
263570973
179648065
470267835
7749357
926562156
788020241
38687597
910728838
154642706
519175487
12147738
418964969
171746029
895466696
110881127
480704454
528482926
653301877
17653229
327221043
720766455
330424498
509309603
399727322
593762221
101805921
232060997
227860881
190615433
326873576
627874316
752215802
153015178
574882998
738375812
601090630
228282055
194869819
571592645
183418512
906063128
738185551
151617538
39040082
262454427
123629363
699668637
285817876
451609791
51781332
300292249
130239833
13206340
29715962
79259303
479254255
97715661
849075169
566712748
196185810
534777611
44094701
700392676
896890338
897361274
878824282
466417342
215393534
266723269
21804454
888688398
499514324
139614433
92829252
238076018
278004905
33993929
139548806
272401741
767216805
102675098
777543305
554402704
639339159
282015687
488794824
566582138
938824716
199985386
315426613
390667151
97108046
907638117
296735533
87315391
438891409
34914285
940847439
915642833
338463582
966460815
398430581
996908101
516253295
74503057
205520914
167237648
648010345
681698335
300362067
344896029
288426945
906410787
886403753
986169155
107519992
962847977
699157065
117340462
307230004
221586751
92984622
253192100
618871617
637050536
279831573
304707684
75202359
54824721
513811086
517518535
387472024
209087047
190905456
955732009
766582699
92533026
545623847
46000606
852357005
257353753
400031685
16459942
932422386
815685971
719803841
937616199
920691075
982079955
911809798
86821354
821469281
900498715
721719886
456303794
74818420
712662147
834348042
991335775
893712179
722171689
350062950
90121208
669100056
997494313
369818512
812577156
130713513
150298827
815708946
96549984
123513289
695021307
336789102
228120261
157191392
198927874
719269529
568410189
341037733
427518949
953802439
279083193
36131450
412741868
56969143
977368928
985475020
774830401
423463013
254393726
484427300
39344387
259968138
594351979
578553646
144629677
916988760
72871817
362443977
496318309
857658828
978692843
330245797
628822398
291565724
974511955
580604408
819550744
600821181
980549367
526499177
638696767
706671397
62306349
193934636
512997607
554228227
196758669
28995774
826499590
596536356
817405484
577413385
459778670
46693094
51160555
610514587
571071226
22363038
50617006
943273458
14251352
445240274
877582149
743898376
363328017
455101054
608679173
811194284
506241567
911280321
863802693
426049910
116659329
658273807
161911461
544343928
583191152
369209496
446748322
669373564
931804771
725858985
475943526
716436717
379608397
588007543
6994948
737996308
251935627
521083269
933050259
553744198
197734017
130092060
674590822
864519425
359562254
672324142
16699053
393794754
593712830
755347792
804472309
689185212
291788282
842104485
337436552
414488822
694827065
974868213
481470054
9980327
734115064
443116794
333575604
965428594
641714548
545075345
897905569
31425038
118353213
758602958
651715930
383292946
194426773
600958315
334206122
634472405
72097951
943468629
844199054
300132606
394923538
578355183
672679534
620867273
249518308
329013344
107132694
818545118
21513754
12616616
324983002
67145768
569809309
237768123
464957572
462825442
686285361
651630600
616580454
747183066
769072983
318067001
48262911
154712823
974230431
806448107
217958394
766453025
462565210
874620823
602006563
270115789
585946995
740978818
557876375
514588723
926419688
908821108
263167485
680113362
998201584
263530738
368426629
743450751
760326264
981100815
745917853
657851491
870793123
616150300
291621091
98602488
81625117
553646434
718461511
535590461
147341267
359941156
1133729
896983438
421575316
626166211
3109626
95051421
19734623
75998088
497222748
676744535
490593053
461832291
674504379
119580033
277518029
693849423
697130440
414468827
204979874
759460663
300318217
164480906
117761265
121169445
513034849
561643682
707693938
91925141
647731310
144120754
45325425
566347992
489044168
901368387
33837461
916457653
137732330
217538309
746590680
182006350
144087272
534154033
187351264
391607541
701423814
326095303
211478082
283126441
676116418
653667852
268050368
702613414
219243285
15915995
484036109
900216552
378521509
871430569
301268424
157860440
331478224
430725727
856963408
872236430
506235366
585865566
889639281
131032358
773029483
346015128
436517772
367412585
196350885
367668666
756428631
572898593
246342740
144104664
674074169
318121290
715230735
2772251
301722173
545279581
445883292
795321104
131026241
815412432
503185227
806517116
134219602
947559046
470738672
605585621
547650836
422861581
726269411
915048637
82049699
575575038
500657003
524834665
95386634
137534083
373839129
636377639
323786709
839402420
942794243
401967617
391073958
562494112
743751213
250236335
971648583
418230406
605166984
401500163
96665510
128239062
936307163
444478595
992669317
631313783
982073244
82235767
968189539
867375936
234285228
469126608
228538491
580480139
358938891
656535961
358219320
783966089
916051543
412045246
404103380
148379824
441549622
378736439
947134187
177445539
759286985
837665082
79060116
50564099
197575877
331994753
956720920
668962830
922214077
803123377
967330466
458917265
296658070
704719706
465256810
468527911
706278928
588340277
357735732
20825706
395609344
673504062
348413680
806931617
292131651
937715906
355008233
727318366
562783554
390476120
446928644
34014731
444989082
501777354
176641748
667013858
193474589
411947188
421992763
974109741
780236501
427414362
953774557
809274108
807748907
112902387
879301530
341211014
133337841
152753900
409639390
900426821
801179070
972649033
689571886
338746129
302043563
57948332
627963422
432384314
452682272
441567034
895964524
458504797
50231848
54529216
699572759
60710202
157950903
620557653
700000495
239205034
375264772
132266285
617986377
922012080
681875005
481274219
694592744
391630868
494404441
639058505
192252138
171431473
296462972
882004817
802746900
340625838
929596660
837536893
784928637
889979266
929442089
783519874
4313537
97900942
201656891
282778404
535280030
274256948
956041069
981620923
783251375
96538239
426419734
718529473
606318991
343647114
868281203
750519033
718874826
141134230
419942486
135666124
1090215
608234988
736128185
431421341
471391116
717220893
250240407
677679787
648108031
966087073
400343681
77477663
982148414
734721668
884988424
60640968
854855872
299242587
356157900
58201744
907828934
222580233
613215701
292209106
483091832
166162462
914324950
614709909
975263228
319601878
712788354
878552723
128940365
853520575
754374590
160706180
364144350
126180344
896845716
700300999
777035876
479569507
732942336
686019982
454368981
631476534
375830075
474697266
433967961
646421284
666793462
976465212
49035778
562628180
87373992
541975406
549127393
850656002
233522800
421998547
207136791
675765011
279279483
303166893
259827178
771213359
727741422
93007910
636596945
194270846
68633678
910342417
148593339
606318746
301204561
701919741
840966940
96222408
659502227
489468726
733120524
229748160
376761633
860687418
448956255
947560234
219275747
473554626
530505958
595433286
317048663
796966449
143284452
123266676
193916353
142702365
540748029
233916530
347187038
298345742
597584041
912221467
983444310
312171899
491039442
49193968
852043592
55423501
55419896
233335083
725780307
929569135
896091987
162553390
818954208
705173245
715998038
46335271
450866677
853144207
442774645
638694464
669998537
159205447
946912568
629261833
455276496
539671435
676018406
555052190
341361628
692230024
429798378
380660660
868469750
330479812
286500122
866203450
72416396
750834005
880401400
347391884
347990700
951799614
374006814
309344147
931239476
320466354
652076814
93642566
129703004
669658561
413898953
32038018
603485689
433262011
421578481
660552378
78181474
706607059
657915620
303350919
94359335
636006340
441816003
348015787
301176457
203007272
110105502
543538568
303495012
199332001
564589468
748925097
797603690
64114371
969445510
77775542
293017701
514198471
642018854
565629763
979295801
596791337
373257368
759075363
622468198
184205786
275673946
698484679
402731012
820952648
161097736
560229775
452409119
919548332
203880793
255620527
956329540
410780322
668841846
385733906
365916373
100475179
668558353
513839769
659692248
685308811
350524637
744459479
282220915
728367883
172265782
552920527
854873266
787042963
385792255
905035795
370208294
858295328
871717763
343993383
324841763
123334582
738294523
540448488
774514376
325238909
15710638
140007472
380254028
978562147
735278131
962403790
582885146
204184105
76307214
39872188
266521882
666326734
564736971
693815472
158443909
151214522
349791054
694495353
481187353
914379848
861964855
503687468
144710644
429745982
768062545
699205290
383971255
407492901
781387296
149109485
693471453
352058670
259417177
346233773
59879921
762032538
75974622
682474705
992215305
270073234
214402844
179258635
582435205
748362941
156478721
241989624
256758490
253364552
751683324
872729921
991140846
51228498
380255250
241443538
345974731
194064165
527400501
942213303
975009549
859949401
491558350
91114748
55162720
922621813
512228375
517315286
856363817
251033146
339085515
540543865
351237431
571284021
82155441
919629638
148641122
195065413
234461380
441914784
655672738
770191537
972019493
972964627
797790794
830887578
662266380
529824643
480330637
272212116
705801666
639706109
514738424
208847114
420967745
930055710
265306514
596065204
401749720
473908769
498163566
787321178
849022261
55053116
450425804
628725992
272245063
212825358
267721427
88964276
962038323
585208811
859745929
915488735
960700323
319938539
589164937
107838390
146380644
108431128
497699610
187710125
813583850
211298743
566129909
430776329
618117171
695328651
316794907
680043410
290425845
503368047
737888151
814694517
111495803
904204111
417024555
317905481
102482909
388327564
584478500
471093564
242056229
495583814
430733323
401096321
343427225
317606065
268787759
378761352
441903532
997652671
749354336
946320096
340713753
237055951
419074037
852586972
934224165
936821454
941707139
734381895
42757028
220327522
605838444
27771235
719074874
573819649
393519411
548184884
885281128
673143520
371575828
392808164
442935835
615572687
697706085
981903854
19142275
848756445
683937774
921434506
340742219
433422250
339143704
700740896
418054889
263365552
883347202
443946062
182550182
96726432
971332294
950082764
599317416
538420540
954100413
92296441
869740841
504458204
150195339
719560508
598541845
914169441
345688273
470125727
119434653
116317603
549418130
660001391
936194360
150132981
621155403
243706564
169963687
349744060
362707756
236154182
396340402
432934095
201121667
311019981
514200589
734758599
534306665
353807519
725775990
461437122
493402252
650867076
79064225
744381571
126646613
766314881
583839499
683354249
487643775
193696437
767135885
94288366
656076962
930059937
44411202
870509735
119780100
351457755
905058832
889417859
50876703
703893953
78708460
599140134
318973537
301743166
687444535
33713743
402220651
591841910
448543003
322504628
908495057
457958923
210410469
690807126
146371547
830478241
106414895
446942900
512799482
635509093
621043221
160562097
109797934
366042980
108531557
678800033
43428623
266547059
52318854
785432948
930602212
185276027
833724676
99084584
468610506
652316129
195123175
93660888
685866243
213313926
375078421
865558051
650849508
77171491
454127168
991718848
324988903
277072687
657256324
979571629
562121134
237900490
46128264
946473074
28483927
631735951
641630129
220999245
531903947
18452872
347379222
433670538
807134372
494241790
759394892
75318162
623403729
6742723
363438020
861529983
683185381
523584421
945014455
562352754
657935326
283265734
394564301
301083762
558387951
363822091
351871562
805204906
46261726
220187897
806558641
416120656
666461334
587966571
851843411
133252397
853676621
37784473
969377813
334414034
54466880
271457536
661990781
797328949
115930041
427721225
239373675
10584211
367691691
944845609
525374062
312277509
592797841
722594474
321494795
765942823
901126599
440468573
467219973
256598662
833847856
856930673
395225950
418143059
465691192
791483389
424333607
815176196
738040833
544023904
760459262
621240743
886923414
67961300
395728644
264272922
992918317
420384757
948090606
750254827
633423227
497163895
214362024
109316343
664471369
153918059
259868721
514165058
372822411
802554730
384295160
994520906
809928734
59777179
174814714
592814597
834171844
450263540
776494380
626547395
218258118
492157559
402667070
898633379
203174507
632643987
90438376
397399199
577809872
86247069
713641531
940464446
787567354
89652600
825236898
547576631
914131290
426624175
654484804
385698903
396215466
526798624
392519360
527635623
972438081
742416365
15810236
509099297
791739381
918188131
309644907
730050591
457196991
522847646
904910241
185591924
821009466
516856593
619401424
117588842
797748251
340776330
861280586
339483873
463180154
397616004
548402123
337241507
219128169
675871146
575410630
513053967
852402737
394301788
521431130
870546773
427761967
831588785
483691484
511631845
974463393
833970734
47247642
481799951
963276027
830328541
872131423
569624390
537585291
430865528
339573834
597444832
87230847
642859711
981686001
344552862
624365397
462653560
340237080
487174097
344740429
802697615
5649787
88915244
542174615
836367608
183857677
229587148
787725895
383194824
76211171
539981818
708708374
229041023
324172780
826755555
577325552
592069435
784899388
144800787
640970353
74452936
333431119
491195045
332989852
46923787
402999410
696377874
713393347
344262427
327035372
470017658
45111063
512570359
304714895
181475868
932317798
304137623
579341606
738694454
422412308
671589381
589526473
251954807
177203099
675810921
263693957
306684697
85535099
546358132
756926253
564609961
219236682
635975141
374281240
435625586
929104883
517227404
156532248
984901848
379107972
378398881
885355971
756103655
616438607
887770001
713429955
677717338
63831696
842062120
816352855
707629756
105991034
996758592
605225629
985911357
865901403
851747568
941109425
962546243
104278017
795214649
708447895
220450611
699508637
217552280
943019531
357815846
464182682
934309712
877969173
136666749
753559656
801575844
59474116
383059428
330598766
20528136
411641119
292124054
72689804
346641458
416849367
385810133
293262039
409673036
137461749
363559278
937877303
586053973
501479171
877404698
753175230
31574325
313343205
880726525
581084808
85283388
281034814
294764371
559786124
906941583
620710287
957397813
724223059
899432490
310402288
181687936
328975026
515987281
469898922
979693692
881372474
627794165
853660762
141101356
78197111
745457554
732284507
813799015
661538663
516018024
107014042
451613935
954639995
29038602
107320064
957833877
854733831
260341005
973173665
774329452
354922652
395561653
286892838
140778047
99734861
288837387
960394523
580426415
240152608
457119744
943983513
465612128
9940842
728166150
501928884
850399582
65071937
187070814
447007277
908505240
623300267
410464887
68325486
581789778
489502085
265610925
103704422
935255742
182696173
856779381
213098813
478259487
104939392
455705115
468690021
658668316
928235555
251433588
947073698
826119793
5226454
576357405
822383729
640068278
493111129
482157337
14817841
976838527
120085199
543087170
230541927
596511242
561208163
811690251
957268063
152677360
126021024
302100971
219415648
901108537
534663576
824541668
3693003
535992026
914403377
266850449
662649041
322550383
354627268
398302189
599717607
480451028
250883159
173935078
682800339
244072947
581336749
968524543
257210596
684502567
776540255
124539038
433035808
902880436
443867499
373328498
752604960
672313052
795263133
901453
826012747
547427159
372435570
495093883
597631825
306985411
636070256
806422440
557869802
809805503
574522498
661964617
871974272
188700153
326709678
377113408
445791753
730224061
694245490
746935818
929810794
749277359
262784416
690917007
853973208
946658692
479732884
340612314
800937921
929796788
29046240
720320026
747408761
16874251
552909638
590991227
499271286
112539816
787836847
160093577
877092016
598860002
401189377
588246816
238804039
300610375
927118610
791511532
487918185
681063222
822099607
85031803
866780835
323162251
535042841
866139953
910721120
529250873
223089637
777797472
947956983
496708763
858544983
610736585
732633330
169036056
425596178
260312699
923867769
13474155
152087816
177139964
766459396
875259427
837391563
922419273
703201792
528703734
787565690
649886575
160536383
476007571
369241181
296114006
674259482
186663711
806796105
651667649
101802429
221598944
48842964
808888540
490484332
896532675
224730516
985052772
490361554
694593977
887521256
515391535
615393273
891896226
960110525
333862840
650119383
167192104
277940438
389861861
646563538
98965475
131712217
573458126
759437513
995787575
716322694
473174159
760086064
1005231
604887754
929612430
580852364
219569222
655503588
526822711
883694433
815759864
840161344
61277575
239508631
883961881
443475531
17503291
793652873
805753163
666656146
416449477
173107461
749673415
717593516
309708864
545547644
952970362
551714872
946680835
721169593
298716530
483155449
351774217
861874686
358281085
400487388
750310276
15992898
933471940
944484440
123752120
647033947
973690530
216862618
264002639
592297715
82548890
823798164
962927748
493511931
410789648
180026855
273951321
420339953
192024640
866013515
822393698
827096158
986160172
155766111
674365725
833112437
813025852
146373536
25880188
302731529
383615338
766332140
945875880
145593672
46591325
191756119
182788094
758279042
960286924
320742800
225140689
321538184
874116835
998050239
84320623
834034263
868218482
632433801
989493963
273766897
840792481
138983125
319221613
294531898
162376888
328631129
159900003
769988149
469775498
896871579
363862251
809641624
75628165
63123150
348799528
1587880
214696984
595813414
918726855
619120043
184258221
194062276
974505870
109496678
489467521
387387983
131364793
510073516
345414027
384091194
817779174
880208213
182704005
40826389
10554066
402434424
461827634
607494633
6934974
833754340
660338282
54325859
719222269
142437100
756682277
394075797
32251218
787705481
995963230
969387982
907815766
200375371
969066542
595885819
747621969
38855194
174775679
482134980
14745130
927666105
771218619
954796335
88832589
170180209
954335214
404466822
858174455
32686233
663836108
92097106
412325991
919730316
4917225
316501949
15263730
137725478
81115890
9861497
376313374
1655161
15979282
94033082
618340019
109161710
95601141
29961892
516490814
355546317
678559889
703754694
70116085
188654577
331981275
88140011
675324018
321077016
173284228
515695962
262773760
4199712
4494959
11650100
734526725
776095936
199134899
86634297
49957005
448752889
196079767
553922077
387020199
128833647
735994960
499429396
818368168
360856988
777979991
998383354
433910589
554300631
287782183
322044706
27313680
682721470
609424523
129966405
850642773
934454294
284654326
136547865
821553437
490156340
641176269
52457503
199691933
984433584
73766503
832725664
101569668
321870070
39179581
494916570
651695421
949031564
728825851
214522547
889655183
279913989
957832189
688375543
497989467
44579359
310615831
436410523
767355077
453669945
178268614
97238225
23228695
398528312
123252934
182687777
402954386
57100332
882374553
648059070
105678662
763037680
887757495
387421710
408746196
193792469
725306044
164209840
874675277
782811288
345513501
58028259
621728155
479649094
800608348
244152514
525830625
37605500
633053747
45875560
346632387
663298474
338236089
871972714
106298412
945255236
382546943
668502963
770063026
86832583
402470724
385135349
754593697
868721411
908465485
630234308
789650900
988575045
798604935
405906175
878770189
941267511
175754483
781439777
877093202
348335734
680931518
361880665
846002453
208093310
501298293
564856137
979905339
371950043
864040164
675969040
763375696
321310098
33051061
430615306
134831454
73657134
448753013
256836756
250932491
815297968
709784177
169524965
75923698
341621413
821546893
313812722
652638670
207707653
848305824
59910985
716651348
789007654
52610104
860705412
424587734
724334140
917147639
464007348
271869246
186910743
953621341
70910943
22629751
94912616
40126484
911298509
219505520
369198982
365563994
285372129
125195134
484623143
853519194
273571494
769089098
901313388
761094262
697400763
356452154
577273409
578555617
128295825
829602862
323443533
774628431
927765714
234729988
831190680
286640328
274798723
435450246
563467778
688274817
709865890
139845164
699153961
123460468
675068106
741870786
230355609
26411446
116429014
335168113
742080945
3439691
811155848
257828325
875492417
130439426
750246532
880919822
955304789
416259912
16643446
862005976
499736907
575748976
113250364
179991401
778597293
188692585
207538008
361699627
785089810
492086443
807117855
535232473
808248336
806646761
629669079
743239731
273802235
344602761
194430775
285641491
641312342
389518975
532128317
395653075
789730041
315055342
68209451
489463525
795827735
779149130
854004278
685459165
75016035
219280880
118771582
468553898
294562445
747422709
22201588
409376538
818056672
785441910
769913625
785460437
132467976
761945019
750040029
576490761
395332601
350272203
99255623
193632162
118436132
927092428
238671372
419007196
733735736
5198016
92331437
855830645
868892365
304563732
131430184
434895722
261791765
267304211
51025720
181493471
868301058
930606649
429323062
19104555
106664231
915096016
912907608
514342683
978015466
947454370
889207204
943742841
417294424
65408382
569129557
711999808
454930509
478406875
204687236
939660584
704907216
623090963
426637155
300858334
746696417
9358106
379934652
183128312
449353555
627547305
43810302
108305095
688284171
73914984
431908547
401368881
695316393
526227183
591798011
232957388
618380693
790199196
848022800
77776294
13036497
829724880
136967418
635761374
524522465
943370357
120165466
604658042
532717565
506584313
949251568
498304618
838837365
400140640
437244514
278265565
173797168
345567607
857458866
687976430
101037312
534452114
25044117
685174100
567540621
257204161
996055317
465184901
466969842
33441713
770887262
144100504
686125903
9331166
264160807
659000689
924739191
314630481
751007577
42589248
512126521
13866993
420512753
960907576
136137113
227315342
38167009
865892459
180963493
999716434
809789494
489880710
765422212
860361204
984690993
523074800
994073034
411714145
624101255
352976447
255080567
260858982
123663121
122301109
247463647
793236539
45441750
814172221
670225772
597341104
602391540
191755858
28345584
937350261
787471241
791888796
84220475
705765314
579903212
148203256
211490754
317653789
863888734
256435955
715333947
807853282
858508694
783643988
212513569
289136413
315119598
975273537
421214604
319374284
610357688
655439161
421250921
201191483
357086391
178203854
172835585
500299189
540878778
145307540
679049959
475086218
345122945
470182999
867370771
854625797
43293686
100015254
312596699
788448343
535786462
116083987
320149295
63932314
989049635
216620014
171963884
400481102
706039605
358687345
39758011
37167501
537377061
189551148
400839978
949165805
990039615
76949668
602714659
581704586
159059797
64237354
419652461
68229394
626188351
261753433
341321449
805109189
219455755
289879722
646856053
348066443
531128590
156671075
573416980
162741950
490618077
324764400
553773730
107694333
185063148
87182272
911123336
577532304
39591885
721462651
565143787
420827105
212838879
680397738
683868160
165386831
991798924
755507076
123537468
13196679
493371254
377620870
174508571
283332798
548062584
277854694
812417189
710017419
366770706
264724419
90572062
341132671
309730767
250375304
953749271
162069275
122655067
506137102
485775112
668085863
817842324
892164435
333657354
767869897
647037599
23050592
125122122
187846058
475469244
271879746
902097676
50285546
443406518
421993463
80484453
176296688
919499250
303773837
108420510
922231848
947334471
809276185
359908562
616230593
814732562
859146063
654056102
463304130
9594191
621889536
769848142
328328574
433978002
352517264
805035292
719820450
562215101
930914773
461362279
764079109
150233151
844225438
246016557
464183064
22242683
734819642
756027314
820878064
592328645
57367027
647840962
112427011
560955368
403307908
335334748
374445486
86481491
105718276
128351432
634727661
913505210
679499894
516635280
430183950
232435301
478242552
491908709
353035721
102252274
603859295
700727837
435348215
527001243
44234970
183631496
364104201
428711746
803103508
252378290
320965751
63970168
615824167
336825177
984868856
809567965
633246883
346254539
411773526
711107217
293206356
776421061
178909974
400677648
878223325
307420144
315114948
82608765
376368598
531201825
757453508
418667891
307754228
161647162
721042916
285509709
522892314
482332552
387748053
81624357
607660884
37335279
104368462
624224134
334120196
1949772
206478862
586909713
258432557
146512139
978994667
1270323
277043
443275758
172640908
937164338
617040168
42135353
580656957
821388783
98331365
570861452
685838514
113577889
380858769
470432238
131597752
905976674
366570084
576701157
935312210
177315675
30231555
675421443
404951084
567041689
293326666
78794359
580672153
879743877
493281458
736680310
766541992
881196811
631438087
402631605
311645834
824113013
901196677
140399671
766508326
317553702
83539551
546834528
750350777
566865060
501930205
153702326
997125942
544707289
135575555
976831472
57972878
860639345
785515167
968262704
571151157
573517702
269672004
577977779
300170697
538037598
958361809
869194353
733467033
974192152
422401426
829882442
684299298
424101927
12216577
681775556
399216176
854642784
474060867
772940431
657071587
613537725
184961069
313506129
622940202
891291598
132201448
551552684
894590512
408810813
514669064
874290156
764798795
306221092
261136739
451258827
803052037
482498665
63692380
350131576
33091
999326712
920946101
20882773
465940127
958551241
614819762
768028359
240244930
633370311
761329947
984859222
186339864
880688662
29092569
298029115
933662520
408602691
674122923
190220277
21062185
914503817
588281867
967358511
578113076
27038711
221662783
921513973
817736757
681224576
816762407
87704351
169260960
347750454
840820413
795494440
968905252
230814019
560227510
552940487
547345765
2134374
948470452
817247292
970637152
709014224
24201291
183333900
108236168
595405256
137358430
473181659
743972522
400267922
983639254
15357287
391882323
357410635
486163158
286860079
836476784
413124294
201627278
597182402
815014721
810256963
643287189
923743687
964045440
470163130
753547283
664235324
138552813
79183841
676042594
229834452
594676841
779634242
234151706
153755004
440719113
9670099
519527688
181203261
422441072
390730039
755464208
539963188
830786858
48538210
919451418
10646650
248387567
198443376
507437268
371858162
268143121
887039010
552699580
649120700
979150902
926271499
943565326
436534229
510497914
347520202
887158279
800918829
862089837
916309873
42266567
167711558
578743220
42833620
266128898
915129331
600551187
506954732
729110478
367746286
628547287
229968432
687025517
848502415
471845158
992759951
785816890
129816231
311939538
519907314
764795364
152002710
666590955
159627307
783513248
844479800
192719378
92540642
123308567
221986573
397855232
136293109
401691919
817593255
536671837
989236268
428386037
656567444
80354032
526543231
777921037
752351987
585588717
806099452
238092263
776653942
451008294
103997230
248819395
115924540
38160706
111281970
794054504
584152877
917667306
691447644
468496459
837278374
607823904
475979505
120504622
259425001
255625611
470288586
854874391
548693168
99512389
709487031
485322924
359590727
828304366
710983033
750820946
395337363
61389670
626932874
974765678
68616963
97598547
925547232
25476576
712545289
71401796
842142635
456000357
914703808
520566274
639867836
718428668
990368622
52544396
430192281
672217671
549215911
82587317
69188064
742428831
80620133
734940037
939887384
726700444
137720836
896351965
934721105
114520463
826505945
986676529
225670490
917302072
693696709
856396608
28046137
29934989
778340578
421363575
801011767
177742767
950692247
573882523
899673377
461132660
877230092
899444683
423165588
639788521
922138625
869840455
157777474
190484053
843818361
970156849
904988928
513112619
229784286
480289989
289285242
539565105
438708252
259321442
574294844
589982038
872267268
36127458
183262156
404842935
600074571
776201671
159753275
920614541
418345156
296935450
193209406
294766001
181924064
277452140
348146425
280866336
760892892
997054717
145674551
881528474
552440818
436305956
769620456
115564746
411985370
25370312
165781766
8037561
149179674
991839335
489384208
234331157
142941743
297124577
133398599
637878463
111666267
810531508
748984060
803877368
126217523
323540057
457486804
608492223
356080160
343439778
901408818
57578478
25679907
365409808
700788737
327837082
824941168
734582968
500740542
371670694
917638561
920710394
329650188
703912704
512624671
280085182
950574314
607860438
955117659
470112611
452856521
475769655
113453954
506734147
925392741
819984134
558129372
337108909
466830718
902303400
455568596
82511717
384741527
992022702
459412629
774484613
994455635
526795553
352439624
927981584
291508024
561593924
896268518
926929320
58142719
69952651
723645869
815144087
49280824
773257410
339142737
71828151
226164915
915935282
928366817
983921603
414613502
485789831
197525616
350458807
721876536
280942294
728061016
49315414
257977552
234903100
659420722
8622101
852728990
741295229
398207293
549556551
49883644
783693269
728540545
760562869
989085840
882585680
683704327
15970044
837430918
509883229
148459614
990508757
453554011
286410054
658455436
339751502
961409606
595079925
221998582
133538581
634648003
916328055
421746170
813695129
448449846
89692127
720231289
670007845
605413925
265952204
308026414
942256688
417289845
259176490
605565038
198775678
97589332
326996822
49672575
548999976
493320972
803341750
956667883
19257675
723779159
873995373
519042684
949122543
43936490
736036023
979560453
373934483
905902264
315936840
382679976
277974523
553571707
557541295
752153699
850766355
781169579
939588432
530183503
912555824
842492262
259963013
848934252
838990744
705578331
864632612
434540111
774406898
206259450
358562137
49922277
481868145
214283435
270743710
596692526
624681685
399489519
577813845
235834323
624655209
369116765
757270943
199909499
168734065
587411333
375858972
519857165
486548407
730549243
64266555
710657867
245500251
835110499
206866476
770126689
881129299
864364615
239317484
133042564
827691959
937465482
734735912
277870787
508486864
935760589
357192963
745790495
712376784
19770168
328795752
623273234
879809024
889246265
151280312
359722892
137409998
59739603
608893439
744271941
917732406
302907461
576228219
381784573
565262255
34844891
633820352
742603653
200403135
23087431
625761620
106135146
826403719
784202942
212580010
51159163
426135724
824142100
842684204
950411276
551134225
860706093
649466177
570110264
835551607
201151833
831012112
478818080
902122632
920217751
746426991
40337340
312437486
856231932
356798780
660890165
809141766
820070886
525594395
581722453
521424371
351168488
493074217
61253839
173096726
670801673
860751213
261343218
932789786
473960783
252799180
649611711
320019770
105631190
368816981
698770723
931261986
854933386
60400228
915193625
66820641
913765319
414111848
394568951
610285296
685658816
339034338
515377595
64846224
252630021
853759313
791595813
191375740
688207446
757474488
114316551
383665350
741199730
186425565
388836725
630953704
160912076
539103844
882163176
180126820
754901232
876714082
824248020
154301037
344671235
998580841
756253804
479792989
658944655
647378697
770573320
258575919
143296450
389462338
686451876
754179676
787558245
992686872
180307630
667283188
428414915
314023184
128137131
271001080
127796673
860170019
542576580
764169294
782591804
61931117
354143333
259657473
156084637
844505959
149373024
864503794
754136597
991095136
328565546
942369832
680404997
795154386
264142873
957984961
620312364
862511640
305057284
539748408
319462397
790015757
355615756
165201972
475162682
996403376
885625874
358606212
431588946
823614350
268800254
598227789
715604081
762102429
251886752
887635240
557215219
949623614
327932797
709832912
268093568
981987920
896102541
309281615
229114143
240650345
883985037
269677148
187265789
582935471
940038780
627951327
726343552
890375642
376982214
174994251
300631139
407370847
32102308
971523527
837248887
32066749
134070027
268120796
36850587
65426817
714987349
722492391
33084178
517453843
415779498
404295468
99012717
791046135
501332334
561301467
6322618
38521148
596373768
512916005
907976440
110380512
522107543
786580566
860540118
146944266
445109343
293587507
167370227
104979551
170212048
889935447
574161402
133924804
769353005
639195324
943068061
174626904
87270999
312881515
421053269
176964999
159490640
68077626
602271853
949475512
92172976
878099293
71388477
934371801
888743459
50156735
705398539
463657026
766156506
191622509
843707809
618072663
253896415
302181724
593809128
280667841
756115651
223861670
994688525
987297979
162732794
420663875
271739588
148600853
476939528
972341365
316320987
318507938
551376775
991045655
460570857
235743482
49465717
747698635
224198670
670134542
105104610
570996080
146122901
223634306
975021448
122386121
463625009
34275631
306724827
870445479
981227887
834588947
92819956
259688530
791045638
588261964
90281270
201973908
505911955
894726319
371936384
345214735
413146415
449368186
408454306
272954195
827089028
381741936
572536052
910268445
876630957
336261046
940663543
433150171
319763580
239766854
540080193
771037918
63310484
587031224
1855582
509287352
526146988
238672685
10134899
731419432
917422106
274769916
349105524
834231798
479179258
229926872
932628338
663423146
546690925
98898341
922798445
960198234
924620073
811772967
846956270
195886310
776066499
344414320
582953121
47538311
954790124
506545154
3166529
458690684
38962670
216381806
307521474
187458896
990353685
583999368
622702285
303262714
234666869
935006736
667710821
682352776
352995252
448946334
989731578
791875909
93906752
833430599
97461317
690224523
160772866
459155012
650965102
643093089
493839774
480038870
294948750
2577205
400402891
183636247
45518488
168618276
554766108
275297778
119469776
90944254
880302283
314799178
341734356
541260071
616932979
575693372
344006651
716623909
96115447
685037226
185080816
38364932
577356704
838033707
292621770
183367154
156270551
269906046
26023305
479710835
448824771
544174004
624721720
560159706
524778517
578546572
872616131
743697215
602357159
328477975
530192166
672450635
623002733
552146261
131152694
810594562
168102239
332827985
308033859
760199304
46737726
440969059
817191218
668703936
702161241
968691530
550608502
343448328
560077697
287263590
942898041
877455940
787303209
442386885
859492875
176050261
217905616
807052381
165863776
46370539
798597019
328815888
463239167
650783400
436489428
445849265
726249368
569691320
378785002
615509058
419331049
649637286
143101083
249790392
576616819
214281792
29243967
467805245
82385141
901978090
289700110
611105668
447026736
633135046
553836770
240854405
636465309
157085719
253467361
379309785
39166854
183594399
330362700
134745395
887468264
23070503
634772119
27963704
714611403
788485952
135822232
554246967
722591921
201392506
324855759
431378633
27570974
909369665
818445348
440401523
463059476
241531762
429730156
533277662
596295087
116639966
963456784
799558470
415525147
481192801
155167097
971631725
8809657
81973640
959242638
41339004
676448278
921534455
272311613
960783717
414142290
67310811
104375235
127043146
920246114
916163776
892272732
739237899
485887899
403633456
568022949
638157336
450601867
653609515
886415136
26831547
906022952
159517762
101903150
529197424
790000636
31010866
63265650
564814966
659719630
896780713
215171030
49261800
615784896
810240648
550556196
206282105
507106568
598974057
535188045
929722366
462663147
982200638
525053429
795028111
528599687
605303202
517125529
37645224
941820581
894551499
300166798
370153398
37898985
123170105
174991942
456817262
825617689
385501229
163336531
663248541
399113079
739003845
866622253
948538226
59833796
419701419
941908522
345389573
783954524
333769848
144335705
707874158
186186659
352902153
121030409
34081718
484654526
398340260
664332885
458453138
587937368
60385412
234630919
548609500
913184776
381561086
623574480
918431774
284569010
690080017
940046573
544135709
454089632
554547679
773605568
836349392
123098498
381646365
429905488
593208896
648756026
779883775
358057067
721322838
431294924
754778205
49828060
347758532
372754667
775467680
463511724
454140947
681588609
461434184
218710709
375880818
83860109
984005896
640367223
703388991
125240113
434263290
365925654
28819361
759023190
381551302
974847532
814008106
760973104
233052171
144836050
394614336
402152965
519255319
344867236
469902289
500737735
677455160
305177679
895668802
249923093
224007209
607504533
534710643
440619129
72682332
77787932
356932948
15907043
828947145
132546677
212038566
933201030
146585462
528398300
737561876
82670285
929515274
218314415
974486336
873547012
138054484
991164424
476280279
543650257
887778844
370833768
938173131
261419459
552168689
76367556
226616072
817108152
20131731
295724501
578071663
226865102
560747821
962233704
896943713
234913653
299238545
823859139
93130212
205151858
356768325
680633187
76650982
140650969
569608940
537195273
832379510
243744550
445097853
453679419
691575591
271703495
560140252
859194109
316091189
630492493
161172494
895903312
708711429
689014984
149203452
3428609
964917961
171039091
706743424
439095703
947137900
448136053
145608672
369579769
185249030
825586825
506871516
564269806
498285945
331138874
296357888
60975873
398575537
161638492
846869602
777586190
896926239
776672307
834368340
791755721
216671241
209371863
346049409
630361047
926636528
152525908
834877317
238113209
824288360
188821695
197494434
958179396
232813554
629985834
624286099
209327397
799130347
378244825
960037052
856369192
934563301
9015727
450488960
122143200
237419736
938560070
416037800
696823483
13393282
201328681
349513530
478652548
212131597
18672053
873309461
775728940
213343348
768313605
602493906
566939940
670785089
324291920
832619559
234499381
880529603
172048659
541685215
152656899
645130841
365072239
676337235
192970136
43398838
773778375
284516490
988072566
642517774
481057231
107179512
92743414
161639901
413301525
541182325
977489092
341418815
381064958
931151840
908681070
379098984
386511162
812837584
557203631
991225350
729204359
499820946
612323522
336749074
350680544
92409340
743073343
521405652
923084161
414900976
357887088
656477547
232945536
777411783
406205686
896591853
726269414
976139519
538807985
63697443
422225910
820088301
992610779
389102615
398063887
280241026
912944823
173759616
753431578
467376564
882493458
697335954
140616381
271070112
770548174
853326760
569302493
88460438
792365948
66165065
900272505
824933429
121742473
472055464
169760385
951797566
718046631
507399956
45354278
276547872
889843081
911373326
515677537
63949445
616720326
724230776
395311105
810585072
172873467
348048638
449405727
728056860
658810478
846150132
988776058
972938865
322044869
442063740
144237728
718506990
469205204
768323913
798460334
76103251
919113665
120800793
343411772
365693595
809750584
504406498
449089632
412167907
969338110
67187521
344540231
261989546
87093408
509798266
477645489
24093477
6736142
709968368
6249622
704346822
491515646
747379611
418108423
835002183
94554352
650959185
196605649
929909458
123337818
798041921
383711154
700718895
199667807
378652981
219166389
227019861
918091462
130890916
304011409
69776685
269594973
84693052
727610228
467707783
48155413
620788969
854185642
522481279
335098713
139954244
531939558
263343639
354806416
153089991
105694001
835079209
375401247
426488839
516442717
454547292
912859989
589112161
62522325
809395707
690137066
90512281
206160407
258593146
77806058
495250345
584139523
775863359
53747854
585078492
838097592
447583271
220103976
723679327
873340314
683208718
680774680
103927465
920355410
254388300
537530833
352011784
465875807
172421696
40475495
456517738
426639833
177331778
320384018
46983682
77062625
127065582
833046565
124494438
392186375
826594427
398194970
56185620
960818377
392999530
314065018
323160804
431808540
638499390
200613478
798830426
130756304
18322994
178748829
294746648
448450784
945921138
886605624
308408945
455225255
492750561
826452031
784186915
928969482
535283991
627947424
71485234
605497058
171378032
716907887
660013311
892379825
234277958
72444741
932461151
934238279
450996095
638666035
437238799
167843681
170150856
414460677
44777209
656693059
822892946
727589160
288315172
538664857
494708811
600466118
520635769
620553656
587437424
736092394
532934956
65230068
47269699
257965118
73779391
537369777
758891555
17288468
146690285
21576587
149157549
502316204
425356967
149269053
57993751
183787778
565892816
210031288
587165489
26124174
607543147
166573688
22199876
879617671
779622159
572776150
506684056
44674969
935367070
364298807
950322920
845417167
391322379
523693746
510386069
464822146
254474245
781303062
787373484
604532811
997396012
762300681
206550289
7844601
250144935
711053774
111866985
789345013
614115656
339799789
433489288
893613197
743533857
801479685
543852056
343174553
21714600
521020714
773634953
751843083
925004770
103431462
882760506
985327781
310548197
581750847
944416719
966138424
871734167
45486551
31852342
332467704
617037162
869050583
938652701
744653756
440649643
547417880
478325293
933000861
593340504
124723545
283439693
232675286
530204660
415967987
998618999
627725375
163775425
741530131
27878038
85777327
902737634
539496653
169736046
281316648
321056049
246407318
87840444
984762165
450417304
992560469
890554810
881425999
887772430
722627293
529545483
284593875
428812020
594949010
50404580
264678870
184880606
718232517
787414501
703918738
300647833
290157541
735208169
519071849
514881194
393217638
770320463
854158132
452312033
895803820
507835490
429678287
856799806
538020374
558518326
349764767
677386975
541516829
858034201
827954929
995108035
448384809
791296744
284212356
124464662
880403029
37463354
574597681
727638455
433117136
674536961
408802038
442304865
413343207
248954054
959310010
844814122
493368966
680262122
253690287
117402945
929315304
79778948
389583627
839312005
45516080
322649038
755117869
932218292
953156884
741289158
672363777
222045204
996551282
766602581
208446292
114648312
449082604
807538914
226649166
168337213
970402095
909259670
129120482
582258770
666264047
927663373
908832721
330030397
187473756
641522511
77369861
578411817
670177938
526199030
981311836
660426649
48902957
652313118
432427282
155456133
675802985
644543056
290089459
991407744
435242345
911812895
3296431
706572713
611696631
794234698
840351876
814378913
974204098
846373838
262879299
763880213
307408486
225453173
977896077
34313189
424255978
985886313
548740032
846796659
857641152
8975574
993496362
745838831
194242414
460683046
575063441
499526212
43512698
724038856
619507710
65851771
782390489
239151295
930414656
163747557
633204908
795265827
894760697
938301755
698176064
161168498
787460085
696862678
256416525
767854612
726192328
693518914
460807912
653427069
419166185
510844106
453595468
597282554
48819052
616562777
496409500
485560609
361296021
656962145
393935874
528353684
1952112
931284511
31296096
126489959
161494279
891546465
164201459
694822554
922522797
189998657
261194438
558011483
190387621
551308182
290072343
175701941
792074818
887298750
975190983
145188624
879923829
124284467
484352870
96071826
581290708
350905964
995867805
758332211
194352074
83055570
959910546
167462262
53597601
23927449
608854287
371976408
133366335
309848020
579358527
895861036
412506152
7341193
23039254
810952018
414752353
286046102
280034156
617116175
957279933
100165084
566915007
835872974
654818964
552746118
623159490
953080428
970310662
557882455
737704962
685920740
849534828
877654918
411349609
911204313
347473881
13052777
300423602
754965005
704819461
369929928
21566561
56430986
211681237
441559
425812876
297087263
301176550
995387422
572899144
225983386
893591617
183977168
999052930
216834261
203040130
376334754
77648332
722921256
900056167
129951154
852888750
105020725
147620906
592192219
839112776
902158638
754175911
539245897
187092462
85537421
234924419
570164758
505978811
706038771
819619436
537942529
521532645
212379347
44436128
675917143
767061051
206606914
70516238
676708808
421496733
212969775
235356815
812509754
873633093
421421822
953962656
608299033
343920804
672981693
245033838
863090091
891030979
546736364
908096846
533956320
786779907
254686372
353062238
150441804
115612314
493625977
891057073
71163111
112720074
920498007
861871488
554601416
922243585
519647960
816013092
670796287
387530658
306412681
755749451
237964702
179679716
49379666
652092423
405309522
571051831
23177252
219648142
688970274
866673297
790484606
552793267
593818687
438833507
90002711
64753731
19818125
552272382
734958317
190205767
895602937
464968970
26034494
749179778
758225777
930947342
572057639
670597565
693884059
911633725
351081552
278437366
263867925
563395222
435250187
976189102
934994762
52351086
3975859
79508167
372540532
56062615
379665811
624206118
622675965
859850256
304273667
139127211
702548624
434190668
434611099
590523431
659160240
442428313
792318416
522076687
65983475
594237966
709635790
10501220
424808506
365848511
451761072
103908196
621684503
247025064
469041076
287293495
268351493
189003912
700364669
565315809
341613834
958878324
500954481
872797692
178395461
104244868
674093803
689556297
638988034
229058488
648834232
384108217
128290972
732021306
145657441
410866656
763437613
21149645
551879432
249862383
980657473
597248408
612746604
195306189
759377189
898243141
129072466
772514392
365378812
973556759
175261753
639092117
505715409
79361318
960049949
702612121
824579462
249132995
393422357
832821250
633962468
30704509
849080501
843447524
733492834
370798137
899320780
631922939
864839612
67963190
267857941
90183683
742745833
437514646
465463881
795552839
459766128
309778776
701907171
933931860
265386831
185396436
357846299
27609026
893029606
297429289
397343484
922474692
85511365
161517730
570886744
749237968
23474574
299197858
533262346
650564803
371827268
808481392
25241182
355960352
824036653
940752354
994479655
169854103
763427885
931298521
460472647
363399919
786678890
300650120
454478810
399761140
87886839
725292616
180520463
84753501
75981146
281472886
724683896
884222776
926928640
768001105
2291373
839477877
856515958
788986818
815273242
625125113
169087125
283357808
652456898
76372502
245590806
611839822
134737562
318261256
841367863
43411536
18664384
121575921
173943488
308197997
480771097
620178522
218696821
709743150
251007515
667192598
918625377
52852791
525116961
358792492
337718009
730146130
197739424
148638402
328783051
409206376
409495427
134934814
665330653
77753896
121678467
485228493
812370093
403244852
403176534
642883849
80264916
25559423
5172210
186220875
670708854
91254616
475079889
365322407
476736571
620992670
878870305
843921857
375480468
992833623
904822754
319366046
207241206
290158672
117778782
2102472
812125362
326579779
879230061
662373485
668422044
258320760
938058331
542439713
844303449
661743662
520691807
410153007
189665139
487925351
884771752
152298831
542088788
225726403
224060453
342835532
281486107
830542021
258808748
260731027
916896962
361408651
109087124
978680439
667044678
319500457
195417502
393246111
841833050
526555632
856507517
630065347
495450398
461327986
83458868
411421265
345724647
254723945
568024544
999251075
30173930
931357329
250772862
471424463
76460432
263500473
955959906
871080460
4304688
688598970
469673294
476501509
262695530
940292223
83926471
180756502
175559511
464192960
381201235
614643204
961109690
635206357
833876610
266933209
305309883
388788023
983637785
205786472
371197055
848692464
676357172
842186099
904930379
588726989
63838651
590395665
674908881
476870832
731530548
173757936
638230678
725115346
842286311
807163265
240875601
39641973
382823361
654439666
781979055
386812202
216035529
880172494
261931548
728305499
315240698
304355989
694750724
59248882
478973350
307568722
708012909
958249679
270365545
120340955
892818905
607167883
448339488
679420850
160867110
179118477
133901946
859740598
794216965
928444568
18120282
288289727
590678893
12440505
239099059
142744826
118231220
4068680
562648861
952470775
243032966
182085924
13509175
381801972
128313523
414361902
745525852
532867449
942847624
934284787
680079041
791689380
176758107
925797149
575636859
839625735
514025406
620850191
562591679
411524684
596923923
927731669
224843157
638807573
429428153
611618289
749872490
739363684
838070546
922183943
125746393
529285748
631768731
504687625
374232939
