2628
188653324
677671521
951367158
597314067
712996069
636070581
347071526
933447358
683427544
432280564
862876938
401718279
730065143
484066856
866922478
343412392
60140609
98571970
702860742
327363027
233084322
426622613
371059905
826319193
900319388
324035527
796756791
893347000
235190762
886040076
506297824
933911526
769856788
150264893
709265349
924731670
139900396
264128485
123225389
176523185
227209370
61062510
103038834
908386004
351220949
95676142
855691087
265417627
692620455
337346553
735147594
500583249
869943052
935949122
823670368
890855151
750154921
738758983
165952328
968600225
737608490
959679788
505536072
138037260
391127257
42353448
892047603
222908186
325502438
258868249
560278496
887139247
461382338
328296612
861822578
375021442
385150512
442254180
884325168
641179758
335933238
141782295
940950320
38216052
294334731
944539939
960730549
361378304
937032676
767712961
563970386
966899889
458412947
375625642
430753697
546883240
460781545
649993758
820583514
393546348
96401891
419071043
252775643
849563337
691637489
210189152
660210908
124923398
78024012
781931131
269881068
702648042
441869583
604355414
140456744
208093024
77992733
421975671
730050243
611251050
985532849
687666325
831738914
259592743
979392271
984450512
699587087
28635828
996052100
667164
475217650
541322616
988066325
490318552
919287189
987218118
719971785
918107266
497456395
944620456
817229586
82404049
346921862
151817543
760409773
950755347
462103732
17250726
482951595
135060707
784927857
489400449
471588782
486176054
688384587
494016640
558075972
962048162
905006203
385854471
241080804
338555749
733169582
834740558
567827704
40993977
363007329
357461454
125733866
379591776
562806373
391544263
675196660
196951518
373045660
223520528
745117136
6421834
225253426
432402460
291871366
294411190
915685452
641202480
695762431
793563177
525776197
703017352
63336408
400727853
849813463
935351963
864846434
536401056
712385846
869057618
960358469
593347569
483794327
472350720
570183366
257834491
971193005
995674287
188310152
4325278
848922382
560605662
913098958
705214488
315633433
461770191
19807529
182184175
959580125
894800608
125632114
474488939
618931229
414677106
523986782
457843923
646125358
249085072
164438306
229927789
815106602
554643500
870594450
509286853
842667570
676435125
515107078
363265271
733111037
405989037
75948244
64256053
936376146
101514972
867839446
159397082
73119373
872763280
94032874
490185688
840017591
546078739
73722723
449035765
602769873
545147782
847698981
647719939
911093393
411110941
235478744
298676740
255789923
729201873
220105915
839535915
627272287
979170955
16178923
267618637
356111047
924344160
991891583
572821283
897723318
541194482
525415402
744277503
989647348
71570736
241473423
247221909
523490647
970069727
669260165
616065179
128949900
881630393
881252508
174350602
244319564
25940002
147440145
139251850
773348277
331306819
478951983
246691668
138544532
869832727
224892501
415898810
621747000
453407385
763869858
496990560
149461836
329114555
133126037
550752456
52734266
571996588
442537221
539316073
800188354
878423319
481119745
301047814
315567260
496168669
544172460
573726590
626268553
936364641
754808871
712362475
997399171
326238952
140378031
324564862
55346343
312053643
273745505
367195377
739738025
80891879
361654640
198663187
762177152
986674255
964987212
276114055
766314180
280011234
79016358
570804886
194810566
318058007
863283160
414723901
620223007
878227857
778083494
359699277
268934160
549601486
927835711
631998128
971746413
359013045
500001571
461120043
525029503
627259367
276282397
174110617
866763149
401645306
731195272
57562689
624223362
354968208
133438660
640231643
720251702
285510686
348788019
684177452
203366456
269720192
42834102
992757734
506407526
951935505
856013814
122494932
525902415
393898017
474143165
521402239
677226255
504548140
692487660
848885072
667604597
337295882
659158712
651080165
339358317
326973118
126653189
753731570
251012215
810605453
386875320
806176652
509592836
423639685
795825349
278568565
863349414
102373794
474301319
368362353
67724098
960268474
451050419
908020300
484865187
375700663
848515525
549126777
518374185
179299587
719578138
804532012
279061446
568823658
705994376
578585907
524041299
779978567
622065531
255270472
574991727
181242977
588218061
971167284
322273935
799088644
679226145
865960522
806011661
969519755
794360565
338703066
615989467
246991169
835199700
172418937
504432342
151737507
143931919
393136119
975333401
822003374
943407971
806791642
101138760
973777592
778543044
73062145
561859632
763490403
742549896
524410967
446003683
768022774
633101031
971717269
651449939
678746940
286540098
354069481
757113378
941113350
213443699
332867396
522141033
472624303
17468454
830046619
672900117
3625969
469574650
168731562
666491982
602616913
772991681
893866427
814053966
982300165
570684441
279457579
85221867
313104140
142324506
827727009
288420178
44873327
808689530
911846586
25806453
53265903
422550343
885863641
879961463
67198779
833930550
255796309
292234919
327408928
905458446
351533955
658677675
823163755
324422654
51563973
677919075
812750817
447852248
370466436
624965397
349498852
481506286
482988636
390706467
150389596
733571509
626731619
6008649
413484381
748230235
34789357
980040825
198381936
847036466
781358383
386602040
759573007
792914645
453111333
929765133
784089668
710909713
372836649
657404565
530747196
845745927
422241924
22103283
703672007
706763591
421454365
352526588
634372374
265397849
493221537
644242128
723525290
990754600
629935515
404669008
621153745
974844557
641968712
347152215
240231070
270524066
907404301
705644795
753834836
345544097
938057783
965537699
142660504
433767415
222462214
67162840
129184811
302903435
913373964
612756835
452705872
367785057
117600313
93632123
119819057
114819318
400742040
132651913
224447464
623744563
655938796
111262870
543718645
901299637
895730480
478217623
334563246
368018149
909343319
669425863
560022944
865184214
181117447
529225688
66464380
198750947
890230389
53034093
210160356
276863339
636691746
340993546
448119258
633513993
403832506
723143655
360537287
610468964
62823003
21502121
477571901
568522492
155219719
474938723
410020746
296421200
281677126
243917822
213861342
516599860
92447651
884974990
313769996
751092361
755903298
531607518
433557199
112671741
424985953
6079534
782504866
181054321
336755934
381914752
546286766
896661757
952176318
809027537
992590470
241171336
938377788
823330049
519372526
24246815
142652160
482209583
524721184
975481482
973831042
438837278
605637771
454527853
856718750
358748848
789821835
5002541
142736369
722157778
483250818
964943863
120042769
586936631
164999876
888668854
930790584
726976617
738682579
187909407
891852166
379543140
285962221
169972113
241394490
823711099
555625835
651782261
521229687
178335389
971805212
732110891
384561596
419048600
121096307
226209196
596521789
590826430
354325521
889956903
757552470
770151606
312845027
89556546
597733778
885177161
626345814
404975530
257429935
329353999
372232299
576976194
141705734
55064115
202964693
201357755
287991843
185545062
29790160
656439233
507163433
209149708
333194071
351609811
96409342
566077188
235406685
983903860
181056971
158596564
531017073
354526135
543026768
810604596
410962296
28770333
54519766
435398859
918255064
342709751
662225147
18868195
392275158
655934969
776364370
335775513
448000721
813909489
244442770
559195543
640366408
41936169
705214389
878952221
92627614
454815557
393817551
159788249
498838727
651692524
227696544
419083431
861685034
802535961
716025822
290074604
864418776
431904068
456434338
666896025
118111611
820379151
847525019
969823088
544720318
240805864
943947161
853247907
365653255
441588943
35756707
624798233
717757231
849734425
980671163
97294533
399948531
880433789
936803578
395019983
531001130
501639560
946849167
793012052
416924821
710669315
479388192
854144466
125958441
525649245
387639879
587969414
190020689
48097665
947686539
177910888
941481378
250972921
88715048
308636987
952729890
298566393
204598126
444247514
877686278
16899409
530027526
432669507
544862316
275435557
679482149
356056100
250622712
960363953
640386866
227599904
546158903
458309140
861200927
367986650
912644192
542223705
863312115
41763481
2231273
884799753
962880717
260281632
709512548
760726872
938658267
801638186
360251074
517903271
774196516
418224878
47656686
513849962
831243844
653434811
609874953
924268603
493381469
825884848
30561670
632082166
984531403
15123604
443372964
285780214
177285231
997227763
748502051
227403607
330560243
183653689
247895875
60132965
396732717
559197965
413640041
127976711
880059037
561763680
965610945
690750759
217256710
854869161
51396129
73157171
447413907
7495343
317755411
205509159
597617431
214547598
333449091
469572133
689954856
228205525
800685067
981588819
244175488
537896273
907681456
443439977
338256782
248283087
70623166
957665266
465037760
176504034
511764879
672089951
539216742
116074968
67947332
373148768
595640630
332215647
746210283
899032798
244037070
800041251
6945617
490499027
283343645
658710426
346189403
147165222
443123189
468954697
420205745
942250075
279626923
22027159
109915210
91359245
418204857
464971621
694925205
831671293
179829546
423505997
667250883
733629993
595032621
204532190
554891905
413675388
252957435
681586455
210423495
685989067
155870627
332139126
976681499
447633210
905903655
710478811
356999474
70488183
373015052
848515664
281875742
568763471
193426703
480948718
155199860
488789862
506124678
133232622
425021011
300478690
447652774
689535945
913814935
578189473
923164528
657865724
371947076
654079233
179786776
861680558
876529104
545462314
620885576
598674469
269021165
420488181
245791063
128037718
500804042
113848173
932800615
233416348
404621039
584593030
589487108
242407292
507909098
559273551
776696897
376960055
17582548
212853694
517573048
264631776
46198621
861538333
919810966
381448123
37323563
376230170
120989104
495084294
663648283
365112413
867627801
295465497
188728812
220458596
53470283
371084517
468056564
905843301
435534565
685989166
623878036
59343458
480686244
361620750
650922621
532564211
133523285
307989724
855301156
639006001
125573323
858152023
245930754
224525661
470651413
385529883
894633666
283754759
862645258
124470228
879552774
214486029
722876372
374602481
739980345
131634604
470001397
289883553
844723963
488915577
488503481
388698181
37576853
804572398
982029729
702171165
655775341
622288246
288782115
69695913
291676946
68756103
339116616
25354499
642530540
403595751
671183156
880006347
517285425
216900850
367323344
72031521
772978378
257887754
525302198
710921918
344311978
35220319
217680463
445936217
678052774
33222403
460396215
97621257
240307438
761408063
30597714
772468973
868567995
689880588
861318954
439026167
525866375
882031364
304989646
911552647
376840507
936133329
390250931
341016354
218877155
96906985
443127178
257658809
933306227
353425141
338988586
440210650
544788156
9000448
720590774
302925392
433993476
436524796
90414121
76566442
723178936
959242656
82458144
539183359
977774899
686942458
608214634
211189156
541157796
99701881
867872459
558941325
1459207
3968897
856638522
822392789
453388453
571441216
252214108
348687125
395544813
509238912
534856557
810203950
327397354
635831082
258428693
690440222
420363514
674117387
558888638
605535936
176959987
759843720
220308690
416070586
644721166
5562988
905436469
911681266
312052366
997131267
166721046
687567619
566444648
249167365
19455564
142465651
698825676
650942175
924861637
99033165
289306209
782621599
829422553
293248107
179852022
755470488
861513405
354630718
864024484
826526017
617803488
878028005
177567752
97502228
620165579
575062925
355158404
653666273
39522525
891113484
410957846
57703767
814863404
343247857
964765173
810915165
98366268
485373593
156583396
63293762
132276535
724935315
261577467
298225759
253467086
662388459
344461767
726945975
690154260
29611057
287921227
550093751
269090795
864584558
973382308
96394894
349622459
354048464
316752653
43354978
955243561
571739179
62905332
425152980
819306021
747512608
465334358
726588738
515263687
666602228
492486760
632013379
152224251
754838667
388081000
962658712
540741555
519655288
503230764
815991622
72715229
288187797
657233216
805056454
328492361
642980561
69150166
734310287
484590118
130841204
75809096
285558677
353905506
376376021
568170741
746645592
996132493
793611112
629297784
415973115
504163168
360593135
554800054
340614059
308544373
451710566
776338557
690516502
165611082
463976305
749727850
831117671
78364046
511677667
65345133
477589810
721746953
722643865
298928322
216302279
898669284
113069708
354643688
79962957
560764255
864038782
550373327
103698119
31961563
58129909
672987989
497050547
826644578
255838779
308199263
844989520
787485092
27318693
209117716
722425839
948444965
632975175
481558096
538553253
140416494
980169680
170310815
661456593
527039604
706626387
935631066
841107416
586812928
838444665
843522302
244960328
775240749
908156203
407053744
312353153
485077164
208500990
429883594
214334109
745687235
541095917
492567498
403579479
169494700
469505705
176659980
76619571
697609878
318215454
367578171
901762987
813609459
128424145
549042079
316868161
244135484
524199472
579450135
918157430
417884604
467892152
738410330
855971107
72532572
279083676
331327886
733891669
680981485
683290245
55107055
310541312
975963116
727795604
722420935
785855921
144422141
687493134
616578277
231371702
841462156
746533013
254332109
450717354
673765392
506620882
308987098
809832968
970122863
258278461
175125487
376295365
20750332
888816824
284520054
190566050
141726538
457927040
113317215
390485364
427895370
892783028
309856079
408803774
906515152
141362916
569733857
428933087
522348111
933745339
595684368
466129466
886720264
916590157
538677358
9758375
863064650
810716714
718187832
944720588
387543880
97014966
739143397
915639077
859309230
874941517
456211786
788052006
775759365
731157771
369176771
550367453
483147286
433322215
827427802
257140201
514687553
287437610
566913586
539435535
101149772
534553254
686396445
538842028
570965882
85268939
28096620
356730963
855964718
562190586
66704917
434184458
746755727
189178008
160775176
971380958
943370963
493423796
316468917
906245466
932905703
335766948
452517308
700430306
914493267
366177431
467527558
254172346
781734310
20269970
533334388
46965291
704385286
201003374
505060251
230235400
809365456
281301414
244349702
430791368
41738588
165906060
185780130
171259796
448199152
475541861
850540034
386160237
719614056
656565447
586807246
194266463
378199826
231408157
287783665
136502548
525064872
782283796
291980500
739270340
35462041
462513171
869076552
56370599
21805096
584798642
927586205
555642325
875127858
911867381
993472798
226389519
683775781
446801732
460722288
428044295
545720033
124864125
725316110
903680991
842128073
82049135
452726751
872540369
118174614
609492946
825035980
257967419
66499935
182696649
167432153
481454183
937577553
758447398
424819356
723380995
609970424
469474580
936250434
871255194
193861771
861504489
917822120
585905739
962541390
472902740
936252718
187009191
946277461
458001186
346055578
16750451
929626688
51570488
267817737
589664104
333047377
923938128
518696037
678548675
355862189
471591257
713555034
61815117
968933807
565059677
597967037
438962176
97157618
99775502
535709872
321258495
275641570
734312923
808823517
637895313
981452618
631590498
448692436
229236567
305135195
609427814
741222047
939485047
594594277
984734585
119678706
648983452
562163897
58718440
243200742
862923322
32131087
548718249
99582564
385239204
495161140
233980525
252897019
561896376
515758403
387286418
922727162
847179146
471647075
685854785
172077143
243951073
602463663
396729240
800281815
249498370
990267193
266377136
9552882
165487736
849646722
666966597
119302360
565837245
769929489
192708884
153857307
969593660
991362388
952454210
42870967
90785273
17062252
602637385
895369538
608695131
405147146
709990979
719975132
59048545
598201105
439365688
411496329
118707014
502297512
630928843
191441367
275823886
857796198
704514350
14885881
813305000
537857347
787045399
699079596
224708895
135151827
27353686
944039526
123106940
382711871
414991086
61622519
878884603
945930864
525261
343932514
349669552
771733308
596491408
500393715
691632793
707373431
804491314
30470765
576774478
800656660
923958841
717112117
969102662
903236450
227454672
804849267
105868931
379859153
759151946
179408844
201619608
637480814
656163369
19205784
990368276
319916102
67816356
478553755
548467911
457393907
215123011
15226147
666609762
440220496
277174664
459016424
757049416
558202586
900873168
787597220
486389219
259961187
388494819
928530295
849270194
170677509
713184815
540087759
301685659
629712274
486395975
379862894
967403836
644060154
124165475
136204177
278401818
863803532
591491752
456483518
328819772
31879203
167285381
622892787
612943867
838444483
216519789
329197154
898960497
46660165
768709599
737523820
878427384
465776444
201223686
430701630
903390758
670586100
257175343
152938057
556386283
619664749
768144246
494278139
173288027
256433326
955858836
255269804
914110866
139185935
448638429
642742584
280647099
829418040
650714622
679113574
980201665
279658058
700626948
924922755
730164886
207142498
380736060
759480148
250001684
630449906
139985655
291811879
364963219
432496220
893565007
415026693
481115912
434667092
183300084
34154738
701801919
219667448
549662477
819619732
487057232
413820534
38370422
743889459
263992063
225006535
989156997
954436003
197403149
954743216
323852428
62146141
75896351
890826731
999316212
381437892
578888059
432899212
964109038
752047668
580156691
270898389
44891315
424962412
72607226
208289704
41442285
445141456
408998207
831237257
322857902
621414495
991199355
930123368
228450259
363953361
565293682
501649172
89037216
564138830
123515312
892023718
179784887
114611490
380389990
149722909
436813955
788132126
139224347
775673520
366272382
867406425
856090539
72329170
256787483
8167366
350304752
571244347
795922933
488909396
815653682
993655249
880044898
389832966
567293684
103884270
833097864
219439869
72223320
362898078
281178847
718823773
632774668
797113109
278906153
723186634
513061545
606550162
182911700
82792384
372882249
975142227
168315362
771637343
700320987
294249699
832236908
407260747
503122051
205454380
843093709
674661359
135118549
201187746
531786341
44277186
470625899
32604794
757451263
327523017
988339405
252194027
461031877
478547084
195594912
238720381
536876220
38525427
547421602
769363002
756806853
899062721
151594302
472883968
309915382
338698422
231550716
773095589
257790203
930733335
277271056
739456116
594312492
286373559
402539561
988586259
614976606
844876822
324611633
460265364
83505599
816091827
487865695
225115873
999367312
466596789
804980670
336585395
237866397
835810829
28578754
627420603
617846446
616608850
349155395
504463384
123133705
163242760
225282102
955693177
809411522
942501579
823848820
86237005
35635773
570596116
498054602
784961465
679704607
649897149
862986170
879800938
482487719
213076336
531028349
761753543
804221084
112424912
87253432
868549306
110889014
121810336
185492878
624721886
743716733
461387289
247056025
824784308
200887622
6843546
971858266
679352845
16413210
686248165
662637231
766897945
702922663
546107972
713586231
324796954
910756133
103509554
335317764
944296457
10031041
334777796
532798391
726550589
14905020
508027844
67243244
193792548
433420419
621966855
299612220
859321997
789921177
601499637
225533511
469594150
593212916
322291003
506188642
293293453
787810939
214859782
110286694
409713515
624087721
837536951
969869638
225954608
361052403
67962371
779015607
869536119
956572136
874816716
141414308
544618682
912038162
498965974
504556162
313781331
785258386
646510124
944631674
453871768
829192096
957149161
575067518
263701885
362573207
514841899
207637199
401469621
608344484
652338107
566588151
184689256
372488625
955196399
880904729
414200961
630853649
636588531
969105385
209591891
490161434
287808328
884302440
134075159
828241355
208510721
147566596
873789284
723432589
434492886
631901625
537798986
833440945
932553588
477743824
965042847
798317955
29397657
666258098
822774103
817648610
824067121
12082522
2999886
806487753
114289460
643433660
221721388
760106443
970935496
201436584
705349499
742162364
46528885
969421657
363360607
113150392
438047242
908462718
399058384
218272636
751988432
478898761
465483684
565534131
875500998
54052408
906641952
976646532
17164555
194187627
11392777
810928579
122171301
519874248
725553480
30563808
63634511
558033845
471458409
27851723
351490538
140872542
655589424
551195985
267438291
788129049
103329269
956517483
988078624
278009269
531171589
153104106
462571451
342532410
361320577
245315614
528259534
952381336
850365942
505336076
123209805
697437754
989050450
238944216
711753324
126491687
30647928
277928104
545159277
374784841
242940957
102273373
451929512
61138685
96843063
691894830
520966517
799942753
173367290
570359594
399719822
939066553
407268465
165727266
498766528
829158153
448337746
35972036
629736411
565894784
633541338
922031940
894968924
864364190
226689680
836337629
115249159
44530209
521401193
120479555
726525050
841866354
772550361
983160938
477435254
38335128
390705779
379313643
388062038
836891370
190340289
541426619
648952798
176246926
343297696
586135101
690230244
3854543
652923798
419742765
288555542
724064016
418807896
392851606
270179790
359480652
663858129
994416633
783058843
274908186
842251128
217224140
854002593
120199309
888019444
861645655
614612367
131120184
787156638
294540387
191743011
541396907
537985266
345583057
473400310
282059619
798512568
480683285
878254372
814705295
62508876
260255409
483631050
757181235
976795079
143258263
105594457
976015627
217136435
331329657
787893380
676906960
454152397
257670761
661822693
853004262
133788435
205266292
164247731
831924217
669877077
462809517
991667704
131496453
487551804
589381208
154174180
796487301
431974429
165778599
674973783
259168507
9783017
634425208
537927231
644079904
235597535
313260236
807516331
907558708
99599167
786261136
801267785
198318001
788342344
452097878
385213795
520777728
413329821
401473125
637496430
284399185
746771271
283316141
149780704
165823969
181158177
215511361
377150269
829712733
818204811
330332558
466974672
826102799
106347536
825816349
845928329
389811429
190200621
982422288
897326435
43220482
503553975
520485001
87470006
875605516
67661832
511312255
146027313
823561838
907130088
321733388
652888114
402850750
931343312
591853190
122192101
843333147
683458357
316565620
807442581
500211618
268837906
701813997
243928240
150485619
160576842
101107962
941536235
934283160
963155218
417386515
310238850
97127332
40206976
219385828
115660901
37000189
257178288
952843273
947579735
8867253
309152307
665413224
520862003
895402870
717289898
211585971
881768987
552047146
56822574
966333981
660365678
598118896
773814209
89967460
279275048
764822449
944710690
537550477
671968554
82603608
465611472
589464065
30252747
497267470
238329590
58255185
130265126
772391939
973551250
191596644
235492357
815920827
984803362
528989451
358360045
725424279
833884412
927644630
83265591
836548123
583535853
914266878
368184825
733460614
81185817
615295375
92603933
394154951
886722893
458791963
294064476
514854381
937033231
403508918
803176396
27088246
905188683
579831587
481616437
878722407
439858557
997961320
666540306
158220537
451556971
892083057
45258130
466023275
436948875
167412603
145275143
532006817
680208097
831491414
754525608
879315783
979401298
517925450
471879172
320226852
956714858
478114966
431047624
16509002
748834894
981561780
430939551
456189359
178333521
319457200
897178133
817775211
265899581
615516620
429958370
777922169
900862408
380504329
8080653
586259756
620731741
149881940
18807210
483280296
746270088
779280806
853488246
229735687
404615982
178267111
103134473
418339260
649548438
907209431
394825018
713746361
654234881
157831415
88064671
849686820
891180650
189585802
839693359
288769070
81000703
856100814
25627663
236874160
181108983
706613997
98148064
372752501
226319428
791934851
43246459
231610081
460492411
754692640
890223845
780171793
538904514
617398991
482708333
655713357
465828780
532398817
875739218
856538072
702335872
94571884
422597521
761787335
703084508
113825564
119045191
845056831
318521698
410448456
893861377
893476574
531535475
215233156
526752442
344501961
967173945
820884561
258740646
917792213
952856908
237321981
915976389
106659806
447389425
38685740
247316004
289116200
742173009
921375942
974103145
690472017
220515976
551522352
162890937
867172976
681605936
794007420
633418932
692260101
433489483
477760153
249024829
68930377
731099584
835655332
822040288
262542238
960321083
486923497
686640582
144541391
31649818
795055937
277008070
499367707
604714621
793212767
966080412
939193797
841880517
227385673
263654754
267344709
733163711
874583697
453386425
11972442
501556983
915966898
842790413
360853265
19789414
648078955
350062653
522206534
173478583
682989792
86660386
323453698
658506256
689628342
636781803
966802590
129340143
561400987
392244409
386696208
652378401
184238778
84263948
926920271
128256349
975000385
808676083
574686077
737146585
597491662
235856403
881960197
441989572
105367730
449971976
217765308
515696537
715932438
813158453
242141178
831414878
618303737
286879934
454193015
782562040
718364792
646833314
643671799
649425645
339347674
480803983
119329257
109730844
962448794
553174178
250576767
790888437
993816545
651929116
687894628
260384342
361067686
137854337
343840276
327539054
524901989
551628489
701844991
169154292
705763799
504328124
697314761
96865663
255827872
712020493
289825305
345388478
562864935
794685578
98889367
424413707
981343765
155119653
955860923
946331349
112211162
663903821
738128305
298913737
1087350
712021973
387659733
504023888
994383244
964851960
53780711
36612213
908848929
379439637
365280954
665022106
911567036
935046087
549863569
579443526
407520708
545480372
550869178
653746393
699304362
10598623
