50
9857 6952 6050 5930 9176 2372 3204 1492 4561 5982 4786 9823 9395 1165 7150 8587 5431 8362 7472 1037 9089 7799 2859 8061 9301 2497 9909 7444 5186 4054 7262 9714 4692 8158 1118 2933 4673 5242 4840 7549 4145 9294 7525 5345 4793 4754 8750 9715 2986 2143
2805 2152 7359 7668 8679 5757 3280 2923 1610 4583 1814 6881 7754 1511 7422 2094 3860 5068 4564 9059 9071 4288 5856 7283 9250 1808 8194 1676 1234 797 871 2331 149 835 6243 4948 4225 8003 3516 7723 4713 6750 4499 5505 6818 4447 3369 6176 5888 5923
10
3 9 16
1 4 5159
2 8 761
5 -1 -1
1 10 8408
1 25 9368
4 3 48
3 19 45
3 9 39
1 19 912
