50
4187 624 5968 5696 3085 9316 4315 6313 8744 6488 5316 4222 5371 4762 4475 4803 2757 1271 321 3126 7028 1314 7960 9364 3961 5692 3714 6830 1554 7073 1272 7106 7838 8240 5452 7104 6685 4300 5207 5778 8000 4357 3312 115 9997 426 8812 1015 8537 4508
7310 414 4626 1981 9991 9928 8234 7320 2099 5074 2639 8966 2462 5451 4228 9506 9498 9354 8994 1820 8859 1841 6821 7366 8176 5043 2289 3500 6434 5569 6176 7621 2033 4252 3421 2734 3472 1115 2087 4946 675 6700 835 2246 9072 1214 8708 4014 659 6594
10
4 37 42
4 5 16
3 23 35
4 1 13
2 34 5615
4 25 37
1 15 5903
2 26 2028
1 21 3111
4 19 43
