50
426 4755 8783 6201 2502 3178 6280 4788 1236 4536 2590 1816 8358 8465 3786 929 2555 1634 7824 9387 4008 5896 9468 7128 924 8117 9542 814 9423 6383 548 4226 8370 6589 1196 4597 5080 2871 1171 2806 7124 4489 5326 6141 2437 2129 4615 3633 8186 9658
715 2531 9471 5401 842 2549 6362 8148 3835 3904 9956 4632 7318 6581 2473 3707 124 8522 8599 8016 1020 6639 2893 9022 7713 5871 7738 8928 8600 4027 1751 470 6997 6266 825 1770 1253 2317 3273 197 4209 8511 3419 4298 474 9876 6727 149 180 7105
10
4 1 36
2 22 2201
4 41 47
3 4 42
6 -1 -1
1 25 5734
4 37 41
3 8 9
3 3 30
4 20 47
