9 9065 975
31
150 9 135
430 880 507
954 498 118
275 318 653
310 199 899
888 67 604
549 521 515
650 430 434
521 651 617
552 892 328
40 237 743
388 472 782
359 847 160
477 16 892
174 488 145
563 81 112
387 960 383
979 29 698
897 571 307
621 627 429
531 456 397
11 606 280
172 146 901
211 97 197
562 542 553
664 194 784
763 981 42
940 13 923
175 795 976
346 124 232
63 664 464
38
516 111 957
357 99 508
275 841 325
226 226 690
631 397 843
774 248 688
328 2 950
575 296 910
282 301 660
996 535 608
333 541 223
920 851 124
758 892 47
96 381 828
682 671 792
456 932 518
529 207 598
369 491 713
328 1 23
686 716 41
386 365 553
361 181 974
545 403 124
960 723 777
856 76 633
93 917 367
251 974 652
340 379 10
434 584 959
847 344 605
683 248 721
295 236 22
206 314 757
996 53 314
430 482 710
41 488 20
477 332 450
312 939 599
55
747 117 453
886 733 595
472 345 656
690 743 166
973 571 939
289 975 362
289 488 429
591 731 238
12 496 479
120 372 525
902 851 702
187 750 220
428 898 889
302 657 815
516 352 941
635 225 124
18 841 117
130 674 84
482 58 22
567 750 30
104 483 939
126 250 420
613 9 445
428 127 131
204 823 350
849 798 806
100 783 79
244 382 74
167 284 15
783 521 593
443 218 622
515 573 120
912 481 9
589 511 410
362 30 519
771 749 313
240 516 444
928 85 131
453 234 998
503 753 386
822 550 637
46 877 567
484 441 526
249 226 537
866 315 323
634 212 641
546 793 508
918 26 25
636 948 721
466 966 701
184 749 667
766 276 705
253 935 936
201 78 540
913 692 447
51
888 332 338
891 292 975
409 258 69
769 141 433
482 368 615
415 692 39
514 209 897
979 630 937
602 73 159
802 677 830
917 294 963
821 986 80
899 589 543
178 758 377
542 281 641
294 817 468
62 416 762
984 459 725
881 495 449
120 922 740
110 304 532
384 988 678
563 857 247
891 390 454
963 95 521
236 36 267
13 36 789
720 971 42
322 566 173
288 205 230
829 609 300
600 812 894
529 550 141
748 169 335
311 636 638
573 134 626
813 39 594
7 113 392
854 655 486
214 490 276
78 236 570
393 776 16
638 343 436
862 520 971
656 427 448
366 694 314
539 804 547
419 120 414
994 495 242
984 103 749
833 451 141
1
160 580 633
47
496 139 732
804 996 117
172 718 411
763 515 103
434 689 943
830 439 192
881 325 247
756 710 44
760 982 281
589 936 851
903 942 740
747 657 778
50 987 949
88 224 27
38 290 930
657 744 744
648 125 29
659 733 563
354 954 321
780 370 176
1000 828 578
67 626 661
507 687 401
795 236 873
901 751 550
973 539 605
918 185 394
525 574 487
69 925 563
31 908 669
752 890 202
825 835 128
432 843 3
91 865 527
152 802 628
382 483 975
910 155 289
73 445 729
12 683 557
722 570 995
263 177 52
292 469 426
528 548 264
325 712 15
626 430 561
906 180 216
925 321 113
9
393 345 161
831 488 838
472 403 126
711 612 993
901 333 410
181 547 264
377 321 858
130 525 449
880 561 254
33
61 473 830
970 159 704
543 826 536
169 411 967
807 266 354
108 475 77
903 140 980
634 155 873
170 92 601
270 755 960
920 461 553
577 933 251
386 326 702
71 831 338
255 30 765
628 113 938
167 637 102
494 385 220
183 284 967
5 870 471
660 557 964
569 723 952
60 702 546
436 158 927
186 91 533
273 640 693
673 531 591
371 166 108
444 117 764
250 337 894
877 659 26
586 641 56
691 551 293
5
24 425 919
659 811 612
908 623 641
734 579 432
317 985 200
0 8567 6380 7958 8186 4292 5804 1896 2765
1711 0 3995 817 2374 7670 2353 7336 787
4199 9543 0 3343 1490 6248 8490 6157 8086
1934 215 4524 0 2944 8330 1630 7769 5970
5943 4870 4220 2307 0 696 361 9208 574
6579 277 8630 2791 1765 0 6757 2706 5436
460 3244 2354 2667 9976 8691 0 3641 6014
9827 6845 1376 107 1211 2051 3367 0 1741
7234 8917 7117 2429 4680 2394 2904 2319 0
