522
0
1
0
3
0
0
3
0
3
4
0
9
7
6
10
11
3
3
13
16
2
11
15
22
5
15
26
15
15
19
17
16
5
32
24
26
13
4
32
36
22
15
37
31
34
6
25
33
19
10
35
26
2
8
28
18
51
34
49
20
22
4
17
36
20
7
1
63
3
58
5
6
2
33
1
3
68
50
41
3
48
39
35
21
71
68
77
58
32
70
47
39
37
30
54
6
54
41
83
85
95
92
82
29
85
5
25
104
5
43
109
36
21
102
108
78
110
81
31
119
82
101
67
35
4
54
44
85
34
59
29
128
0
2
45
17
76
11
119
26
101
107
97
65
95
24
40
35
35
112
29
42
146
51
126
15
60
17
132
81
132
109
12
44
114
47
111
67
36
59
87
98
133
153
117
60
15
145
92
106
172
30
67
162
28
134
103
2
128
149
7
58
58
49
43
6
167
74
54
57
97
64
78
27
102
142
22
148
144
197
181
98
187
71
196
111
60
211
67
85
1
70
42
113
147
116
84
184
56
102
96
133
112
187
139
13
2
210
224
89
114
181
3
8
56
73
215
202
68
55
24
162
42
65
103
85
104
116
159
8
142
3
251
22
59
106
252
224
127
5
11
12
91
92
54
86
177
257
219
210
279
68
201
100
175
243
29
38
172
284
117
82
132
123
277
5
275
247
244
213
173
225
106
219
285
224
149
10
58
273
48
239
93
179
181
227
280
282
292
228
309
77
28
292
245
206
56
8
189
159
274
239
129
49
28
296
15
336
195
119
30
36
252
33
127
35
123
155
327
280
261
144
281
317
231
120
216
129
136
217
166
221
362
130
198
56
113
51
337
238
90
282
160
15
123
105
353
230
80
297
6
34
30
297
171
262
362
221
332
107
287
47
62
207
223
106
57
390
366
330
207
308
232
305
111
215
65
37
235
260
105
364
147
189
210
271
335
65
152
91
374
380
388
251
140
51
223
280
325
318
429
415
251
161
330
306
175
257
204
24
401
83
274
20
364
115
2
354
7
114
106
7
386
423
341
244
63
212
448
50
23
235
288
1
293
336
72
352
133
452
47
87
23
160
245
30
55
335
384
291
212
13
406
303
120
256
467
25
52
461
16
18
110
307
410
368
58
209
210
232
462
91
366
235
181
346
23
312
399
313
272
209
235
188
6
317
358
155
286
5
199
496
