1076
0
1
2
1
3
4
6
4
0
0
3
9
9
3
8
8
4
10
16
13
7
9
6
11
8
2
20
24
18
21
14
2
25
20
15
17
24
14
24
2
8
38
15
30
30
15
3
32
2
20
46
39
0
53
32
50
32
40
9
50
21
37
12
44
32
8
66
44
57
4
47
59
28
60
73
66
13
60
69
60
20
72
70
44
78
40
82
29
27
88
33
68
64
78
5
42
59
32
37
51
14
63
94
39
3
48
46
9
74
63
61
76
2
91
33
108
65
91
16
3
64
41
0
93
73
18
37
122
3
8
48
84
35
121
85
15
82
136
49
11
82
23
78
14
12
135
76
135
52
104
61
100
149
61
106
73
80
3
154
158
34
76
108
13
133
136
83
122
157
124
151
33
22
80
148
36
131
73
81
82
149
111
74
153
131
38
17
72
3
100
51
150
105
131
160
177
115
45
9
32
32
201
4
98
173
118
27
29
136
42
174
188
92
96
213
200
122
133
123
7
31
76
163
0
59
118
212
157
106
164
22
153
49
169
181
15
119
164
94
137
82
0
224
233
37
189
166
107
108
85
118
1
232
77
235
126
228
81
180
88
142
31
74
254
27
66
126
26
30
139
122
40
228
85
251
149
115
62
278
218
27
16
162
86
23
200
9
175
178
152
39
78
292
276
82
70
224
219
49
277
265
163
234
299
272
73
58
29
64
16
160
115
139
236
14
167
15
209
85
52
142
218
136
139
98
59
63
249
81
325
134
163
171
110
233
17
44
161
333
188
98
43
140
288
259
240
343
290
118
140
322
43
303
226
188
31
256
40
356
64
136
154
171
328
324
221
236
330
301
266
260
306
338
27
10
312
351
127
149
313
272
91
228
54
256
282
317
19
149
360
321
225
161
241
214
105
87
295
231
215
221
252
138
243
164
209
220
83
146
373
398
99
304
160
333
276
297
240
297
42
244
259
269
110
140
156
224
121
349
400
315
230
57
134
22
236
195
318
387
82
303
356
23
417
18
185
7
69
316
401
409
284
116
90
378
38
147
419
237
232
41
370
158
377
1
123
250
80
38
438
399
43
293
25
223
273
262
47
447
10
109
78
102
218
114
456
322
50
35
112
226
470
294
180
12
239
416
339
235
115
14
259
36
120
355
36
300
137
248
194
182
34
423
481
412
182
82
413
310
432
177
295
267
323
164
201
524
329
503
210
435
373
516
218
448
49
215
163
324
332
236
379
146
365
378
250
288
30
185
511
427
394
8
94
228
540
458
291
269
6
200
259
536
503
263
286
166
180
500
82
30
259
218
476
551
267
409
393
87
114
574
285
316
7
432
204
143
432
254
422
408
117
535
142
19
163
475
261
254
19
465
109
118
148
181
599
56
541
459
50
228
304
500
282
517
352
485
23
599
516
392
109
281
441
17
157
87
144
20
296
201
93
466
114
504
453
191
440
312
321
247
165
259
222
63
268
36
147
144
55
322
278
45
40
345
143
492
172
515
659
2
427
246
274
191
452
473
618
323
67
108
442
148
506
109
495
629
191
579
474
68
557
645
516
360
160
0
361
684
287
541
594
40
608
352
547
475
294
171
505
71
500
670
69
191
590
263
179
338
633
513
380
508
520
138
317
271
322
178
646
8
342
252
519
9
568
21
566
402
720
255
324
325
12
381
323
313
582
346
23
548
341
320
346
498
654
223
441
325
652
225
70
745
488
74
696
442
86
419
285
123
362
468
578
569
203
70
149
334
430
359
697
637
254
575
362
383
374
338
305
21
144
513
233
779
775
129
457
178
775
679
0
80
499
433
755
79
328
676
730
109
755
100
567
45
309
268
758
120
636
45
135
467
755
649
208
712
668
103
648
199
412
821
533
26
253
125
283
656
317
788
179
482
49
253
696
459
774
671
757
542
158
674
354
329
122
173
346
132
3
228
231
312
244
269
62
715
463
284
163
743
198
604
126
264
568
844
389
60
171
263
728
854
84
758
855
246
213
857
407
629
50
777
361
452
180
753
882
54
240
781
330
637
713
173
413
300
71
389
29
86
277
769
373
108
716
410
895
295
176
311
728
687
503
627
811
105
572
905
513
487
544
55
488
537
452
264
623
590
131
20
168
111
156
376
654
773
468
441
555
262
394
272
427
768
688
654
775
299
599
861
228
135
613
325
549
210
61
381
724
790
842
418
314
202
853
876
570
770
237
686
50
865
4
973
82
874
689
509
971
544
183
147
850
706
334
47
682
889
223
55
205
365
78
616
911
522
127
282
322
262
141
683
288
153
453
140
732
825
809
593
582
25
380
980
19
460
920
133
774
575
360
954
473
471
0
659
820
198
606
959
500
779
208
265
474
948
798
168
362
882
432
920
901
897
177
104
431
892
1
37
905
604
967
1054
1048
197
151
61
872
800
62
786
578
168
663
93
543
627
810
822
843
867
21
15
954
