4164
0
0
0
2
2
2
3
4
0
4
2
5
6
1
4
1
6
2
4
2
13
10
6
14
7
7
17
6
12
12
21
17
20
0
13
19
27
9
6
39
30
15
17
14
42
6
7
29
33
11
12
10
12
39
51
47
40
20
50
22
31
21
0
60
58
1
56
34
28
69
65
23
15
28
37
28
76
27
37
70
45
27
56
4
21
26
83
14
30
1
12
63
35
48
58
52
66
14
20
55
5
54
26
37
12
77
100
100
46
78
9
45
8
74
49
75
7
12
105
10
43
28
82
5
4
122
6
89
41
44
55
48
25
106
88
7
88
47
100
80
36
17
11
49
130
66
8
3
10
127
33
108
109
147
121
133
130
114
125
76
57
39
60
103
69
68
134
55
131
59
143
18
26
67
21
114
43
62
54
168
5
121
38
58
30
27
147
141
88
180
89
108
175
39
67
111
106
189
89
180
193
101
90
182
174
120
8
1
166
21
155
143
86
173
200
22
162
94
92
107
33
96
133
217
25
29
200
80
150
153
155
39
119
221
154
14
81
95
142
220
98
39
64
219
32
222
47
135
165
123
176
175
46
183
160
179
127
232
53
15
52
191
43
46
217
164
18
192
208
140
223
53
223
108
210
96
25
248
32
93
42
42
39
115
242
48
111
155
99
132
186
270
279
191
196
83
61
65
230
183
257
220
86
140
167
151
173
266
129
31
58
33
162
211
232
297
213
107
23
240
313
303
45
227
74
191
267
126
91
166
77
188
285
224
114
127
23
297
338
242
260
146
54
210
238
226
210
256
103
328
0
338
22
193
205
266
41
41
276
141
327
15
291
221
89
231
0
48
236
166
305
143
332
168
134
72
297
73
280
136
56
13
306
97
192
227
127
93
265
233
114
90
297
219
299
0
137
318
50
126
181
1
229
249
13
13
268
211
100
88
86
393
37
80
358
30
358
62
42
182
368
23
271
196
219
341
118
64
335
100
406
121
396
208
160
132
299
339
323
323
391
70
282
8
353
147
366
200
139
371
147
60
77
238
216
3
353
57
303
65
316
319
370
178
58
241
242
261
287
197
5
425
99
69
197
408
341
199
31
223
267
64
28
51
469
370
139
415
130
17
37
176
13
242
355
407
234
453
261
291
117
294
123
364
318
132
406
45
458
464
296
227
61
223
118
36
282
373
220
361
262
306
349
116
504
52
460
122
229
455
70
314
371
332
152
109
501
81
354
100
343
428
237
437
155
357
132
194
415
280
437
352
369
439
99
281
39
553
394
187
334
534
385
486
250
99
175
82
423
290
508
435
37
26
310
180
107
166
492
381
383
312
425
364
69
272
398
151
439
231
455
168
482
182
172
476
321
26
107
37
565
543
235
104
223
171
284
32
289
183
256
109
403
9
235
541
155
607
49
255
609
91
344
435
486
329
238
503
537
37
56
533
203
238
203
606
522
217
87
313
535
527
512
626
263
612
131
348
530
459
422
576
133
377
498
635
438
341
617
391
439
150
391
410
522
159
557
274
469
428
436
96
127
562
330
65
676
77
443
160
225
223
121
294
181
225
206
464
596
609
317
680
512
659
486
93
16
205
226
643
174
593
257
180
43
466
327
365
588
470
475
321
6
557
667
189
500
293
29
466
654
278
87
639
597
218
601
341
668
328
262
261
157
285
204
309
413
552
289
2
504
245
231
63
459
529
436
438
183
181
704
290
712
140
21
39
394
579
358
282
646
415
605
712
77
362
621
99
319
696
597
325
90
190
401
587
344
106
568
647
517
183
483
111
654
533
44
472
37
749
555
44
74
522
503
644
492
422
458
287
510
43
323
613
170
43
310
44
664
169
199
402
659
724
105
313
219
724
571
499
445
305
720
476
472
181
652
778
452
372
692
199
247
382
71
722
40
435
654
474
799
522
734
315
18
376
224
801
218
250
17
754
240
637
280
184
78
72
273
305
548
757
34
798
57
358
793
68
262
512
659
62
227
709
368
556
436
574
128
166
213
279
598
731
6
641
661
746
343
749
390
581
439
279
181
609
735
788
821
839
22
108
899
814
885
529
867
555
288
463
241
264
171
462
213
65
278
662
465
90
446
552
196
63
124
280
606
882
604
837
813
848
172
304
461
484
782
211
464
203
546
369
417
135
208
667
116
381
331
693
511
190
287
668
788
917
448
107
127
815
725
328
635
266
706
187
825
559
839
409
368
381
850
896
155
179
704
704
134
973
386
694
579
528
874
767
7
785
126
739
285
347
782
177
765
146
346
951
84
616
703
573
393
307
279
800
630
237
485
398
1009
439
491
105
40
671
940
136
606
934
318
270
887
819
600
312
281
898
366
709
551
518
991
98
958
231
853
768
337
644
700
212
346
54
379
825
127
475
14
631
368
845
745
1009
652
696
964
40
886
604
807
744
878
776
169
839
833
1048
374
5
968
88
274
327
106
711
1009
352
848
157
1020
1080
867
29
557
726
367
107
1080
343
736
447
33
700
213
73
248
944
149
290
266
797
826
1018
147
698
131
500
918
767
183
1052
32
457
528
650
965
233
1001
11
273
208
988
63
173
353
961
918
1055
49
485
998
755
365
567
536
785
132
618
523
256
943
709
840
892
34
536
392
1010
889
1033
729
448
396
833
581
856
817
399
9
362
877
1115
919
776
300
437
740
38
354
775
935
991
784
919
1041
1010
569
605
171
148
651
15
595
587
657
212
619
754
717
420
97
682
795
94
1137
367
1114
191
142
113
828
445
1049
882
802
534
280
897
837
1061
1092
616
431
809
1083
508
891
1006
235
87
430
835
46
458
879
1147
1064
151
165
1165
580
1073
713
492
87
369
686
114
1051
1080
804
572
46
1228
657
1103
80
125
885
854
649
276
364
419
72
132
379
1138
277
1069
352
612
552
50
187
689
351
720
75
974
388
1056
795
965
81
1183
658
168
595
898
1031
924
1031
1091
520
635
208
611
1222
348
699
954
1113
606
377
924
286
821
820
95
833
243
299
320
74
1150
1201
1019
955
890
162
393
478
403
1263
71
52
1268
621
1167
443
325
418
953
126
472
119
119
307
1271
647
1073
690
546
950
437
1203
58
1007
709
740
1222
991
278
1095
295
564
422
446
1077
215
918
350
430
382
853
637
99
323
1334
351
667
1174
612
1253
115
495
217
984
688
762
1012
449
344
137
757
1273
1348
818
693
901
307
630
735
165
1110
960
797
232
682
1195
1016
1076
1163
355
1185
1001
560
829
246
653
277
154
1088
293
1377
801
208
875
1016
18
356
270
245
1219
393
565
994
594
177
1321
555
897
876
909
1153
1381
956
1046
273
208
546
318
52
112
1288
1171
51
709
27
520
698
650
853
216
1408
1149
735
607
324
1190
16
1417
394
1285
195
674
556
1337
573
1308
779
569
471
188
1042
1422
1182
898
1193
87
1254
1125
1367
16
648
353
759
1340
240
155
71
120
40
670
846
469
1020
945
1304
1233
404
1222
198
199
436
539
55
614
1007
883
1046
694
814
846
1220
1312
1304
1241
218
801
1352
853
378
1182
252
589
217
707
1384
31
1368
1219
478
1036
947
434
110
888
1469
516
398
1167
1343
195
1489
47
899
772
1158
610
465
114
635
230
485
94
902
565
753
1230
1288
337
970
1106
3
64
30
1242
87
277
316
1074
533
645
393
892
256
923
1160
1030
307
1405
1566
1289
513
1349
1
1107
1536
396
427
1254
432
151
407
1283
488
502
121
976
1305
484
1555
618
343
1291
186
739
189
688
1168
1281
720
1131
325
853
45
1500
230
1146
1260
338
612
587
1318
793
1361
1072
1424
1562
1569
394
1102
859
1624
127
1044
1556
170
1303
920
1101
281
221
17
786
502
671
1588
1109
976
1457
1348
357
996
366
862
679
956
27
199
1202
1632
938
173
788
300
841
1088
24
1474
1592
49
959
790
775
1008
935
1391
109
997
617
231
522
582
1498
581
1006
736
1601
1077
1111
962
1637
932
240
83
621
1041
1436
263
1325
142
679
1468
1684
1472
1222
568
280
1654
873
252
617
1073
1312
1638
1234
102
923
819
499
215
1409
74
582
68
474
625
1159
1642
1209
1297
772
736
1411
108
1446
269
874
784
1357
485
778
1056
695
547
347
999
170
1033
566
1355
908
1391
536
562
813
635
1066
520
1080
751
1019
186
330
1453
972
929
1746
71
1095
519
556
109
1489
742
1407
1308
692
565
1408
1700
590
356
1606
537
1331
881
1206
447
1575
1646
1343
1627
578
200
21
1481
1410
1502
1562
447
1337
1755
1783
1767
1021
599
566
1109
54
256
1542
1343
531
691
1449
1207
733
797
1582
1591
1465
831
36
1279
803
1297
311
55
550
692
946
1293
1389
1462
382
1648
717
1721
1791
873
277
1117
135
813
149
1174
856
1335
555
760
676
355
241
1548
1799
1174
112
1407
429
662
1335
1615
272
388
1122
83
250
1208
660
739
748
250
1725
1261
853
1398
1620
1003
28
565
311
1338
1186
445
1790
77
1786
1537
135
1203
6
1735
1205
676
980
227
836
691
1557
1467
1647
922
1477
1237
1019
591
1247
42
1537
367
1121
564
271
420
166
1906
1776
837
1427
1049
1732
736
702
1783
288
1619
16
1502
160
1349
1557
1834
64
360
1201
1897
518
186
1191
362
1595
911
130
339
1026
758
1059
1823
975
121
1004
191
341
853
1631
1576
1401
544
1183
1754
401
1063
1383
1787
1638
1910
965
1110
1642
1014
1155
1008
402
1509
439
1834
125
1389
1657
128
764
1077
1664
1393
216
1506
474
1624
639
1576
1010
712
1111
1482
1796
680
1113
218
325
333
1955
22
437
83
1255
1932
1740
552
1982
185
57
197
461
424
727
775
1540
560
1134
905
1010
1778
1159
1592
1858
580
1940
1081
1937
830
293
725
794
1529
1731
1438
1272
90
1040
378
1824
307
52
547
164
104
180
1558
409
1539
297
502
1938
1333
1468
224
38
912
1204
340
727
1441
824
145
1373
1600
713
819
1287
1078
1196
1227
1103
49
284
1535
921
1804
897
176
943
1042
1803
2050
1344
492
1382
515
676
1698
690
482
1546
26
623
972
1782
857
320
682
1300
815
384
524
311
1164
817
417
1562
327
1382
1160
2107
95
1923
1503
539
1087
795
426
1935
1691
1910
1566
1258
1086
490
912
985
818
1928
245
1085
1624
58
1568
1785
951
530
1767
433
1878
1675
1784
24
520
1750
964
1283
30
196
554
1959
1511
1728
1219
1631
1982
1025
1139
1568
1692
498
824
1060
414
1112
972
1724
758
398
1475
1645
117
2078
1764
954
883
2004
2167
2008
2156
1450
2014
189
1090
64
2141
794
1109
679
899
1113
1295
853
603
552
1023
240
1540
1176
1777
329
213
230
328
1457
1323
526
859
648
1545
731
1969
137
1100
1080
834
1278
2151
2146
819
1505
453
11
1110
437
1890
1881
2158
482
2159
1089
567
1317
1626
1517
693
1085
18
378
2217
396
397
1675
192
1763
727
1908
540
565
2186
1471
1701
103
1777
1431
2086
1992
364
408
240
1549
544
164
1109
387
271
913
444
934
588
992
1792
640
56
1032
1040
2217
1546
545
528
1395
991
1570
2261
1685
1209
243
2172
1755
751
1827
686
2001
1349
1484
1409
1290
920
218
597
223
603
803
1349
2085
503
2034
409
2051
1150
400
566
210
1005
505
1020
1072
1811
1429
1793
2228
437
940
1823
1616
2168
325
1541
562
1070
176
942
526
1594
480
1748
390
2160
1514
634
1409
135
1031
2338
2323
1724
166
833
1551
437
708
446
855
1149
306
2327
1633
312
1807
854
1547
2162
1148
515
9
68
1710
1731
87
561
1935
505
1519
830
628
852
1901
112
1312
268
1018
2331
228
764
1042
1529
1974
1253
2019
1494
1231
2368
810
1070
2060
1255
2190
387
861
459
822
810
193
1181
959
833
2247
1456
1054
1914
72
2292
1055
787
346
1003
1073
1184
471
125
252
1566
64
1606
1141
15
1738
744
431
1422
1557
378
682
1500
480
549
1423
1139
2122
1018
593
1081
1644
910
185
843
1377
1794
390
2124
997
1855
2046
67
270
1835
135
825
1470
192
2246
856
2434
228
1382
1993
1549
1234
448
1097
2307
77
1665
527
854
1114
171
1111
2437
785
1476
2179
336
2479
1050
747
1253
2467
1987
1350
2414
1878
316
1369
445
701
2244
478
2215
717
54
183
1989
2065
1328
923
126
649
1815
1747
142
404
1029
1199
568
1692
119
1382
1830
929
1980
1625
1652
2416
1319
2325
1617
1493
2006
1240
1422
461
1810
2357
324
2052
1656
1475
266
70
17
2192
1153
2313
990
1652
302
1364
2143
554
1884
415
2095
1894
823
2206
1090
2013
2174
447
1103
346
930
1575
141
736
1005
364
1575
2286
2372
1187
964
2438
1957
665
1488
754
289
2193
2079
2107
2255
1152
1965
1484
2535
803
361
1706
1376
178
2296
1013
452
295
1989
1238
1922
2215
408
115
1819
2326
53
2132
2246
1447
1377
1235
305
2268
2147
2252
1911
369
1991
303
1693
253
820
1116
2416
768
1170
1668
402
1811
928
2447
2313
868
1888
63
111
676
974
1331
924
1350
415
2016
1311
2536
1301
542
669
1799
1815
1274
456
753
1190
310
1965
200
1244
2069
1519
2620
523
1942
1514
1343
997
572
1592
1729
1671
2374
2044
1370
2340
2192
2138
1843
1259
2456
2128
194
673
1304
912
1151
920
1747
2187
302
121
1548
184
1917
21
2427
1747
470
2334
2112
47
2242
2583
2437
1980
1121
2147
1096
306
566
1399
1254
200
715
738
1747
1429
293
185
332
1703
2465
1194
2679
2446
1327
936
435
690
2104
1327
1150
739
1273
1623
1905
878
707
1871
460
2455
137
1933
268
1921
1422
735
2040
1288
2007
1791
519
2331
2007
765
1748
1234
2117
116
956
1046
853
910
46
2356
792
211
2124
810
45
1686
2196
457
2227
2706
547
892
1731
2204
1458
2639
1376
1710
2326
237
1593
2065
1806
195
1728
2411
1709
531
2579
958
2026
706
1936
3
1414
2514
2326
2251
1020
1833
1286
2148
2286
556
22
607
1911
660
643
1192
2621
2405
2509
772
553
1698
550
1240
1614
242
2673
2486
76
1734
727
1106
248
2708
1738
967
135
886
552
1745
1287
2645
1183
1279
706
1943
1522
976
2659
113
2571
1876
1540
269
434
356
36
365
2475
2267
2801
2007
2139
1641
2189
711
358
2576
878
1248
2089
562
2511
447
2590
2012
901
2718
2230
1111
2059
1735
849
466
727
1318
1766
712
451
23
927
2361
1534
197
1032
2026
2267
1920
973
934
915
824
2141
260
1430
2163
321
427
1872
2163
595
423
280
850
1380
863
115
1612
1379
2350
1828
2553
1072
1698
2518
792
1984
1029
1300
1705
1182
2402
2540
1756
512
49
2919
60
351
479
1720
1565
2716
593
276
1890
2854
933
2169
2144
385
462
1376
1312
763
1836
1543
569
308
425
297
772
135
912
2074
2222
1214
2675
2352
2266
2709
998
1722
300
2836
2584
885
1311
193
848
2016
2016
2359
1967
845
1905
2849
2754
466
1103
1336
417
2919
1364
2166
2620
1137
1678
2667
187
1459
1733
2941
1320
1224
513
429
1812
2150
1358
1680
1301
835
2574
1138
1651
1337
2851
2339
2081
1388
1434
917
1679
2926
377
1394
2422
695
2922
1600
1140
109
2854
268
1524
3013
1067
792
1565
2337
490
2533
1609
1774
1737
1742
2503
1271
1826
1115
205
2678
995
2082
1525
1278
1332
2488
606
835
420
1744
1190
2646
2780
1338
659
2471
1098
2486
1271
1738
1955
1846
1316
1773
242
257
2526
1622
19
2229
365
1681
2832
136
680
1175
216
2331
2014
1996
1835
291
1138
2443
291
1191
411
1740
2182
976
1517
1451
2210
407
1918
1537
1703
1032
1372
765
1613
2424
17
1122
499
811
141
198
2145
630
2099
692
2095
1232
2284
3057
1007
546
1962
2297
952
2674
712
754
1069
2269
1000
1073
1354
2420
1983
751
2236
906
2157
2698
923
1058
2626
342
2959
927
1531
2033
385
2066
2882
1189
413
984
759
414
2486
2856
2660
2199
2514
1337
1147
1723
378
2800
124
1802
108
879
1015
493
1297
443
2561
1483
2579
1418
1669
775
223
1609
945
3029
1080
582
1225
1897
259
2606
2160
367
973
276
1759
2832
728
538
1044
3048
2673
463
3149
2427
52
1199
1273
2572
2592
1184
252
510
2635
153
1396
2647
504
1225
2082
544
60
2904
2411
1246
2616
437
188
2505
194
2751
1505
984
1572
1270
2473
88
1243
3072
2167
97
818
2950
1542
2497
212
1296
1500
404
945
1576
3008
1525
706
2530
793
2537
261
773
2105
2507
90
1502
933
263
3228
3260
1524
784
1449
279
823
2994
2605
1343
539
3247
1819
1111
2889
2048
2000
1296
650
614
1574
2188
704
794
1195
2226
2293
3291
287
3296
2184
253
1793
2975
2978
455
3251
2058
909
2074
574
3216
2483
17
271
991
3143
415
3128
988
1720
2280
1047
2449
3292
792
3282
3067
2242
826
2194
264
583
2950
1788
2971
9
672
3019
2691
2046
1721
2415
2414
2413
2041
1952
2206
1944
2645
1037
100
2273
2404
325
1300
3312
1742
1998
452
2141
1842
177
2540
3183
2985
2932
2999
744
673
2392
792
3345
3142
110
2655
1634
2846
1214
548
2381
1400
3316
1096
1460
2496
1689
350
625
1834
2104
2437
712
1131
1918
3226
1673
118
1805
1903
2224
2673
1834
711
1090
189
2267
1254
1543
3176
1433
2189
3065
1205
95
2371
1529
2601
2386
1790
3081
3387
939
109
2759
2871
2456
259
755
3211
1363
187
1717
1834
3377
2172
3335
1942
3052
1638
1208
2801
2514
3253
2442
859
288
2905
1244
2541
1416
3072
2243
1849
3375
2084
2163
1257
1823
716
161
1060
346
1779
748
400
1110
2196
2831
1556
2023
2895
899
2547
2088
2966
1874
1801
2310
1323
1495
693
2419
239
530
1084
2605
1512
747
1057
1108
601
634
3407
895
2511
1035
2566
2672
761
2019
1715
1391
1669
3435
561
2795
1948
1744
1635
90
1180
2962
780
60
1345
420
965
791
3249
461
549
2166
2627
3188
3201
2029
139
2354
1613
999
1078
313
1717
1137
1357
1326
2080
3004
1990
1449
3018
1122
2664
2129
3257
1897
50
3111
692
2611
1442
3085
2667
101
400
2704
3186
1041
1316
3295
1680
2243
981
2637
1248
2975
2782
2055
2707
1866
3156
2115
602
2480
2596
2398
1990
597
2281
2005
2353
2884
3243
370
372
1409
3191
1403
1369
773
75
3110
1690
925
2211
380
2261
3495
1751
1096
2198
101
1131
791
1719
783
464
2978
1959
2125
1906
2921
1789
679
2892
1971
216
1867
1308
3613
86
2099
658
3589
89
2436
3368
535
2807
2732
742
3101
754
2989
3332
677
734
2856
2874
1434
49
834
1811
2094
2772
3399
1868
664
1217
1218
3025
1248
1667
3038
3435
1265
1998
520
3133
904
1173
2482
2148
516
1398
866
1271
937
2416
1533
1581
970
1338
1333
1863
3086
3288
3496
2591
647
501
1414
3583
2729
1487
1950
2557
1790
2505
442
2044
2405
1870
1918
1384
2365
1718
1141
1823
2494
2241
1500
2303
970
2058
3181
3309
2704
2482
3042
484
925
2208
2999
660
116
1471
1668
1719
62
3466
288
348
369
2715
3427
2214
2382
2258
2741
705
2265
3530
304
3367
1111
2497
2051
2314
3591
1199
2901
589
2223
1842
3638
1277
920
1823
1950
712
1616
2626
3196
203
524
2211
1457
1513
292
161
2322
1653
707
1208
3294
1785
3222
1400
973
3314
703
554
586
625
514
3095
1122
2186
3102
2313
1854
802
39
2241
2621
3105
3377
3241
1756
3225
3649
3238
781
3364
857
2297
3540
1555
1271
3471
3213
2055
2158
3726
1644
2400
2287
1186
1819
3071
1819
1521
280
3680
3805
2318
2388
609
2353
2491
1625
3050
774
324
980
2915
1048
731
1232
898
2302
1989
442
880
62
3549
1963
74
2275
223
2753
218
358
564
1374
2683
2749
3223
527
147
1174
2564
787
1039
3260
303
1641
1747
2313
3198
3377
1607
3852
3683
2420
3308
2800
3746
3763
2649
481
240
3125
3365
856
1810
518
1335
2092
1467
3680
2637
300
325
1698
3530
333
3848
748
2861
142
609
2828
2130
1367
1705
3844
2394
2657
3652
2133
3225
2869
2792
598
1124
3288
1785
2519
1215
1440
2006
590
2701
1526
846
3742
3325
1789
3367
2747
3409
108
2336
3219
259
3044
2671
2793
507
411
3055
2084
3363
3064
1784
2532
3914
1914
2884
2173
1397
2869
2189
2306
1792
2619
3160
2544
1059
3618
1517
616
898
1583
2404
456
3548
634
2930
139
3034
2449
270
960
1879
1630
2716
31
3536
3472
2141
3061
3589
61
1619
3547
2268
707
778
3026
2405
1181
3264
1218
3894
3205
7
2974
386
1339
1803
3530
2262
316
1375
3026
1658
3267
1037
3656
3481
3457
1235
3165
2091
3935
3185
3808
3081
3136
2796
1486
334
3187
3935
585
1838
553
1593
282
3285
3299
3577
846
1207
3790
2164
3104
1776
2688
905
3294
949
203
738
3051
2611
1130
2244
2404
739
1541
1073
1628
2358
1563
1093
2094
674
3386
2498
2170
1243
2529
1570
728
1702
2149
1427
3408
2544
2808
2393
705
674
3501
1550
1415
1378
2924
2011
2988
1697
2665
2153
1038
1951
3101
1812
2847
2160
600
392
3672
424
262
123
815
1059
1093
2467
2766
2907
2121
1870
1873
3182
2016
1422
471
1559
582
2069
2042
1400
2432
1602
1054
2818
3581
3009
1278
2848
3392
2121
627
2355
1654
3319
1676
3130
729
1514
2004
154
621
3157
815
571
724
1475
3489
1979
594
169
2485
2376
3342
1021
1523
2375
2330
1921
3386
3684
2604
527
124
2660
667
2188
3765
2351
356
1292
3852
1720
3113
3565
3002
3459
469
2436
3124
