321
0
1
2
2
0
1
0
6
0
4
2
1
12
6
6
7
7
5
0
15
17
13
5
11
9
9
9
13
16
11
5
12
27
5
31
0
25
9
17
17
16
33
0
28
14
39
42
31
41
27
17
8
18
2
5
26
3
42
7
28
28
5
46
8
11
20
62
4
40
47
42
5
34
7
39
39
24
33
47
78
21
72
65
40
80
67
50
17
22
76
76
70
25
79
7
90
20
33
33
8
0
55
36
55
100
93
67
85
24
48
85
84
44
30
49
60
96
54
27
47
36
85
112
91
61
52
91
100
125
61
66
0
117
19
51
25
108
21
113
122
7
55
58
34
105
62
25
43
9
31
133
76
137
93
41
112
145
24
48
37
114
56
46
30
103
140
109
33
72
141
75
42
12
89
134
102
45
53
103
13
155
46
158
121
131
77
133
52
126
182
4
157
85
158
162
160
131
24
36
10
64
85
46
130
1
76
195
50
116
191
207
126
45
112
185
100
33
61
163
3
16
59
27
77
192
64
206
17
147
138
121
89
184
15
75
152
29
210
164
86
4
198
230
203
23
209
19
143
138
104
199
26
127
143
1
52
157
251
48
193
57
137
13
144
262
261
66
266
78
74
22
208
25
193
49
123
103
87
164
42
244
237
265
131
236
276
206
210
182
167
122
200
291
63
20
214
31
158
162
224
149
187
290
178
74
72
257
266
209
183
238
163
286
58
296
120
273
294
67
103
193
