1199
0
1
0
0
2
5
2
0
7
4
2
3
6
9
6
1
8
16
6
0
12
8
13
23
23
4
25
12
14
18
20
7
24
3
26
9
26
13
20
38
19
38
24
22
38
21
20
40
36
38
41
38
2
30
14
34
35
30
5
1
8
60
11
11
62
58
23
32
28
57
53
70
8
69
51
13
40
46
36
9
29
35
73
12
1
31
30
9
79
30
87
73
44
19
68
58
48
43
58
4
25
44
76
98
104
101
54
3
32
3
0
38
38
33
66
40
57
102
86
98
28
110
15
29
17
51
97
85
75
7
124
122
129
2
50
89
61
5
80
60
46
91
11
94
129
138
48
4
140
92
99
47
61
52
6
8
71
151
35
122
153
38
50
103
6
83
18
60
121
10
48
24
114
38
69
129
128
69
119
83
138
175
142
143
142
56
78
74
171
185
41
11
168
40
80
36
76
42
168
178
36
86
33
16
81
65
120
16
78
47
202
50
17
67
195
19
73
172
27
143
42
14
77
71
81
189
33
88
132
156
45
163
226
77
173
95
189
110
133
202
202
220
155
152
170
126
98
25
185
81
140
147
191
5
16
239
27
206
42
188
229
235
25
71
253
232
144
129
101
149
49
239
45
62
36
221
171
207
176
107
103
213
244
11
159
27
159
161
50
16
22
166
6
93
54
118
274
36
121
262
12
202
261
303
219
240
79
277
129
185
92
96
92
256
80
98
23
13
146
191
96
263
244
24
318
221
113
169
15
307
92
27
26
71
284
26
113
133
150
108
53
90
45
73
5
25
135
293
257
326
86
328
94
174
349
205
7
208
290
335
219
159
170
347
353
162
365
337
35
201
253
315
56
327
97
76
254
55
153
50
223
71
171
189
162
268
264
77
104
246
47
184
338
142
361
194
162
156
1
243
394
246
227
65
330
327
214
187
213
222
386
395
371
162
68
317
236
267
318
289
248
269
106
189
186
245
13
348
139
305
326
241
214
47
233
18
331
334
333
197
192
106
96
99
255
365
390
39
418
181
160
420
387
196
421
76
345
47
21
290
187
341
153
249
91
237
74
458
236
280
39
83
372
402
387
190
426
97
249
382
186
138
443
170
394
280
410
47
274
91
248
451
107
317
491
381
439
208
252
266
385
312
187
163
293
15
48
1
5
343
458
63
389
479
224
139
327
177
245
14
225
35
151
227
141
244
463
124
456
484
214
325
274
40
1
79
512
135
377
374
192
183
111
76
419
279
329
432
412
227
125
79
321
211
458
274
312
388
484
166
233
184
190
267
409
250
556
534
18
473
333
523
358
363
573
260
297
496
1
472
209
351
183
52
75
64
513
469
416
520
34
156
181
475
460
53
543
438
491
288
513
371
514
100
192
414
138
327
551
247
124
571
370
252
282
196
553
22
67
263
459
30
526
45
90
249
602
261
204
300
21
510
366
513
368
127
488
154
465
501
373
431
328
13
480
146
422
31
245
374
210
340
63
124
522
649
265
484
508
333
454
610
305
103
206
452
133
86
578
300
10
303
75
46
653
243
35
558
670
341
608
123
175
540
207
232
188
368
282
215
569
285
650
689
43
219
216
229
45
488
310
393
636
404
87
606
62
299
617
340
71
335
503
613
596
148
626
162
38
418
58
571
264
119
46
691
203
218
459
624
203
309
396
607
140
68
545
101
676
299
37
584
494
524
361
178
576
443
119
574
91
688
46
518
106
585
552
407
230
253
43
423
648
114
478
500
472
607
48
490
232
335
121
461
490
468
388
609
314
93
749
247
372
713
646
126
119
450
661
651
223
499
734
392
556
453
360
277
658
262
16
254
369
525
320
186
437
800
208
460
675
566
647
417
757
206
406
786
698
554
328
36
307
228
605
521
449
0
405
525
490
600
652
35
510
551
223
359
763
335
710
651
530
615
608
496
508
173
208
737
268
33
323
357
327
352
17
404
788
691
368
380
211
661
42
56
329
188
430
254
150
513
293
114
834
311
40
645
878
488
775
637
822
312
331
857
367
392
83
472
69
268
662
136
387
125
451
731
828
16
362
48
303
422
782
55
547
506
220
743
24
558
809
36
735
626
455
131
790
667
324
899
765
921
355
516
119
465
516
320
780
284
583
296
847
198
130
200
896
920
48
898
772
431
864
265
292
863
184
178
25
49
326
665
697
549
634
490
114
592
354
633
932
827
621
448
767
874
269
78
791
966
134
545
631
716
479
945
816
735
103
732
405
354
813
209
502
332
930
925
754
122
264
798
509
525
698
102
143
889
935
983
246
667
209
616
537
803
349
412
330
483
953
350
428
999
360
234
546
71
889
796
125
336
257
695
758
598
444
1009
839
675
637
788
897
87
259
5
339
7
622
1000
376
502
587
309
287
919
964
58
992
168
120
272
548
560
202
199
102
699
64
488
743
377
828
850
911
790
373
35
1058
53
974
630
317
92
592
177
747
874
730
961
916
301
727
1080
170
60
460
46
408
347
114
1041
174
625
186
35
887
917
723
123
1071
238
1021
342
122
218
145
622
344
1064
56
856
1036
982
466
679
739
243
22
851
445
650
708
56
789
133
154
723
164
255
191
10
130
627
920
633
62
790
900
606
628
730
189
450
40
89
322
306
340
86
18
12
453
1048
1016
518
703
661
162
573
289
236
1136
694
1153
163
567
318
298
450
30
810
694
350
176
417
645
864
696
563
827
707
1173
551
1000
698
646
34
275
87
973
67
884
1180
700
87
116
