1103
0
1
0
2
2
3
2
7
2
2
2
10
1
0
1
12
15
14
9
14
10
10
10
21
18
14
1
16
25
1
28
21
20
26
33
24
23
0
21
26
11
23
27
7
3
42
37
0
10
19
30
30
4
6
41
54
36
43
6
7
57
21
3
7
48
62
40
14
14
51
52
0
47
4
43
44
7
30
24
48
43
80
46
10
14
42
56
18
54
33
72
9
76
64
92
68
67
36
2
71
83
60
72
90
64
100
21
75
80
80
14
75
4
112
78
72
87
62
73
57
9
23
97
115
124
88
103
76
75
24
66
19
122
110
41
87
8
80
0
26
84
52
3
112
29
77
42
138
17
46
123
36
52
76
94
7
44
92
131
128
152
74
21
134
37
9
11
112
146
124
135
69
96
57
8
66
173
60
155
63
41
170
14
130
184
103
71
183
181
124
37
126
0
14
44
113
139
140
160
123
68
42
64
78
34
63
32
46
15
143
103
92
177
85
23
123
110
186
85
90
216
62
95
136
29
82
195
111
210
223
207
74
179
76
128
15
101
199
153
150
174
24
44
199
32
72
138
104
52
139
34
9
143
43
85
222
247
226
237
80
248
90
46
84
174
202
130
63
254
40
73
217
22
196
105
214
248
161
64
16
53
77
108
114
65
32
248
286
235
14
94
241
276
45
62
138
48
162
107
274
117
166
68
231
303
240
186
240
233
101
62
203
59
98
121
147
141
252
133
298
203
213
13
228
113
54
246
250
138
271
255
153
128
151
170
224
42
329
182
289
172
340
285
209
179
243
260
3
310
161
63
225
313
82
197
27
270
185
297
214
234
71
35
234
99
234
146
293
264
109
257
178
133
368
272
322
176
279
146
275
171
147
47
163
324
385
241
169
137
209
311
317
187
288
363
383
278
382
54
21
163
94
325
286
348
346
192
175
336
86
131
353
347
336
300
145
191
152
372
211
332
176
231
224
27
407
184
20
29
175
364
400
104
114
278
29
93
17
328
271
284
370
344
195
174
43
194
74
313
406
18
228
102
447
32
373
390
243
179
67
364
417
326
262
42
96
144
323
391
451
300
218
191
443
9
452
33
235
249
14
217
338
397
319
274
277
340
286
188
86
387
142
206
73
455
24
420
87
41
469
390
32
348
129
390
192
148
233
65
66
57
29
137
66
24
23
379
338
219
242
216
130
235
380
275
339
62
165
80
221
150
493
424
3
415
106
124
466
85
184
494
397
518
88
197
454
474
413
266
292
486
1
113
234
254
521
321
380
547
285
55
385
9
562
81
131
163
367
392
546
403
163
13
458
273
349
334
489
116
187
169
459
428
372
419
95
48
214
224
213
294
320
575
176
316
225
579
128
96
424
591
0
375
521
300
171
66
142
95
138
71
196
270
118
380
114
209
111
213
1
55
197
78
63
455
416
1
203
399
466
185
235
301
328
97
427
186
493
518
331
118
295
177
272
441
360
52
99
501
539
46
596
397
159
620
553
368
211
182
557
574
422
208
498
300
345
465
219
328
549
274
338
198
534
303
511
91
411
671
135
59
605
260
135
419
522
22
222
105
453
299
126
596
511
290
28
433
207
331
515
346
28
428
485
389
432
286
78
283
612
30
623
712
591
514
592
521
531
130
719
112
313
640
587
327
217
582
161
710
397
683
554
519
554
248
547
469
728
59
432
157
112
632
146
217
224
697
493
394
244
296
378
336
328
596
338
145
310
689
209
623
488
704
569
307
151
475
300
60
108
328
609
446
551
600
240
232
61
349
249
233
495
555
321
647
128
182
465
146
265
282
133
21
98
781
22
642
701
553
1
613
426
707
666
228
643
517
473
422
311
743
408
171
729
363
467
551
610
167
559
271
135
410
724
22
39
606
531
11
827
373
417
817
729
770
297
135
351
181
102
674
425
365
763
9
11
719
577
471
135
790
724
802
402
366
542
289
638
444
619
229
528
808
588
790
180
452
824
82
135
568
678
292
580
595
345
30
775
86
361
680
111
584
653
612
292
80
276
372
107
624
211
240
748
43
194
858
639
887
66
370
603
638
153
129
281
480
810
439
761
301
605
875
264
65
861
66
786
848
69
125
574
318
713
523
42
343
35
243
484
62
640
692
401
161
423
762
348
42
410
464
748
507
156
701
938
871
488
732
547
615
873
924
125
514
763
473
444
76
784
161
750
177
897
34
897
816
753
777
562
556
401
25
824
546
327
781
196
823
294
482
211
126
912
267
906
214
936
354
384
542
808
301
56
432
717
705
307
694
694
964
793
828
600
305
534
777
397
338
441
736
12
580
365
392
418
350
693
464
517
257
833
902
268
924
330
615
92
607
484
231
486
75
541
283
498
188
835
832
925
472
799
1020
801
564
53
797
976
864
329
890
1028
243
800
337
730
569
760
768
94
121
98
984
857
396
167
1060
767
1031
237
496
330
275
933
308
653
948
273
336
617
6
674
882
539
382
102
939
500
639
71
632
364
26
322
699
72
967
380
827
1080
111
412
14
