1794
0
1
0
0
0
0
1
5
4
7
7
5
12
3
1
9
6
16
6
9
16
2
2
17
6
4
0
16
5
27
11
20
2
11
16
11
31
33
18
13
39
11
4
31
11
29
16
9
32
1
37
29
11
41
4
31
31
19
6
59
20
29
40
34
11
39
30
12
22
46
14
71
56
64
66
11
76
50
14
37
52
48
46
60
6
8
62
15
24
86
22
1
34
72
65
91
46
93
83
9
42
61
22
93
39
66
7
43
86
47
77
12
65
86
110
79
14
16
50
99
49
64
31
18
71
34
75
63
43
111
24
66
96
93
13
79
35
30
15
14
3
65
124
78
27
98
141
81
77
70
24
1
4
69
73
99
90
42
67
47
32
158
138
41
17
33
24
107
73
39
132
169
38
156
12
155
73
170
124
106
61
79
162
83
0
124
127
171
93
54
13
138
100
164
112
180
81
113
153
99
150
23
36
130
190
201
197
115
131
2
167
23
158
29
67
57
81
123
139
210
197
193
195
112
68
74
0
58
192
151
128
86
15
14
172
79
205
190
128
119
165
183
168
98
24
177
121
65
20
172
25
153
20
102
213
1
101
20
90
75
187
60
244
124
124
180
251
235
91
229
132
182
201
19
115
249
75
38
165
133
216
202
21
103
25
172
155
254
47
206
194
60
168
13
272
29
296
266
157
27
99
165
67
289
287
149
185
180
125
180
50
132
305
22
127
292
159
300
295
230
43
204
114
48
11
96
258
10
214
175
155
33
117
77
131
198
145
228
199
325
47
111
62
343
275
249
293
324
327
109
156
345
174
282
300
7
263
9
28
330
214
36
177
171
9
342
141
151
308
318
341
82
243
243
248
132
375
232
322
139
5
216
343
375
353
52
233
325
338
115
43
381
231
95
385
128
62
74
172
275
36
35
73
270
80
375
219
61
302
300
194
74
190
341
17
385
255
41
307
347
192
165
330
404
230
30
367
245
279
65
368
314
33
186
42
97
383
298
140
385
170
378
398
300
63
100
240
310
83
389
84
140
265
49
132
174
75
120
429
108
253
121
41
317
436
42
285
63
66
355
341
297
234
432
17
105
218
350
296
118
399
167
187
132
403
129
22
171
465
85
376
139
335
293
332
395
318
435
60
389
456
178
238
115
0
379
79
198
10
460
464
418
494
287
417
103
484
3
308
171
372
146
301
129
331
330
372
20
298
163
68
526
514
197
375
105
525
157
498
210
250
386
525
536
108
17
195
482
406
7
548
190
361
330
527
455
486
8
288
184
311
437
214
538
210
373
46
338
186
396
244
525
330
416
24
122
532
557
15
315
422
57
466
317
449
277
166
323
539
266
420
519
188
566
242
366
224
466
167
143
73
33
245
535
234
269
453
103
172
133
367
528
315
431
246
327
156
617
60
183
271
74
466
130
366
114
210
100
58
345
159
110
617
601
442
268
218
619
156
384
304
571
212
153
534
246
518
140
447
555
79
226
333
356
491
200
415
309
463
90
594
520
661
321
424
572
490
429
188
643
55
515
229
96
499
352
165
19
222
21
598
155
277
341
73
15
517
25
221
492
606
267
415
223
554
311
369
210
217
41
225
522
155
498
29
694
615
623
213
698
249
104
545
469
102
194
576
194
543
166
12
622
283
456
241
270
423
248
703
82
412
324
380
0
9
172
418
565
322
657
439
724
555
71
124
11
236
579
611
600
469
62
584
651
455
71
430
579
429
469
80
43
344
379
316
719
556
18
256
290
502
367
306
213
178
378
409
273
190
379
116
457
248
385
246
299
733
398
286
724
128
573
477
691
55
69
690
654
80
163
118
268
137
211
614
251
326
415
292
753
688
487
118
299
528
751
732
337
573
285
57
212
29
648
404
601
112
306
108
288
391
734
472
543
436
563
458
559
777
656
374
622
545
265
163
2
370
617
583
312
578
726
65
249
780
214
201
299
7
426
719
519
398
710
744
366
485
778
705
162
485
652
453
26
258
727
565
371
329
141
808
72
169
167
183
470
219
184
49
149
668
465
608
423
79
472
774
24
182
56
20
662
832
387
312
780
704
464
71
441
386
653
714
99
594
43
487
556
144
125
9
394
603
508
763
89
293
86
66
525
648
242
695
243
277
285
810
487
581
109
929
272
786
553
218
190
483
866
363
733
403
581
244
755
264
454
800
203
804
575
510
461
7
71
110
726
491
931
92
605
801
892
945
643
441
191
943
642
94
28
494
811
139
480
225
745
466
303
924
834
434
115
130
42
488
519
976
672
118
124
502
966
468
635
991
60
291
977
663
885
643
950
509
420
598
407
351
136
860
976
546
501
20
338
522
297
74
386
222
811
995
696
999
765
244
277
253
585
887
238
417
339
332
503
73
625
271
721
788
1048
450
976
178
293
709
157
782
799
214
853
818
701
203
520
443
994
109
143
547
269
44
822
773
357
143
995
126
795
656
414
757
951
760
539
600
893
464
403
728
980
851
386
197
597
922
1083
189
454
900
147
31
931
1071
634
952
516
791
767
161
504
988
102
897
1022
112
257
218
878
654
756
528
911
1018
136
76
428
612
920
985
296
502
11
386
284
526
281
592
132
68
725
887
179
309
714
32
360
848
606
968
509
608
896
380
591
1143
316
836
936
138
562
671
219
537
782
439
366
719
355
182
1099
508
239
934
1149
29
929
169
955
361
35
621
472
968
344
1021
10
824
323
755
993
715
542
863
710
317
433
1122
603
333
984
440
1112
342
324
323
512
526
427
1052
99
166
839
795
427
973
603
771
764
106
790
937
876
225
430
209
878
703
630
754
385
127
1033
345
652
176
937
390
816
573
584
722
1013
717
639
1150
993
1213
265
466
115
717
600
850
98
576
985
1088
864
448
419
219
963
705
180
590
1191
158
441
803
1060
1148
1193
112
108
1043
837
598
187
1134
610
486
894
377
882
200
885
897
327
336
1016
834
467
865
182
690
955
361
69
705
64
1056
678
728
388
1101
516
700
415
995
997
939
1127
939
1030
1120
586
669
1079
223
473
806
338
833
255
450
428
708
718
1230
501
503
314
789
552
1183
1180
311
1016
601
204
360
25
1294
23
169
1135
1154
550
845
391
520
1029
464
185
284
681
1230
698
909
939
405
1158
204
1259
1049
370
730
550
840
944
1081
568
292
932
531
850
1352
516
102
613
384
470
1199
917
1357
465
369
631
929
272
664
404
90
742
1368
912
787
1120
336
699
95
1118
216
1176
997
1404
1218
1017
712
1343
978
463
1255
1240
35
1392
630
233
378
1316
448
140
515
744
1184
1381
1100
376
1162
732
930
780
59
821
1341
1350
267
1330
283
554
332
484
1167
805
817
47
1104
1271
378
1024
1215
589
1368
303
783
887
252
792
558
815
960
383
426
656
724
150
229
1408
771
1459
1116
1095
842
155
221
1098
37
354
244
41
832
98
107
989
1181
586
105
610
149
614
851
549
1217
1213
291
1352
982
99
613
802
436
729
389
1231
471
380
1184
522
37
614
220
1158
1219
1013
695
871
1378
216
1402
248
1286
1439
976
939
1138
1325
262
626
1005
740
1153
1322
512
1004
1220
67
1095
1253
61
737
1342
653
811
1214
877
1384
1485
902
181
1207
1212
521
1382
243
1442
1000
674
1233
5
592
1288
55
618
1158
1061
119
1329
801
676
565
218
432
1256
496
1120
1569
478
669
1369
1259
1433
383
1419
965
1000
1259
606
848
1356
1219
1292
1049
26
746
182
953
1570
485
458
1131
1196
62
718
190
158
333
1087
1384
600
1020
1543
4
211
568
754
941
281
892
364
1168
845
179
200
838
1282
495
696
811
895
296
1252
1185
1319
1247
948
1407
1276
1298
1517
794
712
449
1231
547
921
1641
136
1103
1276
1258
153
1234
1261
779
578
1149
994
1013
1335
457
707
482
317
1345
1457
1328
1539
267
975
1618
1520
39
895
1232
758
1047
784
589
340
813
1590
15
887
1680
1546
1433
1592
1632
494
812
618
789
311
684
1415
1197
184
1099
12
903
258
1092
924
744
506
1527
1346
473
474
942
735
1415
1276
344
590
166
890
620
521
782
1631
1514
771
177
1420
344
5
1667
1254
692
869
205
1303
1634
662
1251
351
1425
1272
1007
1215
1179
1190
619
342
1229
856
554
767
610
923
1704
260
12
1495
1109
1599
1641
939
582
1047
1301
1002
1127
1561
46
618
882
506
1738
353
223
1664
1118
1611
1147
919
121
608
1614
1043
1702
880
1284
376
1495
172
703
1652
944
787
755
1781
1018
