2730
0
1
2
3
1
3
4
2
3
8
5
8
0
10
7
5
7
15
5
5
9
3
8
8
15
15
10
8
10
7
28
22
8
13
21
1
30
14
1
14
24
36
5
42
15
1
24
43
33
43
7
4
45
43
22
12
51
51
49
31
5
50
26
45
19
37
59
5
21
21
4
59
19
48
14
70
7
27
11
50
33
39
36
36
36
72
59
81
7
87
5
39
50
60
81
53
74
81
37
45
66
45
77
57
57
78
66
47
38
14
97
43
83
78
27
25
75
36
58
96
117
111
93
69
73
124
90
78
0
23
8
127
58
16
112
96
86
77
14
81
28
130
37
69
81
143
59
27
8
10
119
96
118
23
40
71
19
145
17
24
82
106
63
162
27
146
14
33
87
92
65
68
20
93
159
128
124
155
112
59
119
101
179
26
80
160
144
51
101
31
167
116
183
72
102
130
11
7
144
19
99
59
44
149
41
132
110
60
183
72
155
112
122
27
149
172
46
18
127
93
24
221
144
161
139
204
149
172
15
178
30
198
121
232
180
3
200
66
46
57
148
234
184
110
149
212
133
88
22
30
115
71
111
115
253
95
162
211
214
75
14
14
248
10
199
66
137
222
234
194
206
136
200
87
254
233
8
27
266
253
83
266
229
27
16
187
244
46
179
11
94
191
2
51
279
224
203
32
93
230
196
34
1
168
125
70
136
26
121
93
200
195
171
156
81
28
65
192
177
271
123
274
70
44
196
228
18
215
54
50
308
316
156
262
89
169
303
286
26
256
231
186
158
171
184
148
338
238
144
93
93
193
244
3
238
138
132
307
351
103
351
224
214
214
160
255
231
188
114
17
351
183
194
228
23
172
294
40
88
277
229
36
375
260
177
83
265
58
221
244
353
57
78
21
373
147
200
265
170
272
241
361
361
292
260
216
205
406
93
88
81
378
31
241
40
88
167
156
127
3
281
341
127
123
376
234
144
208
39
87
235
5
374
125
275
129
12
5
12
281
366
327
342
440
96
406
244
446
197
408
39
97
324
140
49
271
405
77
90
403
134
420
238
107
124
204
17
444
337
121
304
126
418
135
83
11
400
201
207
405
408
464
34
373
244
321
424
332
213
286
37
194
101
48
396
434
69
342
199
48
286
204
451
451
467
7
143
280
502
364
356
445
54
318
512
410
186
471
291
459
219
4
326
19
150
383
505
107
161
382
92
98
92
517
289
331
418
365
447
45
205
186
440
182
356
292
141
388
409
420
325
483
77
222
522
14
483
301
345
421
121
266
300
548
398
471
118
147
175
567
434
408
568
259
485
449
451
346
370
119
126
393
249
123
542
306
527
153
550
205
134
432
332
532
220
140
404
244
229
68
409
205
29
205
223
143
361
60
132
340
444
224
307
142
595
246
18
424
339
182
502
124
40
13
47
502
363
281
76
14
346
279
243
615
328
322
353
33
287
522
122
72
588
353
257
45
522
513
532
67
342
516
247
125
417
235
93
220
146
124
590
32
311
443
272
615
207
317
610
636
302
520
517
205
570
424
129
87
111
30
400
652
132
404
348
494
130
426
317
126
575
351
291
579
550
617
260
202
527
97
668
560
27
280
498
306
397
317
452
435
380
348
137
510
17
24
472
629
90
698
414
645
248
652
60
421
254
55
684
300
204
150
433
291
145
152
410
95
223
94
448
376
498
115
208
8
624
438
167
363
109
715
474
21
603
654
203
356
133
151
575
4
381
316
735
420
690
107
379
302
666
25
98
466
361
115
590
115
759
585
624
674
93
750
718
640
560
534
183
555
534
272
694
445
268
276
642
566
155
430
556
344
668
333
671
233
416
77
57
494
329
441
409
735
231
658
172
371
587
795
18
320
357
514
671
663
60
273
150
95
268
323
114
277
545
438
247
223
253
592
475
83
699
303
334
781
576
87
843
115
159
840
836
358
501
438
85
706
563
647
437
161
183
328
145
730
241
865
596
119
721
868
138
224
636
202
775
44
181
350
299
840
422
12
565
286
48
875
840
884
624
111
678
139
883
480
717
148
171
181
578
386
135
154
92
880
698
122
196
576
89
310
743
663
203
76
535
766
853
441
80
746
606
904
318
850
98
40
651
329
247
690
704
332
408
736
155
90
754
359
890
117
626
335
159
592
400
862
134
938
34
616
651
771
803
158
263
134
4
194
253
3
395
320
924
540
94
264
440
704
499
102
205
308
200
41
558
201
690
805
883
435
336
577
529
27
286
69
524
570
596
108
400
413
970
611
47
837
147
657
366
459
787
802
96
752
534
164
935
992
306
201
742
824
746
722
66
545
963
801
742
900
119
361
994
686
204
864
1021
239
896
292
381
643
724
23
711
634
942
193
60
601
966
834
511
490
132
789
981
530
1038
911
6
552
68
598
500
192
952
198
843
404
755
111
170
238
566
541
517
44
302
495
585
756
790
1025
749
260
154
1042
188
410
857
790
501
47
503
149
522
1071
547
310
710
786
378
196
553
1077
1084
241
741
918
596
974
930
162
352
13
692
397
99
807
87
989
615
82
228
94
498
228
1117
930
252
126
876
664
246
91
280
215
921
594
148
829
923
351
672
223
639
230
566
964
715
854
480
197
1032
972
477
411
504
6
967
835
1058
172
728
1125
728
466
620
838
554
576
780
1001
1001
81
173
511
832
572
398
1001
386
806
266
865
748
910
146
588
313
344
665
1100
1156
763
227
859
587
1131
1053
846
609
187
668
685
876
788
121
891
159
1028
363
624
237
1192
195
628
927
190
695
309
420
892
1104
291
155
51
578
843
956
125
645
188
80
808
314
466
1002
536
761
1024
97
21
1033
200
301
322
871
725
122
271
149
1168
628
80
761
182
894
1029
810
215
1122
216
594
733
832
958
1064
592
1100
1053
583
904
241
899
73
810
717
1150
277
644
888
722
1179
865
784
951
856
715
367
7
764
315
1111
12
631
821
201
809
399
1249
1237
692
298
546
237
1070
431
1100
551
347
186
705
954
950
254
699
634
878
213
429
654
12
912
1199
1173
1090
167
914
859
705
347
463
275
684
1310
880
403
1199
900
542
556
433
773
185
246
1219
1141
944
1033
567
1241
393
263
53
960
327
614
673
868
1123
635
859
738
1211
1339
869
1038
62
1309
649
506
259
1265
1
386
1360
123
685
860
1254
974
496
1094
1369
1211
427
495
939
1061
121
1330
485
633
73
142
1240
1271
576
557
203
492
1240
376
1126
418
1362
171
1051
1092
220
88
534
754
892
131
739
625
1363
1057
1222
969
155
361
508
1097
865
1341
17
1389
684
298
1104
932
360
373
881
1173
996
63
1378
1279
1121
670
237
1101
440
261
550
938
296
1022
416
614
1261
1072
960
872
507
629
246
799
1289
80
832
904
1438
670
226
74
1127
604
709
1021
727
1001
1395
741
582
366
378
1157
310
1037
466
1473
881
847
1114
656
1085
1063
251
1098
327
588
435
963
241
1043
524
1362
996
205
1224
298
1246
1133
1500
325
1444
1187
1264
998
938
443
1198
267
1238
353
1101
808
1489
440
21
1043
358
920
293
1139
1205
726
206
1014
401
396
211
1011
539
724
321
1022
1109
632
1317
1100
1539
125
930
1524
1309
900
1099
398
62
1073
452
422
471
331
1372
538
1107
1056
972
232
1000
1147
992
1264
864
34
1217
1408
1526
534
49
695
121
833
1557
1074
1484
390
288
792
1557
872
91
477
553
1011
1365
321
1197
1162
878
673
513
798
1302
292
1543
1114
1506
1281
1513
814
1280
747
48
1056
1436
1553
845
1265
1157
1266
460
1248
1449
574
1180
1300
359
1104
1117
1245
647
555
82
1180
833
142
1156
1127
647
213
140
1011
279
1369
121
122
802
203
16
1247
463
1332
1069
673
260
1416
753
507
60
306
1306
1374
436
283
469
1298
120
680
1289
287
996
713
322
943
1009
130
238
185
1251
737
723
1557
910
1103
1155
862
418
740
23
1292
1629
1263
1181
543
899
1518
1329
444
691
1097
304
5
1141
1570
328
1528
254
793
1537
339
905
1221
344
1280
1294
433
895
1564
620
1497
1022
846
1692
1542
504
184
1440
81
318
109
20
640
424
906
527
1545
352
478
104
1502
834
1330
670
1648
1422
1523
942
1553
1735
295
490
1206
598
1582
765
177
817
524
1720
166
45
1631
905
831
1525
1199
1275
1188
1352
1034
238
1548
1015
785
577
1117
1077
776
781
1057
1013
109
884
856
719
763
1471
725
139
496
987
1478
429
857
640
470
1607
367
1437
1606
1347
212
692
150
858
206
1021
813
989
1321
881
287
444
1304
1132
817
1178
1196
1477
111
247
590
946
458
310
506
73
345
1123
665
1625
332
1006
211
1033
328
1438
1489
1520
808
959
1718
1766
1814
1712
559
1456
1795
1350
250
424
1181
1571
431
1016
1626
0
84
1481
557
1372
464
1686
516
43
1129
1284
1323
1027
1849
1635
1380
890
443
1833
74
1590
787
1110
128
35
574
1225
1278
345
532
1697
670
1788
702
1546
507
1738
333
1755
1437
1592
17
1368
645
998
1790
1881
560
446
1754
235
1040
433
1131
471
1888
1378
512
687
1121
1268
454
1681
1618
625
925
1467
1273
1578
836
1507
897
1111
291
1520
1191
110
784
1102
1299
523
1616
1792
402
1125
711
915
868
482
1776
347
992
229
75
155
1277
287
266
881
1034
1358
1916
1301
428
360
916
815
1448
623
1070
168
257
50
1850
1528
406
1290
406
913
1399
835
1262
1367
1063
1447
667
720
1788
502
242
346
422
1672
980
1488
956
137
651
478
1115
25
1800
735
1955
1674
1327
1558
129
1113
1264
1898
1993
965
1193
1224
1299
33
1450
1032
871
959
634
214
61
700
65
49
1091
1116
1199
163
1588
1384
273
1040
927
91
302
1739
10
1993
1765
838
1818
536
65
440
293
998
339
475
1922
440
1123
45
1983
624
1112
1260
1477
1152
1961
1118
1758
1065
1765
502
2032
1438
598
641
1691
390
43
931
591
1437
1199
1219
169
1719
182
264
1984
1659
320
642
133
1650
403
322
57
1910
774
1206
775
1043
1916
1583
1963
1729
372
1492
441
1924
616
986
1977
115
214
1456
293
1674
1042
1344
33
264
1335
1614
1269
585
607
763
1211
1404
1455
77
1502
822
1968
678
1101
1566
1218
301
1973
700
356
485
450
26
1211
268
808
1822
967
859
447
1637
1284
789
1898
1273
772
881
1131
308
1902
230
1201
1791
1290
2143
2065
1669
525
317
1048
1149
1591
460
550
2115
703
1441
468
15
2039
375
1677
380
1353
2006
2161
1930
1045
133
657
701
1576
1138
1276
2117
1837
1430
1821
1476
1882
806
1093
211
1859
905
120
1773
1874
1600
911
1357
346
223
1247
908
649
184
1286
929
1309
792
2049
1336
849
1033
593
1936
971
735
1445
805
2046
902
2039
1650
222
484
681
2024
1201
345
1417
1313
2226
1308
467
1901
1984
733
1027
2189
619
1148
590
579
2040
103
403
1132
1427
1206
682
1423
1608
864
1466
1207
843
1365
867
964
1859
552
911
870
789
1624
1236
1928
2197
483
825
1442
1180
1757
562
192
1193
2253
703
650
1101
1421
1722
82
1533
569
1693
1236
1257
2109
855
1633
1457
1845
1479
1612
842
2157
1402
484
226
1364
2176
1733
1847
1678
1089
782
2027
1702
2256
1400
117
1481
130
254
627
2009
1525
1180
407
1068
1156
0
792
1974
1690
163
669
1562
751
65
940
1765
1654
1241
831
1650
971
2286
2028
534
124
1572
1756
506
474
1948
423
439
1539
1640
1347
345
276
464
2296
1015
1652
68
1862
976
152
159
419
981
1434
1201
603
299
1709
670
249
513
2019
622
1243
1767
1446
563
1948
555
2018
2193
857
639
32
1217
546
901
2313
522
27
2361
1272
1255
1163
1106
2140
1024
782
1572
1145
32
576
244
711
104
2114
958
1851
1891
1899
645
1193
888
689
136
1478
772
1044
1424
1804
297
615
643
398
2016
1665
343
2120
1151
2139
705
252
1651
1289
235
525
1216
356
1969
887
1908
322
1714
2121
352
2052
676
2247
1063
1194
196
1920
421
302
1279
1984
426
1124
135
2088
1652
469
1264
1439
1688
1344
1565
286
2113
1014
885
1604
335
1518
1479
1222
1122
1260
1386
1491
76
2129
1042
1953
163
976
576
554
1109
2164
396
2285
406
2273
292
976
77
957
1437
2469
1435
893
385
1620
203
2263
2128
1063
1404
1921
1834
2273
1555
1376
2359
722
2306
1262
116
2087
713
1447
1522
1854
2185
2002
2056
704
2356
1345
2084
2182
995
2494
2426
2189
368
2368
1651
634
1512
1172
2540
1054
234
1149
2507
1993
1018
1551
1957
383
559
2103
632
2328
1606
2431
1918
2033
1004
1256
471
874
280
173
1012
2470
695
153
1959
306
889
1120
842
2208
259
578
1877
1148
235
661
1736
1433
822
2248
1710
122
1611
1870
314
1828
1046
2161
861
1985
2182
767
173
1609
2126
949
995
2363
1280
2445
1050
632
1949
1090
2541
2144
2046
442
123
603
775
270
312
950
2358
1191
1223
1205
1552
410
2385
1472
2021
1346
1987
2549
2519
1007
2299
269
1895
104
598
416
2632
1714
997
1384
1026
1197
975
208
424
1820
834
1145
262
1552
366
624
2428
1144
1313
33
397
1195
211
1082
697
1941
177
470
1028
1264
95
2659
1445
2388
1266
249
539
1622
2267
2308
595
2603
2216
1462
908
2371
142
2508
889
138
725
988
1871
1783
718
450
2501
1053
1762
505
2178
985
385
2600
898
2354
1233
1485
742
573
475
2203
1079
1696
612
448
1879
2135
1474
1050
776
1349
2210
75
570
1416
206
1888
1194
2403
1651
