3970
0
1
1
3
2
1
3
3
4
4
7
1
4
13
4
15
14
9
15
0
19
8
9
10
8
20
25
13
23
5
5
26
16
23
21
33
18
4
5
27
38
41
34
20
32
10
42
11
40
29
47
17
29
26
1
46
35
7
34
28
46
2
14
42
15
23
63
18
13
46
16
59
49
56
3
67
16
1
9
46
65
58
63
46
17
68
20
57
56
33
53
10
45
4
51
49
95
0
18
10
61
83
72
89
100
52
2
53
20
52
73
89
21
15
93
106
108
112
40
68
91
19
59
116
30
39
104
15
109
72
21
22
68
133
9
127
129
97
25
11
96
63
13
27
108
113
87
33
99
38
71
93
100
122
41
49
108
66
123
68
26
142
58
128
8
54
90
29
143
17
99
68
51
80
105
4
64
4
86
72
7
69
59
158
68
64
90
6
106
160
138
145
178
45
106
187
119
93
29
1
162
127
8
24
38
159
30
20
59
190
179
1
30
151
167
214
137
85
21
169
41
107
76
117
202
89
17
156
157
81
20
93
58
190
205
99
123
228
146
156
209
92
119
98
182
149
126
46
225
105
147
28
185
139
57
112
86
218
3
53
13
82
54
176
182
154
251
73
109
140
171
154
127
249
74
235
44
100
135
260
154
37
114
58
126
153
242
3
54
77
79
248
261
82
285
50
22
121
12
279
132
59
206
193
115
251
193
210
168
172
5
282
42
250
209
87
92
174
37
172
279
236
113
60
255
64
29
284
15
10
21
164
262
196
323
302
152
147
193
273
182
193
143
255
13
276
293
272
151
106
142
237
98
343
17
26
226
207
210
253
314
103
224
56
250
155
186
306
136
353
358
91
112
238
102
244
316
102
2
372
218
109
246
197
331
98
165
320
167
51
259
13
166
237
268
119
292
152
7
382
377
375
9
268
264
318
199
351
285
334
78
271
229
0
125
117
344
375
397
368
408
277
73
180
193
207
420
154
359
231
93
417
260
152
348
5
130
427
103
418
368
48
159
81
235
132
276
188
345
312
384
405
80
423
324
250
376
129
47
428
74
88
246
76
335
69
211
340
61
165
107
148
113
358
67
159
112
91
323
122
166
322
292
152
38
87
392
208
19
245
247
165
468
183
57
365
32
212
279
459
8
145
466
430
55
346
213
495
189
405
500
143
141
421
406
98
54
503
268
373
41
449
66
382
230
489
421
198
169
413
25
62
9
483
375
366
243
28
288
371
41
263
494
379
173
182
520
0
478
471
42
457
28
427
279
401
466
226
452
214
444
455
392
531
115
527
379
358
279
27
401
427
33
258
569
383
213
532
267
97
484
347
139
45
97
153
228
444
181
587
379
222
7
279
112
44
373
595
326
93
198
371
132
437
177
54
67
218
261
543
313
366
63
252
467
272
326
313
433
454
423
352
210
28
404
183
22
372
381
157
411
172
233
578
124
27
87
231
347
588
486
119
518
221
265
342
188
202
626
216
538
172
234
315
487
562
347
241
526
175
257
563
54
138
476
89
14
660
163
426
346
566
437
221
612
420
668
523
1
443
429
389
388
448
420
420
28
207
351
277
285
117
145
374
297
358
691
239
631
348
352
372
315
54
127
509
383
126
696
658
418
20
154
160
28
28
393
535
19
547
482
609
425
459
677
116
340
419
130
132
159
100
712
381
98
430
733
601
284
260
737
6
681
371
529
493
726
264
514
226
652
223
480
225
605
488
513
350
268
222
335
755
331
643
142
647
313
125
651
523
103
732
525
257
104
66
470
695
53
126
743
6
404
178
235
186
500
136
362
327
667
313
7
593
467
397
224
347
341
420
678
145
23
20
550
404
427
553
347
105
70
24
326
479
711
172
777
690
509
416
514
605
113
642
713
793
805
118
531
534
633
546
450
393
702
463
354
465
331
486
275
143
242
641
613
334
89
237
603
305
672
739
229
296
43
796
228
600
831
531
638
56
215
823
104
74
438
618
116
416
49
19
709
765
375
37
311
27
790
486
352
768
334
173
730
137
449
668
389
539
169
323
249
81
467
163
686
538
287
163
119
78
1
247
363
352
302
160
190
874
508
118
238
458
302
342
871
431
271
724
540
352
723
754
269
386
415
550
337
606
762
240
246
798
582
490
508
132
441
559
264
831
850
301
867
281
567
902
737
342
297
259
635
134
525
536
360
320
837
769
702
625
324
632
365
622
900
781
742
454
156
857
287
754
675
507
610
665
764
250
662
762
440
721
567
581
451
289
221
845
218
499
197
541
474
248
442
836
265
167
55
937
67
566
100
985
785
289
131
877
1006
9
521
270
563
894
548
292
350
982
18
928
980
572
578
676
115
646
227
30
628
88
791
755
347
222
381
989
197
829
743
544
316
983
987
1030
516
203
816
421
101
726
125
535
478
1021
518
763
975
372
445
1054
344
384
950
278
362
498
318
824
162
401
128
792
936
445
7
464
370
143
728
754
514
794
1000
344
972
20
750
1054
885
833
494
742
380
23
271
181
488
825
1086
643
271
877
295
557
1100
762
586
294
49
762
317
691
1073
548
436
138
34
739
66
761
692
106
442
347
932
862
262
1017
209
575
328
404
1028
1119
279
642
294
706
360
744
949
972
398
342
488
454
1076
540
811
1097
66
986
980
1045
157
109
29
1108
712
1158
275
961
1018
965
1133
1001
573
552
684
509
709
234
989
998
1161
377
874
975
225
318
367
423
771
577
110
976
757
772
177
81
82
942
575
397
1168
884
1135
698
300
695
671
83
411
687
945
111
636
133
332
395
1040
692
88
1116
1102
706
934
1006
365
1197
750
102
70
816
1036
341
1070
109
850
851
763
482
904
13
478
146
260
487
934
668
240
715
901
971
578
616
80
1040
992
648
724
553
788
98
616
1013
641
660
602
312
950
66
49
949
1087
1166
655
167
36
1062
212
580
6
990
320
576
323
715
739
179
444
576
1211
976
683
341
939
285
362
443
324
184
626
281
323
918
956
454
977
346
124
941
866
2
1226
824
1184
615
28
229
1120
612
898
248
742
667
886
159
827
348
793
332
1287
611
346
407
1189
1126
1022
806
771
694
710
1171
769
1047
1073
869
1031
1128
1004
919
279
956
822
663
1172
466
826
272
550
761
838
637
1268
1074
52
1052
831
444
1048
180
784
1273
1251
512
5
57
89
1114
109
1150
1244
448
331
339
801
206
134
989
1020
993
1130
987
12
1042
900
1021
152
281
310
1108
197
998
651
972
780
996
1348
415
403
629
54
1234
1264
448
108
1331
993
987
86
847
390
241
22
910
723
225
495
356
1339
141
233
122
339
56
569
1150
490
1080
403
1297
27
768
215
736
62
600
746
698
623
280
542
145
676
1185
389
770
42
1432
586
961
473
1144
803
1443
1200
208
1098
397
211
211
558
355
1358
943
1372
1376
638
838
31
779
935
1052
404
214
117
1095
1028
1142
1134
950
1077
314
278
1258
1267
1206
560
152
1166
737
850
1069
609
273
595
176
59
659
1254
1164
674
697
938
52
169
333
1031
933
765
1381
638
303
702
969
1342
1012
175
713
312
891
389
1125
1391
750
53
1377
646
1309
1235
1226
567
809
498
1087
885
522
470
257
1424
898
709
923
352
1199
388
367
600
1269
1290
1296
998
565
1154
297
1006
183
170
255
774
1397
961
1295
1079
286
1013
1569
1051
1416
1233
61
1011
1510
1236
1212
127
1307
1029
1166
1419
1341
87
1415
327
71
686
526
742
615
700
580
159
1516
1371
744
1175
362
1315
1101
209
1229
987
669
368
330
1120
1239
1054
1366
248
125
78
828
1522
352
1523
1479
1156
193
1373
686
889
946
949
1279
994
1332
1085
269
673
866
322
353
1344
1042
1302
332
143
112
1061
176
548
1427
938
1171
1280
283
425
207
269
1057
64
421
1522
618
1161
553
126
966
911
775
383
1314
953
1277
658
386
169
1054
1222
894
0
1253
1390
1024
775
769
739
653
245
119
688
1357
1276
1370
302
1116
1345
622
171
1194
1681
1016
127
1278
1608
624
197
1059
733
312
1666
1338
593
1230
1251
336
1560
758
1083
962
1472
1181
1183
1046
928
1407
288
1214
31
946
194
62
1385
1
676
569
1029
158
1377
270
1588
184
665
1283
675
1106
581
313
708
1698
53
1376
1619
435
955
41
539
1459
1478
1277
1677
434
285
67
743
1217
272
1641
395
1443
914
650
452
344
95
284
616
601
1463
602
888
6
642
440
1329
544
769
930
259
1239
197
1574
506
812
532
1476
707
856
55
116
949
1528
574
969
1737
1071
701
1106
703
908
1675
392
1603
144
567
1721
1039
184
1091
759
331
33
1000
968
1437
767
1710
729
1349
1735
855
338
706
1712
563
256
795
1013
45
688
622
321
1056
63
846
98
1297
1421
7
340
636
437
1245
563
932
1355
876
872
1836
338
983
652
1338
1106
631
299
1467
409
1857
435
473
316
265
898
11
1816
191
1068
990
890
953
510
938
160
1188
1596
309
1305
758
280
1825
1284
995
937
1255
1283
1475
1713
1494
1868
804
408
281
384
556
142
736
1350
833
316
1362
15
1361
352
792
1681
683
293
313
1592
495
1012
465
376
327
541
1218
1357
96
1399
304
1732
1802
1508
60
1129
1889
1194
108
221
1290
708
1624
677
1599
446
682
1057
631
724
1820
1003
1301
1531
935
868
1274
521
707
259
921
1228
552
1534
491
1167
551
1608
661
1216
1861
885
355
1027
167
1590
1691
342
1087
144
398
1675
1442
1035
551
890
682
1014
708
1740
429
1910
1165
1760
1388
1179
1677
25
1972
273
1882
1566
1952
1550
1944
1066
1898
1250
289
1950
1941
1340
541
1881
1831
1660
851
359
655
453
1242
1382
370
1066
962
1335
339
1783
515
1139
1691
1344
1014
500
1021
1915
289
39
1522
538
200
1645
100
796
346
1687
1599
1167
906
244
258
970
157
1879
398
1919
1743
346
842
770
456
884
1492
866
1485
1960
2022
775
255
1868
1367
395
1276
663
1188
141
143
1307
55
1898
1852
1196
115
321
370
1663
860
1542
1164
704
215
854
1300
2052
262
1640
1772
332
465
22
11
776
2025
145
2007
112
707
1991
1565
1575
87
1805
552
1867
668
1924
430
831
437
1839
221
2073
1696
170
1566
2036
466
1032
88
1779
792
543
1135
507
1434
541
188
1597
302
530
2003
1034
1435
904
2098
630
1194
126
1550
1814
762
1954
2144
1565
1248
241
573
467
412
810
1191
1861
326
865
1811
1942
345
1969
844
2121
919
1437
1326
1333
14
1615
1762
1956
867
1492
1052
2052
2129
603
666
2005
1881
529
1535
2129
463
95
919
1090
459
1530
1196
1624
1278
1677
72
1628
84
1714
1334
1718
1110
1754
1736
677
1660
2112
463
874
1706
1100
476
192
602
854
1935
1510
943
379
1652
1591
275
1074
1696
1921
10
102
1194
839
695
1255
1380
1615
802
794
1652
1653
1776
878
1397
1958
52
855
427
1586
1303
1221
1723
1459
1103
391
230
751
641
1859
1924
161
741
1039
1403
1329
244
852
692
848
768
981
2220
905
2120
1879
48
794
2198
2091
1053
275
828
759
1251
1830
579
1668
657
2210
409
1716
1447
697
1801
530
1271
282
2059
1833
1803
2255
896
1368
382
711
317
2110
1915
37
2047
1906
909
1076
1157
1698
712
1257
2006
2244
1319
824
1724
1506
422
1704
2209
695
1728
726
692
2048
2112
1998
519
459
516
2021
371
7
1605
360
1683
975
1538
2156
25
825
795
188
1439
2065
1510
422
1367
823
1686
494
504
1515
1980
2125
151
1034
352
1595
1152
1544
408
1243
817
1532
1964
1730
1284
1273
1901
195
424
1668
800
1133
443
596
940
475
905
1414
2043
1131
328
2041
87
572
24
1681
2174
1737
1999
2366
699
1103
820
1570
1695
1939
1050
1870
805
1449
1202
2273
395
70
1414
2092
2219
571
2061
1162
1988
1360
2240
1238
836
2334
1659
2372
263
1469
1372
2020
2185
227
1863
2000
96
2363
1238
2256
2110
1155
407
134
1772
294
1323
335
939
35
2101
2139
619
1980
66
1117
705
475
852
1972
634
1713
1848
623
711
1638
1157
2014
58
890
1013
876
100
1968
85
2423
1413
477
606
1785
534
1509
2452
2337
823
655
1
1049
1223
2224
81
1127
933
740
956
1959
543
1788
19
236
2199
1233
2392
850
1729
1956
31
2166
730
1844
2253
881
1420
787
2269
708
803
921
303
1209
1909
292
1648
83
1543
494
1089
1834
1347
1862
1266
179
35
1887
324
888
1655
1587
1529
594
1340
2065
1103
698
774
1700
2501
1727
1724
2091
2460
677
2489
471
290
37
2125
1231
1277
1430
2408
1343
373
886
1091
1220
898
1716
77
1946
61
2309
355
1599
1384
1522
336
897
674
3
1007
2435
2511
1356
1088
1917
1330
2088
1503
2376
2292
652
2043
943
1482
521
2085
1409
1370
1782
621
1916
2057
1919
1505
1011
2595
1845
1224
1077
230
594
2045
1187
1805
94
1393
2550
306
74
753
1000
1804
2151
1541
1054
1261
1286
2528
724
609
184
743
1261
833
891
1567
1454
843
1280
2521
691
1819
2439
485
11
1650
537
1829
495
1317
1369
2562
1615
541
2313
13
305
1271
746
1923
2463
1065
725
1242
1061
2625
2138
591
113
1156
1770
372
126
960
2283
1444
2345
1627
2610
1749
2003
2664
2212
212
2117
2493
2443
776
1110
1933
302
297
65
506
1227
2132
2289
2684
622
1037
1395
1283
205
537
2475
2649
112
206
687
660
2072
1623
2170
1312
2121
2479
1515
1302
1027
1641
1027
1179
830
1128
1467
1706
1267
2223
1532
2034
1338
1462
2076
1864
23
1729
212
1793
1868
2536
1132
2075
381
2539
1133
1467
446
2247
1712
1955
495
267
1236
1877
482
14
332
1221
1436
566
1726
1649
1598
1981
781
251
631
1739
1056
2018
1585
2695
2273
2192
1555
915
2435
2471
2753
209
1124
2458
2669
969
1199
1625
987
2170
2708
718
1720
763
1359
1232
212
1554
661
218
783
1595
727
258
1902
59
2572
2504
1751
411
252
2155
1702
2605
2191
2028
1495
1646
2790
1513
2472
2643
2355
1635
193
721
1012
1639
417
1547
444
1873
804
596
265
438
1628
784
383
1927
2170
243
2680
176
2299
2019
1690
693
1979
1423
708
1050
1789
1812
201
847
256
178
788
664
1704
2074
2242
1297
497
2565
2195
311
1847
1553
1161
580
994
1559
1447
2586
1339
710
1036
1449
272
1118
1349
50
14
2689
183
1481
799
1948
2067
1430
2244
2148
2071
653
194
2010
2080
1578
1446
1399
1738
791
1005
2376
994
650
971
1279
1949
2219
2550
2491
166
86
1100
1337
2908
2306
1878
519
177
2401
196
810
2324
2254
1099
2475
1780
2862
1106
644
291
2162
2892
1122
700
592
1725
975
933
1519
2488
2302
1086
2505
820
2522
920
240
2375
359
2403
2436
297
502
2152
134
2242
2146
315
2260
721
2431
2323
755
872
1979
785
1877
2407
765
1133
1167
942
2813
2153
754
550
2773
2956
129
1212
522
2036
872
1946
1933
1404
2160
803
1462
1002
1919
97
115
1450
2767
2255
1069
326
2909
610
2043
1412
1944
2870
2449
151
521
1980
2355
662
2382
1743
2322
2228
1171
1041
2426
2846
3004
8
831
2320
1426
2208
4
1432
2992
2014
1033
1329
1177
2670
2895
2330
2090
607
2218
1197
1538
231
2852
2520
311
1747
390
1007
568
2675
64
1352
2416
1007
2450
1437
2661
1155
300
2222
313
1565
2104
1616
2829
1602
3057
2151
1254
1640
2527
1258
944
652
207
1393
2719
1974
2648
946
2862
998
490
1841
1416
2991
1869
462
1841
245
587
1851
2596
2458
1816
923
886
1781
2358
180
582
1276
1701
2682
2670
935
2587
3042
1416
1379
2749
579
2152
1058
3017
1889
777
1301
879
2809
1096
1508
3008
1327
2192
1630
2732
2032
3016
853
1411
1672
2671
163
342
2461
1723
720
1783
1194
2489
2441
2675
2541
2408
1834
1543
2137
1423
151
2328
788
1273
2219
2430
1210
435
2950
2900
2081
2982
1862
2106
2867
2298
351
2651
2875
918
168
502
457
2324
1648
1487
2157
2077
2563
1684
767
3006
903
1833
398
354
1221
1429
2205
3063
2108
1195
181
2607
2361
1420
1230
13
36
67
141
75
1396
869
63
1609
980
154
1129
1288
2093
1198
589
954
1376
166
2864
2794
2718
74
2471
1268
3004
385
1968
663
987
2813
823
2801
2961
3204
642
1211
2774
2684
780
657
639
1187
1647
814
2467
1086
731
1146
1919
2334
477
2756
1278
1863
1480
1272
2071
2360
3123
1040
2396
906
1480
1165
701
944
2151
2621
2930
53
305
2353
2756
259
1094
2373
3255
1244
2287
2785
406
731
124
242
2226
2649
2976
629
1858
736
3032
1869
3126
932
192
65
360
2176
2118
1277
2275
1994
653
930
2856
3006
1763
1078
1045
58
1379
1016
571
2733
2764
1357
2818
2476
2496
2133
1380
1625
3257
2929
2521
17
3264
880
2589
2953
377
2853
816
1664
128
55
2630
167
2088
3171
360
685
1054
448
1761
259
2998
164
104
1308
2838
553
2548
1995
1950
2764
2094
2023
2774
2248
2292
563
1347
2477
2703
482
2955
31
2734
1677
2075
1807
2001
242
2944
998
1088
2020
1324
973
2662
1224
2404
2376
2437
1209
3045
1096
2888
3283
188
1715
497
438
1472
172
2726
2227
2924
1617
240
58
707
2578
1123
349
2114
376
1669
1138
2189
1298
2958
506
3370
264
216
2469
2364
2047
50
924
2257
1905
794
1976
2973
578
332
2975
2117
1535
2965
1191
1289
2952
626
2715
1187
1474
319
3429
2945
844
110
1402
262
431
1445
744
498
2261
1196
1419
294
1599
1031
1300
2501
2168
820
2373
2741
1460
25
1460
1479
3246
2314
3083
499
1866
1226
1897
1196
3134
2577
465
314
1239
605
759
1523
1090
56
462
745
2749
3448
2238
2024
865
1011
2374
317
3181
3399
2572
2219
1798
1129
733
2714
1215
750
759
903
3009
3147
263
165
1670
2498
2179
1096
2820
615
1822
3492
2550
1606
400
70
453
2560
2570
2012
2069
1406
172
731
1642
2422
73
2784
1858
2344
1372
1425
1089
2127
1876
1032
673
1876
1287
1787
2174
1621
1003
2366
114
503
3042
1000
2493
1352
1281
242
2924
2390
3505
3443
1060
3540
2786
2766
954
2629
2093
1638
1447
299
3369
2321
2956
1318
2775
690
1300
3195
305
2824
2423
2877
729
1640
3539
806
1454
2911
1082
137
820
1813
502
187
1783
1243
3048
523
1162
2110
2190
423
1798
1218
3546
3009
2617
1632
2905
1048
2819
1024
3569
257
915
2128
2833
3006
503
419
2257
545
1395
3555
2774
3095
686
2175
2117
1232
800
2654
1639
907
671
138
861
3003
2605
1062
305
94
16
2616
3039
1834
1870
3432
3245
2286
560
1535
398
1937
6
52
1694
2881
1515
819
186
2247
486
2153
1763
3469
2284
2777
2831
392
3165
2407
52
1813
449
407
3495
2038
1760
2458
3602
623
2438
1362
2324
1380
2825
1261
413
2928
2388
822
325
47
2079
751
1971
2469
1881
1760
832
3381
271
2147
2453
3682
3353
550
3644
2368
718
1160
348
154
3446
3324
946
327
3510
1368
1773
1990
1472
1328
216
622
128
1565
2929
3160
3710
14
2254
2227
3410
1250
2232
2928
1361
1563
131
2581
3307
1189
419
2189
1877
1150
1997
2670
3130
1803
2603
614
3369
2897
856
3292
422
3061
3577
2430
3636
1683
2466
3128
2211
2796
1326
1753
1454
1920
3166
1637
2932
1129
2801
1316
1836
982
2541
1765
3241
3125
680
3180
305
1146
3273
3418
77
1665
1863
1612
568
1295
3104
850
1396
842
1363
563
1627
1421
765
2528
3482
861
2294
360
2081
1286
234
1019
951
3491
3268
2228
1644
1617
1954
381
1031
268
2549
1054
2327
755
45
3012
2046
2495
3404
69
165
1512
3152
16
1079
2644
255
3814
1329
269
1115
858
1531
2847
2708
376
139
2680
955
3209
2581
2079
2028
428
777
302
1120
831
3291
3083
1261
3321
1368
1635
474
3020
1018
3802
2738
3518
1820
3628
1620
3759
2258
207
516
1728
1017
791
1323
518
2812
101
1753
3072
425
3520
1316
1205
2521
2099
2672
3767
1312
852
1503
3261
1659
1443
3389
974
2102
1570
1870
3880
1256
322
838
1324
996
2564
930
3413
1082
1182
1400
2326
2211
441
1812
1393
2826
1218
905
1151
531
1398
2108
959
1924
1120
2436
1099
3744
47
3699
3378
3928
3313
1269
415
2040
3777
1795
211
1341
758
3940
708
2489
2394
3821
369
2360
2712
2355
1533
2055
1670
3776
2285
2401
2511
3482
3760
3129
3731
1697
3836
