3875
0
1
1
3
0
4
5
7
1
4
8
8
9
8
7
11
15
0
12
18
10
17
12
11
2
1
22
3
9
21
28
28
24
8
0
35
10
8
25
2
13
30
30
11
20
42
12
36
26
38
41
9
2
37
49
53
48
51
23
1
46
50
9
43
5
22
33
24
1
1
62
27
13
55
40
56
7
20
71
9
13
71
50
65
18
61
29
84
82
23
65
12
36
74
84
23
84
8
72
87
68
91
27
0
86
5
39
73
42
6
76
108
55
21
54
74
17
20
97
24
11
21
53
56
19
19
88
97
41
7
110
110
10
57
24
67
118
2
5
112
93
6
14
76
52
133
96
120
30
72
52
121
117
55
108
90
24
150
144
103
16
49
3
111
84
82
156
59
89
101
31
89
100
127
2
122
14
112
69
84
66
126
113
120
146
10
13
65
110
184
40
139
170
27
172
109
142
94
188
80
88
102
155
46
180
122
151
36
171
118
2
168
173
138
185
140
104
77
165
17
126
123
151
13
53
204
165
49
30
185
68
163
127
135
2
209
207
86
212
236
125
27
74
67
189
106
68
21
87
14
4
74
138
23
10
43
209
182
9
226
138
146
112
115
246
32
35
257
25
203
84
241
191
84
10
98
26
118
211
212
201
171
276
165
122
269
120
135
12
95
236
167
189
94
51
280
248
73
175
82
255
43
91
100
287
268
217
106
10
158
204
112
222
80
98
9
263
1
282
256
173
23
125
315
40
231
248
26
270
18
215
221
197
32
209
228
264
21
270
268
239
284
44
33
72
311
215
82
192
87
318
54
160
65
96
83
10
353
311
130
94
334
190
269
183
19
73
256
275
325
62
263
299
51
136
63
242
238
275
232
377
235
56
330
207
94
278
29
246
193
131
391
199
378
251
270
58
355
27
363
92
233
258
80
246
261
164
74
359
318
250
380
176
33
96
123
119
362
284
132
370
102
227
305
372
98
72
348
282
178
5
98
335
340
177
101
141
385
250
123
199
41
80
441
168
95
57
201
419
252
248
100
312
298
435
352
377
26
27
115
78
427
434
247
434
206
409
452
182
152
91
9
433
343
466
463
395
342
326
436
77
335
16
141
20
204
236
37
391
51
354
488
416
454
459
41
268
187
195
84
426
34
121
156
402
227
446
266
230
197
121
61
81
9
185
332
207
388
35
239
104
409
158
294
421
459
287
56
122
452
58
265
274
479
111
261
459
452
301
239
221
40
146
450
358
22
244
484
466
158
525
374
524
41
99
13
252
116
213
244
257
456
301
404
187
184
171
42
101
334
488
413
308
285
285
549
286
282
137
477
555
197
380
218
550
498
435
2
526
31
120
78
429
123
31
8
363
593
153
557
474
105
229
404
140
241
206
230
591
404
227
532
361
94
387
212
490
414
402
112
317
106
365
277
67
43
293
369
242
532
555
190
277
246
123
437
133
91
444
131
23
575
29
583
373
135
38
523
142
429
416
327
115
494
581
169
307
199
34
203
369
257
229
171
200
32
550
550
182
381
578
638
211
455
27
216
432
660
379
295
246
558
194
195
161
307
549
154
654
158
245
339
534
374
256
254
528
275
545
617
19
531
144
470
151
79
19
183
478
346
304
536
142
221
313
408
706
497
715
137
638
160
276
120
452
711
491
542
160
492
68
213
214
38
346
235
650
250
471
394
227
198
555
39
112
404
575
91
467
435
573
341
5
391
357
614
85
409
615
507
466
337
655
551
678
730
491
414
246
506
584
199
703
104
326
179
544
243
245
575
130
276
6
94
64
576
482
369
380
712
167
742
65
424
387
437
629
214
230
494
548
23
423
537
628
658
54
652
626
346
9
424
251
230
30
597
624
190
245
666
385
435
63
29
233
527
683
449
347
183
217
283
242
447
12
832
444
243
138
178
255
337
437
711
75
196
786
488
437
351
473
703
648
421
18
834
300
544
170
130
324
807
218
517
755
383
541
512
227
290
831
78
574
341
275
795
353
572
484
57
493
731
429
607
714
876
461
356
178
299
802
877
422
288
828
397
565
792
497
58
778
648
345
767
824
126
397
392
679
698
11
599
521
679
625
15
95
174
232
876
590
161
464
352
218
841
895
497
30
108
10
381
741
584
804
189
18
891
826
822
588
734
386
83
846
934
184
448
565
523
655
945
10
788
216
493
417
487
572
243
813
362
751
637
902
495
710
208
144
601
950
722
593
856
108
619
207
522
752
175
501
976
110
667
96
976
134
651
356
102
86
915
176
771
442
703
539
372
394
297
252
792
388
946
350
790
135
97
569
531
184
103
614
38
164
450
245
88
931
631
407
598
627
79
428
424
1023
1017
493
373
65
342
726
358
925
172
615
71
564
933
565
554
254
781
931
467
881
350
551
357
317
279
369
122
567
201
84
572
790
233
767
893
944
410
139
364
247
1024
743
601
82
549
96
344
63
27
839
898
988
928
725
755
241
645
998
215
346
608
317
252
618
722
322
912
460
578
1036
333
915
0
354
540
646
451
257
743
938
415
706
1010
392
351
548
908
85
1108
945
825
337
980
55
618
1089
161
1073
66
486
1016
145
665
176
678
336
179
390
62
335
67
432
984
1001
713
900
979
1027
477
990
673
8
180
792
230
781
729
1064
1109
765
864
4
346
1128
710
137
421
251
1161
985
438
159
815
1114
798
855
895
1085
509
700
57
120
114
430
361
300
405
491
691
707
122
42
31
218
43
533
146
622
493
927
376
563
715
373
1024
437
1186
58
1121
954
868
147
1130
815
473
957
98
545
673
16
15
382
972
478
523
761
88
1013
488
956
7
655
897
913
990
437
164
786
319
453
331
940
312
670
419
1004
1045
255
330
1134
1226
987
713
663
391
707
408
497
1186
1102
1007
16
813
385
7
70
174
714
473
896
405
528
875
705
65
481
380
549
763
1099
2
67
849
312
1105
796
476
1098
585
28
778
641
696
35
1129
238
993
542
555
1055
1058
288
812
165
781
882
1023
788
577
209
225
946
101
22
1076
1077
413
1119
722
121
991
238
1159
122
411
832
27
708
1148
459
133
736
86
499
869
1234
1215
653
715
1087
959
648
761
441
720
898
1141
455
419
625
1281
1158
528
393
162
724
106
679
849
223
1351
170
285
482
569
127
331
1091
597
1009
484
664
1195
88
638
613
338
753
660
197
217
555
530
591
414
341
601
799
500
824
1129
762
1328
676
882
1042
19
260
962
593
208
487
42
815
980
1226
1181
651
1276
270
399
233
224
889
923
117
228
881
862
591
571
216
698
678
750
544
1284
963
577
422
1210
1268
316
898
1150
707
196
778
112
1062
1044
1384
968
964
1238
1250
610
22
275
1398
232
70
588
784
1376
702
1355
1120
307
1195
868
421
124
467
1308
1196
158
91
899
1461
1065
516
364
119
222
1232
1272
144
578
107
1073
1329
56
1381
798
29
132
752
450
1257
144
690
880
1108
1062
670
791
642
548
243
909
1164
971
366
1289
1116
241
205
1030
423
500
366
470
109
28
1275
741
944
1161
345
849
21
410
998
1063
1293
939
1039
451
625
1096
219
487
1370
111
927
46
362
418
879
56
1087
1039
1137
315
80
174
314
1315
684
1003
113
888
1463
737
190
1442
404
1144
284
1240
860
272
577
72
1394
1152
1335
23
1042
240
62
1162
219
326
132
785
864
797
704
1253
709
414
867
1508
1121
118
813
1090
1110
118
1055
298
1039
1110
373
444
622
1453
1540
488
1197
1371
669
1310
322
1464
1484
1032
1500
362
142
1558
61
1378
1098
498
361
599
1395
863
1044
54
512
1326
1059
577
862
1169
685
661
1177
62
1406
1507
779
1134
71
1358
348
81
184
1251
1365
376
1400
812
46
679
1351
486
695
1295
1468
1467
1091
113
735
665
713
1554
220
129
1004
973
1551
1417
763
151
1541
1142
85
832
312
1434
774
849
1059
1531
1229
1373
151
226
1458
571
1089
318
462
292
768
1207
1408
616
1461
995
550
1056
1545
811
1629
915
336
1227
445
275
1450
1526
1067
1029
1591
19
1205
1242
833
156
328
850
1294
1149
793
1453
310
361
1116
1255
52
905
1703
1238
1111
1387
839
367
1703
1
120
929
1549
48
302
1585
1196
1097
1486
1108
1394
1122
1606
1412
9
1162
354
552
1553
1281
950
534
212
1598
478
813
348
41
491
1457
1592
1460
714
1633
1100
502
703
1250
401
1500
27
1168
1071
1590
1009
1669
1753
308
987
1322
124
270
1742
1341
152
435
551
1033
1076
323
1550
753
303
605
329
191
1420
1050
1416
1133
410
92
1743
811
1081
328
325
1726
645
1715
1431
1661
1424
321
1004
1000
154
638
1801
477
344
1115
1338
89
1392
875
1355
989
1168
867
1034
300
305
1053
664
851
737
806
1303
1820
1684
1424
1141
1720
1689
545
981
1190
1245
510
1355
1280
1346
1104
171
189
1522
594
706
1172
1148
914
376
1717
1542
103
1098
35
769
1762
816
1
1529
1394
1085
1293
1381
1790
1575
1306
1684
859
1405
1608
983
290
1484
1131
931
1127
730
1803
1379
517
191
1777
875
1115
1839
723
40
379
1803
337
322
853
1263
1154
225
312
1148
27
341
1437
1237
1641
1324
1490
1499
716
1514
148
568
1464
710
902
188
710
322
1120
261
875
340
369
1138
1121
784
1125
586
447
1696
1535
999
1234
603
1341
565
92
1649
1759
1225
1568
465
435
1129
1457
1922
1492
1129
1653
1595
1690
1592
723
548
148
831
1140
1117
767
489
1794
135
1476
1694
1598
327
1734
1503
1968
1788
201
965
1090
857
1664
1828
1127
147
351
1976
401
1841
1554
524
93
1924
789
727
1626
989
762
1385
1249
536
1398
812
604
679
812
353
919
30
1776
776
1994
963
325
1844
623
1845
936
1111
1870
411
1615
981
399
1439
739
202
1351
372
1014
1540
1655
1965
1397
1202
894
241
1411
570
341
244
1077
909
234
1435
1452
478
476
297
1606
1039
646
1348
1221
1207
660
149
510
1249
1524
752
271
338
546
1296
474
988
833
1476
740
1360
545
833
566
367
1480
289
892
865
1341
1844
1873
1118
150
1528
28
1358
374
1633
342
1003
1216
163
1346
1392
907
593
1644
2009
23
342
442
1645
115
437
2070
1187
1532
255
1389
1018
1343
1223
329
433
146
781
1569
37
519
1965
1036
1123
1167
1752
2009
1538
1457
1591
1611
329
1786
401
373
784
56
737
2066
1146
1680
1872
3
987
1143
699
1207
504
5
1760
1898
1593
1206
720
2031
1887
1105
691
863
905
1656
2092
31
1671
215
1395
1
1730
2065
837
2155
2115
751
2169
651
550
2175
1624
1490
1003
634
1929
617
1633
1488
1113
527
1891
673
1831
797
693
1600
1521
1384
469
855
1615
2171
1987
1859
1762
994
1085
1661
356
1276
1769
698
1749
1258
1668
102
915
518
1268
1901
890
1453
543
110
731
1068
695
755
240
599
1362
1258
1271
1998
855
633
153
1206
118
1563
47
2214
690
450
1251
1687
1737
1068
1075
1811
1765
1666
764
71
199
690
753
1917
957
220
17
1683
1370
1291
982
1330
1077
916
1855
1991
2128
1669
1661
210
1543
339
1574
266
291
73
1328
2066
1696
1147
1128
623
516
2159
1312
1663
2073
800
901
1468
1818
1546
2200
435
2234
2185
1027
1910
1985
1713
890
542
920
662
666
378
1124
860
1656
658
773
52
1149
580
1333
1648
657
1287
919
1962
651
1843
1007
1317
1819
178
237
1664
976
194
1238
673
1066
1776
209
1490
1099
751
1203
1731
1886
2223
1768
1521
585
439
692
1954
2308
611
893
1850
1469
1566
2149
331
275
1706
1396
2259
1689
875
2111
117
1077
892
1661
1477
902
713
214
580
2223
1326
1641
1314
420
1814
897
881
2117
1181
1708
386
333
1975
45
2351
820
2279
1377
1575
522
1809
439
879
625
1748
491
573
1010
313
973
1956
450
1497
2150
1011
954
1075
513
1253
1385
2028
455
1417
182
1678
1213
1918
2412
2361
1122
323
2147
341
63
362
309
1498
75
735
264
478
2326
499
1599
1162
1774
1689
2446
1837
1823
259
290
1912
591
1315
1320
457
2135
65
2295
849
2350
147
2204
1590
660
878
2021
469
270
2140
1566
1280
2472
1030
487
1885
55
1540
513
2101
292
2032
1075
2094
180
2303
149
754
145
1581
2393
778
229
1803
2403
1140
2265
2096
1144
1309
1053
912
507
311
522
2428
1465
116
526
34
499
1802
2390
910
1003
1753
821
447
2108
1592
1572
1299
1953
216
1227
274
1058
1135
711
1918
2087
786
806
1279
918
1828
61
939
237
1457
1266
2172
2137
2219
198
431
2498
965
208
734
1595
2091
2214
1487
741
1627
283
1824
1013
519
2018
664
535
1637
1084
1604
968
622
1805
1633
2343
95
447
395
1680
2507
646
2070
551
466
1782
1845
1003
2499
392
996
58
1408
1504
1106
1844
1053
33
1602
84
2469
522
268
2379
2245
660
1685
1181
2350
1885
2521
20
23
2231
1732
1428
1989
1546
129
1161
1745
1282
2586
44
1114
2567
1067
269
208
620
1732
778
650
2161
943
2195
1881
2077
133
2169
1423
2283
1861
2350
1889
1873
1407
1895
2273
2532
2391
1855
1916
645
2163
2643
1425
2166
729
870
1089
401
2196
826
1965
1376
1723
451
507
2589
1877
1057
352
456
2366
297
1400
2659
1615
626
2354
1268
1430
951
196
2461
1488
1547
61
909
112
490
910
89
1931
1765
900
1775
695
1490
1834
682
463
2489
1507
401
1797
2162
220
1770
1077
1970
2176
585
2578
1455
2
809
1158
1280
1639
1807
941
1892
1881
1278
507
2027
1609
2353
600
1052
558
1992
1287
1420
1888
1673
1209
1362
413
2397
2712
1378
1748
1176
554
2116
1749
2223
1989
2315
1778
1189
585
978
1601
1622
967
349
315
443
40
1048
495
2400
1095
1551
2069
2387
1663
450
108
767
606
936
2728
2310
703
2597
885
806
1074
687
950
137
2586
203
454
2125
2735
1707
83
85
738
1560
1662
2178
690
628
808
2453
1847
565
2712
2346
1807
1792
767
1559
979
1369
2666
2556
1605
533
1223
2613
1484
553
1001
1885
1747
1559
1512
2493
2250
1066
73
168
1561
579
2544
577
1232
166
2689
716
40
793
1478
1978
1908
1158
2460
481
152
905
2326
710
1328
200
233
867
995
2217
2814
2344
706
2011
1563
1331
1030
2429
317
486
284
1498
279
1317
1200
1617
1294
1381
2001
1867
1060
1904
2032
640
1414
1664
39
1328
1478
1406
1109
2187
977
2001
179
1456
2233
2314
2483
1180
516
921
1366
1174
2667
1290
2773
2368
2312
2677
2314
2000
1377
824
2794
1834
2039
1740
551
5
1664
1180
2409
436
1741
1280
1068
554
1029
2753
2337
510
1500
1030
752
1359
1980
889
2867
2729
727
920
1991
2356
755
452
2936
1088
2437
728
824
2642
919
996
1586
68
95
1182
2131
2479
69
456
1008
1736
1405
2703
70
1197
554
1656
679
1634
2840
71
2258
1786
1523
2610
2642
2043
869
1253
525
2884
1772
2522
1674
2228
2
2908
1458
2133
123
1430
593
2537
823
2508
157
443
1398
137
2464
1877
2525
499
799
2834
2872
2333
1496
2566
2390
93
2982
1996
478
2840
596
2560
306
655
6
1661
1319
2396
277
1178
2302
1291
764
1205
1726
2185
1274
2660
1240
2484
2260
522
3001
2682
2656
2328
88
1207
1206
2099
2158
1466
2586
1172
203
677
1804
2587
2055
609
360
1676
2839
573
2880
1351
2708
2436
1259
878
1280
2518
2604
1818
361
144
2542
1712
2919
1956
1534
2073
1306
2100
2446
409
3046
2906
2156
1426
1237
1077
2498
2347
1873
962
2257
876
39
2700
3032
71
2357
980
895
748
853
715
2253
280
2048
1372
1026
647
1636
1750
1180
2865
2074
74
1352
1835
2592
1072
1674
1366
2536
792
573
2706
3112
1979
640
2141
960
1191
3110
1996
879
2393
1373
1084
1354
2734
1900
2759
1675
867
2092
827
567
894
70
575
977
109
2490
257
81
802
1012
547
2117
1304
3097
926
1856
693
716
1642
3038
815
968
1980
773
33
2136
1824
2447
8
3122
1835
1218
1107
1812
1775
1582
1549
2162
467
1859
2450
311
2747
1216
1873
833
2924
5
2668
683
1214
1322
0
1299
2768
622
605
270
579
241
2891
1321
564
689
1236
178
2749
1729
620
3006
862
946
2195
273
735
441
3150
101
711
1815
671
2207
1835
2884
16
1959
56
359
328
2254
2174
2000
1201
2803
941
1054
1277
526
109
1145
591
686
3242
2090
1528
4
304
2142
1777
164
151
2263
698
1236
1610
2914
2407
934
1528
14
1545
2512
1194
1548
1499
1483
1920
805
43
883
2292
1199
1218
406
1481
2023
309
1639
2309
1265
1803
3246
2305
280
2381
2171
5
2598
1647
2168
2630
270
1918
2407
602
1509
841
997
2291
1856
2249
3092
1397
873
2960
97
2529
1762
355
776
1394
273
2663
1423
2110
3210
2760
3039
2976
1872
1025
42
1222
2824
1039
1432
561
155
1309
1469
2951
2169
366
1671
192
1529
1262
1103
730
2714
511
2555
669
1390
2103
2682
520
1565
2960
3154
1888
734
277
835
2605
1918
2502
1757
3182
3183
2313
2779
689
2155
1189
561
1434
982
1380
2261
2441
2348
2336
3236
497
1512
96
2436
70
1410
770
25
603
1306
635
1947
2273
818
739
204
2009
736
3001
1323
285
974
2351
1022
1387
769
1082
1862
2588
2510
282
3155
736
2672
1100
2025
3344
1711
1171
2263
2501
363
1336
723
3233
719
2639
2848
2218
3215
2908
2125
2960
514
377
2562
95
2544
1876
462
2313
3042
1934
1066
456
645
2313
131
1797
1011
942
2256
1101
1857
992
2731
1583
962
1232
2088
421
3226
318
344
442
228
2312
166
2907
1173
1283
475
2715
2243
2773
164
355
1911
2774
1243
3063
1439
855
1658
89
3396
1410
3225
1739
1733
745
1840
574
1123
416
1764
2031
2827
204
825
2095
2215
1404
2506
2290
2229
2049
2019
2379
1062
2887
682
528
1792
1046
1742
2510
3205
2772
2547
1919
2086
2534
2966
531
73
829
3412
1695
2159
254
271
680
527
1538
1614
1687
3337
3266
2933
3273
1171
3081
2712
500
1431
491
3066
1518
267
2917
1521
1416
1976
989
2501
2140
812
1109
170
2305
2317
139
1858
2114
1515
2627
2567
3176
421
55
95
2528
493
2907
311
3336
3179
2314
2722
3022
86
3185
2451
2973
832
1104
2689
2765
877
1045
1214
2445
1675
437
323
1301
805
588
1835
347
1303
3088
2166
1869
2484
3569
3042
72
1529
580
948
1209
1863
2034
1772
410
3072
1937
2975
3557
747
2092
78
2062
2095
1815
1561
2262
468
2645
3227
2969
1439
2661
2962
758
3128
477
2024
759
2371
1643
2636
671
589
3217
2330
38
2586
3125
2176
2325
6
304
2990
2134
2909
3498
750
3005
2480
1184
1649
1019
3547
2814
2834
628
1562
1978
2713
3554
1251
761
698
2603
560
282
387
2287
2789
647
2076
629
1982
381
724
983
1375
2440
728
2781
3162
3224
3397
139
3653
2442
2714
1358
1657
353
1721
2247
1396
1993
981
1687
3096
975
3328
1405
2970
2096
1825
1967
2963
2455
971
3282
1043
994
1568
111
3441
1376
1743
1215
1424
280
3348
2312
3589
199
2541
1595
186
1858
391
1227
2741
783
2188
3684
3015
2424
3510
2484
3270
2424
2643
2726
2652
3089
2573
3061
3661
3066
3561
951
900
2563
2066
1163
31
104
2466
3657
530
1856
861
2449
3424
3728
2895
1684
150
591
2962
1722
278
1503
1110
2109
2258
3537
2395
2305
1318
1740
687
1542
3370
2112
2116
390
1653
3572
2140
3731
2871
3584
1060
1361
2824
551
2715
925
1398
1068
3139
1940
932
1244
5
892
3549
1443
1828
692
605
1264
1900
262
3104
1926
2040
2019
2729
943
1351
2420
3025
1740
3228
1549
421
2029
3025
3431
1624
3582
2981
3122
1678
1874
1263
172
2138
2797
1409
38
2025
3183
1264
63
556
3544
1967
3830
1850
1525
2712
2995
2508
1397
3045
577
1512
2729
302
3834
2602
604
971
118
3318
3199
3444
2071
