2625
0
1
2
2
1
2
1
2
2
3
8
9
6
2
0
13
5
3
14
7
10
16
20
14
19
24
8
7
12
9
3
27
3
18
24
16
28
17
19
16
32
14
32
12
17
25
37
11
28
13
48
44
46
52
16
47
41
40
57
9
32
17
62
36
35
63
14
52
43
3
20
20
37
73
60
57
13
51
29
62
2
18
76
67
72
2
42
54
8
45
9
69
6
8
11
49
19
62
36
37
80
18
98
93
104
37
74
60
48
45
107
86
27
33
9
78
49
102
49
97
77
82
120
102
28
4
79
68
104
93
10
83
28
93
57
123
86
42
43
83
132
0
27
36
83
20
132
143
45
45
26
66
45
93
1
48
96
157
150
60
56
117
145
86
57
43
61
111
106
163
161
84
80
92
13
118
115
77
48
49
163
178
66
81
98
52
133
175
36
68
57
58
143
7
192
7
112
68
54
48
168
5
159
62
176
183
139
31
90
109
2
96
126
8
119
100
112
41
81
7
189
154
133
29
167
133
190
69
213
54
144
86
19
189
183
217
193
216
14
236
146
134
202
229
71
187
86
45
133
152
132
21
77
49
118
69
137
187
205
104
71
117
191
57
17
224
160
205
71
98
248
158
252
113
106
18
135
71
210
146
277
197
213
68
101
230
96
274
221
256
141
48
155
30
40
121
35
287
98
63
34
293
149
294
76
84
42
253
45
300
274
198
83
125
258
113
150
104
115
100
135
289
296
30
77
236
317
151
286
66
236
322
317
259
334
35
319
13
169
186
256
109
1
38
238
57
221
226
155
85
247
316
185
104
168
257
73
70
198
74
316
242
48
130
288
99
236
230
248
356
152
55
271
267
237
212
222
183
325
193
48
41
212
25
367
311
382
193
240
154
62
298
105
69
385
275
70
52
127
125
293
239
19
206
397
378
42
62
338
391
165
45
90
8
316
123
139
304
128
414
54
4
57
32
80
42
244
342
300
82
287
10
205
80
205
214
28
342
26
223
171
280
124
106
45
131
152
290
128
385
124
293
45
221
398
411
313
129
420
46
413
247
377
364
181
256
62
151
57
222
128
380
371
237
256
125
396
459
394
271
62
242
105
17
38
469
9
195
186
310
376
19
306
330
176
355
215
181
330
449
256
319
117
463
230
112
440
217
361
332
232
65
163
3
111
262
6
321
76
488
415
404
361
490
337
486
86
128
135
378
479
329
388
353
341
279
209
39
402
110
72
179
408
536
356
129
95
360
112
134
292
298
537
166
480
461
176
519
366
210
257
10
17
374
220
159
136
20
195
115
364
368
366
545
112
373
25
415
261
52
443
512
226
218
516
523
11
242
266
491
71
169
128
377
469
460
116
477
242
94
244
44
542
520
202
354
550
438
550
373
286
60
361
393
222
351
374
519
496
324
527
495
579
453
124
467
611
576
214
65
453
606
167
471
323
324
481
194
242
61
501
334
151
539
248
438
126
481
148
166
548
584
336
288
199
647
145
249
607
653
636
344
401
619
634
363
77
262
483
635
2
266
203
96
142
374
304
167
592
465
2
100
182
288
399
592
332
574
120
271
350
427
670
461
251
357
180
624
90
206
571
70
247
155
232
389
51
247
116
269
200
38
54
144
154
46
84
545
436
714
273
689
532
22
398
267
107
28
664
604
51
702
612
396
692
466
81
478
242
584
576
331
165
8
103
689
276
385
478
626
430
203
694
605
547
682
41
19
473
353
682
402
448
680
628
509
664
654
144
702
574
224
474
642
422
711
486
469
343
130
528
90
515
146
730
119
81
4
226
70
480
723
400
477
470
367
305
214
93
463
360
321
795
480
564
573
491
300
466
319
782
268
93
743
124
285
401
65
473
135
138
137
700
402
248
243
202
363
179
68
720
149
396
827
499
617
468
397
764
213
606
779
833
538
702
591
702
671
37
670
180
95
739
172
151
166
316
198
198
129
139
601
31
769
68
445
831
280
843
593
467
212
682
733
538
139
395
371
625
421
8
640
370
397
464
334
136
440
355
465
466
572
445
1
689
306
0
652
867
512
732
505
152
689
2
255
663
828
237
659
476
880
798
244
272
287
601
541
366
663
868
701
162
316
840
456
188
840
455
236
610
30
75
775
523
658
744
501
461
331
403
14
504
65
905
219
803
755
742
107
670
523
878
480
826
561
924
255
832
740
770
561
671
536
617
518
547
953
99
11
872
615
197
389
164
535
755
359
86
769
553
797
90
348
626
336
146
20
400
413
518
868
318
80
901
100
925
668
694
485
49
460
622
380
768
212
950
867
75
762
794
51
412
380
494
947
124
708
435
743
280
988
203
554
770
502
790
581
249
540
634
118
460
212
724
210
630
715
1012
691
473
492
387
303
773
752
535
199
601
242
916
728
1046
289
952
694
287
1051
359
408
249
349
467
245
435
209
504
1014
1024
831
1038
121
565
194
869
964
838
48
416
776
24
281
926
931
313
561
1084
134
498
948
1067
491
312
759
1073
664
446
292
441
575
823
717
578
852
489
113
99
186
796
74
7
894
204
158
105
102
51
726
980
700
1075
793
839
212
866
170
143
257
371
1004
64
493
157
579
1091
964
81
531
591
794
847
766
49
778
172
930
1103
511
306
1116
281
759
48
370
448
790
9
719
759
368
1076
541
792
208
415
351
901
538
357
247
366
670
895
213
897
251
1114
612
1149
421
327
251
524
919
154
522
884
326
544
432
781
851
841
110
478
1013
898
1194
706
837
310
748
228
352
563
462
446
201
974
897
929
260
989
450
1107
188
883
566
322
878
172
220
349
260
748
1147
412
523
386
175
940
757
869
86
581
564
862
738
893
796
221
1232
500
585
599
130
562
1063
235
448
244
140
415
870
36
1018
143
1116
474
734
802
568
1166
602
635
1237
381
544
384
1056
995
893
265
457
736
899
167
339
1068
791
788
1008
844
99
897
587
441
685
775
519
1236
503
963
729
497
613
37
856
316
750
413
981
858
939
496
1120
347
722
1265
58
47
588
871
99
151
500
1310
386
998
574
60
508
1203
932
697
865
603
1269
810
261
36
813
1302
698
978
910
564
1152
618
330
1132
1134
1122
1287
791
1016
991
489
1137
636
65
12
1007
247
166
791
298
191
1041
986
1059
252
916
541
1312
225
1301
974
1110
322
207
140
714
225
460
1222
402
719
1296
1224
1143
464
1348
887
193
1335
295
15
1108
1279
735
292
747
341
412
718
1310
641
449
1340
411
658
1214
1386
648
669
582
1163
797
550
257
1016
1270
574
1228
1191
1261
456
1369
1013
733
245
765
420
669
622
367
441
1087
490
768
1063
1141
90
1019
402
872
458
651
661
1090
218
1157
486
797
422
1048
1164
1388
208
1317
275
277
554
56
760
1074
1421
487
1257
558
690
203
647
1075
1423
1366
784
739
655
86
1253
405
330
1081
280
622
1187
763
127
46
1462
1421
1163
1436
913
776
1379
1448
1387
120
478
1066
966
416
1364
684
221
331
1062
551
1429
491
1402
740
908
761
1228
1371
523
853
519
521
979
929
344
957
464
1307
162
666
1076
282
853
1339
773
585
15
727
261
731
786
947
1128
798
852
251
724
1010
121
1235
1325
55
1428
1524
1253
807
171
178
1135
1128
934
601
243
1225
1153
1195
165
803
1391
119
1450
741
899
281
577
1350
1331
1341
120
53
511
512
544
1564
367
1198
1049
573
131
468
767
1435
1536
1354
1427
721
122
632
1417
498
700
213
1184
906
1009
81
1371
509
1047
251
694
1094
327
854
446
135
199
275
734
588
208
1599
543
123
63
495
1428
1193
1132
252
1051
930
934
590
1613
790
1401
1540
786
1599
769
758
772
821
524
1124
123
679
460
688
205
378
1322
367
1289
1447
1300
546
980
1339
755
1173
865
1017
1566
259
862
93
50
530
1086
297
112
1280
317
554
1626
489
652
1188
966
1331
1243
1279
413
702
1389
1335
1485
1393
481
469
476
1045
1426
699
1427
1549
302
584
1508
1545
151
820
516
1479
1205
1178
589
182
1679
525
469
1504
637
1346
1294
552
1424
1016
1148
950
822
678
1262
796
1423
1484
1469
592
755
835
1167
1267
1290
263
1565
1090
154
1567
1566
1171
572
473
130
1666
1563
111
1380
1399
1097
519
0
300
544
827
157
1457
568
53
501
1717
113
995
1524
369
530
1217
1596
149
847
1267
72
1168
871
1525
1756
1322
1522
537
1523
373
1452
1618
793
351
282
1490
938
329
1569
1086
1113
462
333
334
165
1509
251
837
992
346
1745
36
127
1721
76
387
267
449
1470
1662
443
1376
401
1082
1720
441
808
129
191
498
234
155
1123
1148
422
104
1424
108
1104
1569
1225
1512
488
131
1235
1173
1291
1126
96
33
26
158
397
100
7
1054
300
1499
428
1199
790
1463
889
1446
1634
1557
480
781
1609
382
926
679
696
630
1482
1089
1401
56
1199
977
378
438
1394
92
312
973
59
774
917
1598
751
1071
619
1808
1864
97
623
899
823
423
842
113
107
1264
1195
1195
1348
1568
692
561
1535
1257
1569
1855
346
892
508
844
805
97
1795
579
1677
338
1776
118
1446
150
1880
867
1718
1482
413
747
793
437
1572
1089
951
666
1700
1184
1107
1092
1397
1880
561
1796
1725
1270
557
1886
711
456
5
805
195
244
629
1435
311
1105
825
84
1849
172
650
1829
227
394
69
793
1725
1724
1917
1613
174
1643
482
1482
896
433
282
1443
1856
1666
1233
3
939
950
169
1158
779
1008
381
1766
518
407
1059
683
422
1053
444
1152
804
1005
832
326
853
596
692
1901
624
482
185
1714
174
886
659
888
1028
1977
1827
1197
133
1736
207
1442
1113
1099
851
1033
1839
234
325
1476
1424
222
1736
1954
545
1810
1635
658
1593
154
1390
1651
929
147
1003
93
1807
1758
368
1957
1531
640
159
597
973
835
1224
273
1469
104
1735
1223
429
1591
1730
1929
779
1216
89
1287
1356
1164
969
1796
1674
79
1369
1368
118
303
1340
1181
279
1221
1225
285
718
2059
507
419
784
759
644
75
1899
692
421
873
401
294
1046
1941
955
707
817
1585
967
879
693
67
91
636
359
164
1760
1287
1315
1482
1988
878
639
1102
360
655
1516
579
419
952
1083
1481
757
1612
91
889
1892
1868
33
1777
523
1586
792
239
198
728
68
243
95
1108
39
206
1008
0
1496
1819
1158
249
1230
189
2124
964
1950
430
2038
1901
1907
424
1170
545
763
1711
1507
209
732
2003
437
2091
1596
920
82
728
215
1418
1700
1356
2012
973
1833
199
1199
227
114
1323
555
1735
860
758
648
1864
1294
920
1723
1239
64
1677
1112
1948
1546
206
29
931
1859
995
1979
2136
1646
1053
459
1727
1809
1387
97
103
281
1763
456
1265
120
1558
1427
1594
2110
2005
1108
133
2099
352
2163
1585
2104
2227
312
1284
1001
965
590
730
1566
1521
370
701
1791
1991
1473
533
1614
40
1323
2192
104
1088
346
1627
1624
1308
125
2117
619
883
1047
758
1215
861
1103
1099
1293
1299
689
1727
1330
556
276
2240
465
2185
1381
1595
1548
265
2218
1441
1686
412
185
156
1816
1670
2275
1696
377
1648
1480
1283
499
240
2230
1311
1581
1568
2286
1185
276
1986
1521
837
1257
1826
1837
1190
659
1276
1775
491
914
2173
912
1161
44
1119
2287
1893
1163
969
835
2244
1549
770
2071
589
1531
2105
2173
2301
363
1015
2196
582
615
888
2214
1668
15
1154
900
2323
1890
616
359
790
1134
1262
772
931
131
717
1594
959
1016
1959
910
72
1358
237
295
1857
711
383
84
1099
2345
1394
723
1358
1169
683
1512
1353
104
784
692
1084
441
1062
1409
1154
2352
870
1565
1206
2132
1732
1733
872
1327
2379
349
630
293
2221
1169
1244
529
2324
416
106
87
2116
1053
324
2371
2355
624
616
825
1854
1834
2063
1250
1503
622
2353
538
265
1207
699
1836
421
1849
803
60
1629
1951
2238
2174
494
2207
1155
1780
345
76
568
2043
1310
243
2387
2434
1080
3
169
1162
571
2285
1934
905
417
1000
2272
2127
2204
387
876
1856
1091
2300
1339
336
2250
433
1678
2081
1556
174
2199
1017
1142
107
968
1881
1417
2035
1798
1527
1258
560
539
669
2224
292
2415
895
396
752
1275
1533
1857
647
2247
807
1192
2359
1914
268
1195
959
363
163
1968
297
9
749
1529
163
492
649
1735
122
2299
1382
760
1082
1784
1653
972
370
1774
2044
1652
787
375
2308
590
1563
109
1667
2140
535
2165
1699
387
2296
1918
1062
1436
851
129
1232
1054
157
1055
1768
1484
2171
137
1303
1683
154
2236
815
1876
954
1225
870
1332
1697
1948
528
221
733
2185
49
2390
2320
2548
1968
2207
51
1485
1773
1227
1284
1299
2300
2136
841
794
2295
2086
1735
423
161
346
2181
347
1773
1906
2458
1291
315
515
984
2420
707
1390
2348
1356
1712
1060
2466
825
2447
2540
986
117
1853
280
254
1973
1140
645
2611
370
2079
2246
0
881
2234
666
