4652
0
0
2
0
3
5
3
2
4
1
7
7
6
4
10
13
10
15
8
3
7
9
19
14
22
22
11
13
28
15
13
21
14
19
32
27
28
36
4
4
19
39
6
16
43
42
44
3
42
37
26
15
30
4
14
5
51
35
51
4
10
20
5
31
39
35
58
3
27
36
21
8
28
70
65
55
3
64
55
34
25
9
62
68
74
7
24
53
37
87
86
51
85
6
52
4
11
1
47
69
26
86
86
76
16
33
32
39
40
66
110
59
59
71
61
63
116
20
97
62
88
42
89
60
118
38
76
1
8
31
47
100
126
37
21
122
4
3
104
77
89
59
38
29
129
71
72
114
31
41
29
112
21
47
62
102
84
73
114
56
95
17
79
133
131
151
124
17
118
154
53
167
22
130
108
72
88
139
167
171
28
118
48
124
90
115
80
97
141
39
74
136
98
94
67
166
130
126
92
57
80
167
59
147
165
100
204
109
141
131
151
73
88
49
59
137
66
210
30
94
54
190
9
49
22
217
11
1
0
112
146
26
97
110
79
184
100
180
119
107
169
12
55
177
119
241
209
95
88
24
183
131
178
166
167
243
120
242
151
21
122
192
112
29
69
139
58
119
231
33
47
2
77
74
80
186
268
215
150
214
179
254
277
262
124
256
174
175
211
71
38
254
229
57
76
233
278
119
15
250
133
34
81
178
97
230
18
28
174
33
88
47
174
68
244
151
20
111
304
4
217
155
251
121
129
301
100
262
178
95
77
243
139
119
303
204
25
178
274
139
97
99
186
272
219
53
21
156
64
323
115
210
333
279
184
41
116
241
248
213
329
274
282
185
95
120
68
270
206
58
289
83
346
266
191
355
83
242
262
227
42
220
28
121
12
133
326
326
196
218
344
149
249
227
133
385
260
50
6
330
220
65
154
325
287
333
92
24
81
156
155
131
123
99
92
154
43
183
92
188
46
50
78
205
190
75
24
321
124
417
40
336
99
98
137
48
215
190
262
293
198
398
328
252
153
327
1
148
390
40
259
116
364
11
190
280
451
425
155
227
171
296
401
446
295
174
139
300
264
146
436
468
185
175
281
411
269
66
51
263
22
325
352
81
302
161
158
251
272
147
286
478
134
42
276
198
438
37
93
89
195
35
345
492
448
409
425
450
44
93
58
147
332
448
114
35
213
481
202
368
247
60
313
415
390
61
330
231
317
185
130
352
218
59
221
430
467
237
512
351
349
452
41
377
291
489
489
66
232
542
194
486
135
342
63
304
350
125
76
145
527
204
74
292
145
163
252
0
550
266
396
26
394
315
262
56
313
419
389
578
59
220
213
357
205
11
44
219
154
557
587
117
409
477
312
165
38
500
228
316
216
102
527
169
545
262
0
144
181
516
259
224
76
380
431
118
53
484
165
47
26
4
262
82
14
307
364
36
9
512
273
161
14
471
495
106
107
303
493
577
78
307
211
511
532
597
143
351
313
420
210
597
345
312
82
200
544
388
197
559
62
71
412
456
500
132
315
360
597
320
277
236
652
171
116
12
325
263
189
554
246
107
49
491
499
547
526
103
374
125
491
236
462
326
260
591
208
646
505
535
53
112
436
240
174
72
4
153
622
258
492
406
693
341
258
687
330
134
173
367
94
227
144
366
63
78
720
328
502
313
186
64
700
545
5
397
146
254
215
708
684
257
693
636
58
443
6
556
299
145
499
449
571
604
710
466
607
343
736
250
35
111
174
645
76
607
358
132
579
58
69
420
109
112
396
3
363
196
2
735
684
695
257
60
57
760
729
395
201
603
746
749
768
248
575
100
516
53
607
723
274
447
698
797
339
713
442
187
520
272
516
354
163
391
650
336
762
653
90
640
308
721
562
522
732
341
653
689
786
702
333
124
536
243
342
276
599
388
438
708
84
94
51
743
289
232
300
574
56
306
823
300
784
146
384
32
632
209
716
150
764
230
109
30
60
858
353
748
242
589
110
406
674
626
438
141
148
337
816
485
803
222
641
804
749
612
447
879
800
207
236
237
859
864
30
858
29
271
467
681
357
272
13
586
317
44
590
525
717
15
742
645
329
571
522
458
647
185
691
255
598
257
99
437
680
368
218
878
5
773
627
815
557
248
734
863
752
871
548
913
99
33
177
462
158
428
326
197
166
66
195
73
647
429
798
590
711
618
856
220
537
238
718
171
511
211
188
621
456
424
513
375
399
551
587
193
733
77
179
29
743
136
753
628
615
72
592
729
272
782
945
643
1
50
335
555
257
252
698
173
57
657
775
554
172
593
579
636
425
244
368
94
641
267
781
200
397
114
695
544
400
500
223
196
914
456
212
870
503
149
163
885
738
230
954
167
825
358
928
721
176
43
177
333
1012
685
436
669
577
808
516
285
76
900
592
221
952
523
1003
265
591
612
635
431
72
130
920
256
768
871
159
416
391
408
117
721
433
555
657
420
408
341
975
96
77
465
236
784
618
421
521
717
387
887
272
594
378
626
356
91
36
770
252
855
237
323
229
58
473
508
353
228
952
719
994
411
899
49
637
348
329
1092
461
835
197
180
714
207
105
321
553
771
570
747
781
472
881
91
176
761
687
510
619
285
305
222
101
604
48
752
502
962
810
121
232
934
627
329
273
621
678
138
852
661
172
535
53
1122
814
870
137
672
253
753
785
727
310
1088
1060
514
776
243
962
33
985
873
246
747
844
1163
437
284
777
192
337
603
4
192
1033
69
353
1119
1151
1077
1052
146
828
1123
1019
984
1186
1097
16
545
1011
600
557
1146
131
1192
911
1220
130
628
422
340
967
43
226
1133
268
274
84
712
712
419
222
984
293
1135
148
283
832
1154
93
818
1045
554
175
666
370
123
941
923
537
85
897
838
843
72
56
627
694
568
1061
1145
838
315
509
59
94
598
584
588
1086
27
465
507
166
1108
991
686
738
1283
50
1237
589
448
316
1193
1265
751
404
1054
271
887
920
375
334
904
723
939
1285
1053
336
107
1035
1038
262
260
805
632
855
461
687
604
844
426
1027
1172
183
1207
348
10
1252
172
550
1247
182
859
508
277
462
555
931
837
480
692
329
383
1302
707
836
501
694
1289
927
711
1142
890
937
665
541
786
286
259
549
1216
633
448
1108
970
933
813
276
574
161
375
157
1272
602
788
596
975
1030
811
453
862
183
443
1017
73
580
328
791
459
297
357
822
907
401
731
96
986
1016
881
1048
1204
1113
458
0
731
900
663
726
631
863
1274
656
271
1096
328
394
806
1358
1079
698
735
821
1293
1132
101
744
623
276
359
494
287
1277
903
1279
719
309
158
1095
767
735
1226
773
995
319
1228
1152
1374
1293
1348
975
360
1105
366
637
281
917
126
1031
621
1350
887
428
222
225
416
716
772
1326
892
1450
84
169
380
1115
229
1426
760
471
86
878
329
944
347
1035
558
1179
271
1242
254
468
115
546
747
475
1262
201
472
1061
611
753
1229
1441
383
189
45
954
1472
460
1078
91
1482
431
1044
1
110
34
1182
286
642
397
490
1318
339
378
360
261
611
965
1463
1220
819
1477
1075
126
446
1501
605
1352
1076
36
854
1177
596
1530
668
878
51
818
723
635
1075
469
1519
15
1212
610
758
16
42
1165
593
816
1453
1260
74
2
835
1418
1171
380
770
748
370
47
1404
1300
933
309
193
952
911
826
908
1208
976
638
78
1474
1132
769
802
1509
1245
1127
295
317
1249
1570
982
1120
248
1363
1577
1480
225
126
676
517
213
326
1216
20
835
1121
1223
282
253
85
426
180
1311
862
431
1221
1326
1291
75
1518
589
839
1485
998
556
515
1577
873
594
1097
114
1013
434
836
592
803
33
166
675
975
424
426
1294
692
737
1421
718
1532
332
1641
1088
1410
1455
747
838
1011
1001
651
386
464
538
881
1585
1154
325
265
1418
952
1531
1627
197
1080
958
477
541
1454
1402
1212
573
497
1228
1298
1062
327
991
66
16
1617
1648
1402
853
1270
1544
954
362
1643
885
867
989
1506
1150
673
1359
1486
12
311
756
34
460
892
166
15
1652
575
422
163
709
785
1695
818
210
1229
449
1696
1527
1364
1327
513
1682
1336
537
772
933
916
1147
984
1396
534
404
10
1056
1649
772
1273
1330
8
1295
904
530
184
1736
1203
833
1334
70
671
996
358
978
278
1525
655
1479
792
608
323
492
1640
962
518
1742
1772
869
220
828
127
973
1654
1385
1625
1524
738
1609
1481
1306
1440
612
1599
253
875
470
433
1215
928
381
141
221
959
515
1257
1779
1577
1073
1447
971
1362
128
713
584
530
1588
349
1590
347
936
1242
537
1364
1436
976
614
1112
1427
1473
592
717
285
1091
1280
1507
594
1316
1519
402
349
1770
235
262
982
663
299
560
1569
652
93
921
1445
1278
656
1839
493
887
1428
1233
1734
1837
754
725
455
1148
1823
1332
655
1451
953
701
1619
137
1465
1506
246
883
1094
110
1431
770
573
1837
1486
1681
117
1762
1879
1694
802
807
1198
90
920
1491
193
213
18
1744
1173
50
658
1648
834
334
323
122
554
721
198
900
1310
1145
736
819
1205
1522
596
808
475
546
450
1916
1183
884
668
994
1613
1577
562
736
149
251
106
119
1338
1457
1691
5
1720
1385
142
1371
1006
1587
556
883
1125
981
907
1334
343
1436
1058
1160
1689
1181
348
676
434
595
191
683
1233
692
1923
975
1163
1045
1967
1476
707
1873
1738
1442
360
1141
1664
422
766
1856
377
308
1261
1837
351
785
685
118
858
1687
720
1123
735
1122
1011
44
1922
16
374
1004
649
1534
783
1467
1470
230
1523
70
117
1809
1605
721
878
431
1276
1045
634
812
1529
561
582
58
1600
595
393
1136
670
93
1722
1370
121
1034
440
91
1272
1827
455
724
167
130
1478
659
156
862
1752
667
1253
89
231
129
771
1486
386
1878
744
370
2050
268
835
555
999
767
294
2026
658
1891
1111
1904
758
1417
1956
28
247
1754
1429
565
1084
630
1638
148
664
1533
1651
1508
383
340
634
866
540
962
944
1468
1667
162
1421
527
592
554
1703
854
2011
76
603
613
124
1182
376
1243
1599
1762
961
256
440
1222
1343
671
1193
1303
2101
1279
1345
2022
775
320
608
795
460
923
116
1715
560
1681
910
1731
98
1467
372
848
95
823
1519
2032
117
749
1912
648
1585
1593
1753
1020
1642
92
262
326
179
236
1157
856
133
1522
674
1251
1822
421
1242
1526
1900
1144
2067
202
252
763
69
148
1667
2018
1838
524
1288
2013
913
864
440
1141
1706
613
1445
2177
1343
941
1703
2047
1069
91
1210
1842
1838
374
1366
845
2098
1352
838
1277
353
661
361
1915
1658
1345
388
1419
169
1073
1191
2109
1749
1568
171
478
751
1837
354
240
544
424
1951
1201
612
1883
626
1528
2188
856
917
1420
589
825
617
1742
821
696
314
1643
367
157
943
1189
55
384
123
2076
1303
661
1895
1298
408
2121
1741
1385
90
1539
110
1867
553
756
1874
1630
1753
1751
2179
607
1315
1533
1025
643
1457
1237
1544
1981
1413
1350
1944
1906
1829
1040
853
39
523
1921
973
1292
993
1609
1020
58
1181
324
711
135
377
92
2229
1840
1969
1452
749
1227
325
1407
2195
1067
1694
184
1447
982
196
25
828
1302
2209
1471
805
1612
1490
523
1668
1964
1195
459
1098
870
1185
426
1857
745
652
1727
2238
537
1736
182
943
2198
2218
222
1810
656
1035
1175
316
1196
954
281
1435
101
373
1629
1716
532
763
642
1527
2165
894
1217
1701
1334
128
441
1809
1518
1200
2009
540
1773
1964
455
607
756
136
768
1941
1035
2357
1288
695
809
1514
1833
1662
1812
2217
1543
1528
2239
682
727
1892
42
1717
1180
2105
2189
2124
697
907
1088
1138
882
2313
1592
947
2216
2072
1291
735
120
403
1801
1032
11
17
1865
1783
254
2047
1956
2351
2209
763
1128
1068
1048
250
1442
2226
1032
1482
1963
150
2223
293
1090
997
1931
2100
1598
2310
864
461
2451
452
1043
1582
1555
1995
27
583
124
2364
713
652
1050
1074
1721
808
996
546
2435
395
1207
2447
1199
1665
2297
204
1711
1513
1115
1635
160
2084
673
196
2120
1507
84
2035
377
128
374
1456
1055
2294
1316
589
937
1832
1961
444
1945
1581
1017
1544
1666
2471
726
37
325
1032
822
2209
1299
84
1987
1616
563
490
1239
836
2200
667
341
1749
1039
1465
633
159
2100
720
2226
826
991
137
2379
474
94
302
891
2475
857
2032
978
1405
475
1309
2461
2519
1418
2042
604
840
1133
818
427
164
2478
725
878
53
959
1718
696
1520
647
1110
280
790
232
1039
1998
888
646
129
1886
146
1938
1592
2321
2224
662
1716
1767
1792
737
907
2520
727
1669
1675
2177
1212
696
1170
436
1773
2109
2596
316
1229
877
1612
363
1822
1102
1323
1435
2047
106
2284
852
1390
2391
558
2104
903
254
1258
1175
2426
1940
1818
506
1122
2625
1494
863
2565
1527
379
675
1426
326
1339
2241
2522
2181
2047
2296
316
1771
2493
1549
884
1890
2178
1481
673
2443
1909
1132
1112
29
1698
352
571
731
136
981
1813
1629
1515
839
2191
742
2343
1889
811
2116
2299
814
1490
1840
1131
1254
2281
235
1023
520
2224
429
2026
77
1802
2047
1603
1794
328
1792
2555
2206
496
2032
533
1225
1247
1216
1701
205
1463
1186
369
971
2481
125
1911
2579
766
401
1061
922
1349
1739
436
2169
777
111
1982
2067
1840
1373
711
197
1988
1003
2096
239
2354
2115
2147
1285
2330
2569
2513
1347
2080
1456
2624
2149
383
724
141
167
1112
183
443
834
225
1186
2066
1578
1455
4
1605
1895
2689
594
1524
1787
370
485
343
1716
114
1151
2697
1044
1423
1297
2690
585
244
1620
2694
668
719
1751
2023
451
2240
1232
831
826
1975
1417
1896
2482
1903
2772
1402
507
512
2332
2220
1555
802
440
2459
1546
1518
477
2318
2759
1562
791
1200
92
1466
1057
2769
2187
1842
647
1861
1512
2723
2469
1404
190
1369
2251
1248
1168
1737
1964
767
1845
1051
1880
1910
1484
2071
2588
2346
650
1958
460
1131
63
1
2831
784
2288
1246
686
453
610
2588
2542
77
2484
2006
1281
584
2758
2737
19
2586
984
2262
1200
1690
1225
1138
1471
252
2391
0
708
880
796
2056
2038
216
2429
2667
2723
734
715
1456
1142
804
2272
2450
289
202
1558
2112
345
155
2003
2607
2529
120
569
1561
1904
1931
702
641
2430
2278
1483
104
977
2246
2121
2905
1501
688
2601
607
2127
1292
1411
2846
437
1428
17
2829
178
109
1341
2534
822
1135
1686
1907
2486
1224
2053
2811
1221
2029
228
2479
1566
1477
2140
1922
167
1499
2770
1356
442
1289
568
69
1719
2736
2746
1007
762
821
105
1836
401
1727
171
1080
1002
2930
2716
1968
1268
2845
1273
2670
2036
1861
383
1829
2874
1632
1060
458
2137
15
726
2023
284
333
2437
2304
1492
309
896
158
2888
1416
1901
1066
2783
1785
2507
1203
1467
1927
404
1380
1346
1950
585
1877
1639
1342
1302
985
513
1146
2385
2842
2124
1723
199
713
2888
1839
1955
2102
70
634
1515
1442
1799
1917
1944
2035
195
826
1009
2125
1965
2472
1507
2504
1536
1909
1996
2425
2141
2635
375
2872
2862
2962
108
288
758
386
1402
2078
872
1702
1021
429
636
30
1890
1174
255
2446
1239
341
466
876
1418
1069
1312
2566
2763
2977
835
2765
535
2346
976
843
1210
1845
121
1647
2268
2861
133
1371
2363
693
1963
1953
1612
10
2120
1451
2949
2861
782
2989
2109
458
1483
1743
1598
2832
211
2077
460
589
587
981
1254
2987
151
552
1951
1271
1717
1130
824
2865
2346
217
147
2694
1810
2690
1804
965
739
2239
600
2711
146
1138
2670
2830
2814
2361
402
2960
3033
2536
2358
87
1366
2267
2519
2109
3081
2561
2709
430
1462
2730
725
1545
1472
833
2652
2205
2395
2507
1877
2746
1054
1998
94
1825
116
507
3146
1487
1789
2157
1116
3157
3103
1447
2237
1110
966
2194
373
206
634
88
2839
2929
1524
3106
1740
3093
1450
3180
139
3023
406
2116
237
276
1687
846
1001
2322
1937
2106
3022
1063
3064
1317
1036
1122
2776
1228
1254
93
2257
3216
2972
1478
1345
613
848
2505
1553
494
1986
2
303
338
138
1651
240
2054
393
928
1086
1241
1767
2626
3000
2787
790
3101
504
2719
2664
471
2636
877
50
403
217
424
1607
3247
942
3089
28
1380
1559
3130
2406
413
1713
2608
64
2959
2106
818
3108
1871
1486
387
1851
168
247
2556
2416
699
2576
323
2331
849
2712
1301
3243
1304
2770
101
3058
341
467
539
1064
2913
290
1903
1570
3160
2874
1363
1472
1401
848
100
1218
2658
1714
3233
2068
1412
2700
1275
749
2706
468
1387
2050
460
2586
1435
1040
2591
2089
1046
3163
171
1046
2615
2372
2707
122
902
3270
557
1759
3047
1429
1853
2090
1776
360
528
2789
2687
1601
3320
2338
1259
628
974
1970
3278
980
1159
1734
457
1903
1153
861
608
1482
1720
1862
1954
190
360
382
1262
2468
2949
1963
649
2410
2180
2506
1597
288
570
658
1883
3031
2033
2970
2102
2940
3270
2129
278
165
271
607
3151
310
461
2510
2735
1402
2073
711
2943
1435
360
356
1226
1822
1516
395
732
765
1797
81
2157
3087
243
2524
1960
124
1068
2202
2109
2229
2085
2630
3235
2598
652
1292
1166
811
698
1806
1345
119
2965
1215
309
2945
314
821
3081
899
371
1595
40
1848
2954
625
3339
1738
1938
3039
2684
393
2679
531
2884
1497
2965
3074
629
1395
2048
3377
3337
2900
715
342
121
1313
526
93
2375
3166
1980
1915
605
1971
2131
2028
759
1788
2442
3363
2229
421
523
3383
278
2609
1033
896
2022
2692
2145
3364
509
1940
1363
79
486
311
2640
2648
2273
438
2945
895
1458
139
1204
22
2080
923
2788
3493
134
1004
2340
367
697
1991
344
2309
640
587
3255
1619
3255
2137
2409
1871
2141
2990
464
2087
1554
1089
611
2272
2177
1744
2973
3174
3014
962
1390
2902
3346
198
1959
1171
1230
344
3361
1977
2404
342
2727
1847
1654
3382
2603
2709
461
2515
273
1476
927
209
3092
1283
2513
3104
2608
213
2914
1687
754
900
2678
716
2216
2298
820
1883
2132
1983
3153
2106
2408
577
547
2748
2474
128
1686
1872
653
1997
3390
3425
3530
2308
3010
520
1985
2459
431
1057
1636
718
1620
1464
377
583
3200
1455
1913
2612
2159
2276
758
2416
1200
809
1183
1230
1048
1460
1609
2754
3242
2409
2422
1734
3221
1393
958
1989
1481
2123
843
2266
907
2560
3383
122
2048
3455
40
2426
326
1224
511
418
611
1453
2760
1152
2468
3436
1527
55
1907
481
1379
3084
3089
25
3426
1983
2125
3211
1545
1020
955
2276
753
893
2926
3238
217
1895
2806
1315
1626
2168
1995
1572
1783
2797
2248
1579
771
2248
3193
1525
3483
14
2742
1648
1855
2551
382
1882
1074
2070
1668
3103
185
86
1245
2242
3372
1369
824
3219
3492
3294
3316
873
1105
1067
406
1694
1597
257
1421
1133
834
1640
772
1578
2582
2092
796
3318
2331
1484
647
2190
2871
2600
981
2578
3624
444
3731
5
3493
1878
1715
1756
2616
216
1374
1352
3085
1674
2602
3206
1897
197
2468
3294
1164
465
1039
355
727
3548
2403
1268
1430
170
983
2462
899
1454
1823
3169
3312
1468
2011
355
2783
92
126
1270
733
1602
3188
2273
2899
403
317
921
323
1658
2039
2943
2388
620
3192
2735
337
122
438
662
1834
1133
989
2693
3763
546
688
1173
2761
1249
3128
2379
3264
1858
404
2903
3748
1158
3055
2516
3323
3834
3465
2525
2601
877
3110
539
2452
1824
2222
999
3412
1100
283
693
3584
3040
670
199
2994
1648
3819
3322
1408
3647
1812
821
2118
271
3602
3736
1563
1389
168
1503
3712
3160
2990
1498
719
3056
3215
1145
2981
3247
59
1051
238
633
70
421
2158
2016
1687
3598
3727
3300
2078
2841
2616
1911
1871
1886
2991
3185
748
45
2223
1266
1679
224
3673
588
1714
2095
2773
2508
3484
2718
878
2335
2219
2668
468
613
429
320
3530
812
413
250
1307
2741
517
2263
1267
3141
718
2473
1973
909
3529
2276
2125
2754
769
2869
4
696
3519
2205
950
2958
1769
3688
2495
263
2252
934
36
312
234
2753
1649
767
1068
1248
709
1985
2661
2678
1799
2247
3932
1114
1355
3500
2099
3773
3109
960
3755
878
1888
571
3036
3545
871
1113
1940
892
1075
3417
1488
2205
2370
1768
2868
2230
59
769
2385
3341
916
2020
2217
159
2051
3288
3709
1694
2605
3467
2288
1282
1594
3504
1957
4006
2154
233
2069
3805
2692
1359
1470
1868
3885
2558
2702
438
3853
1914
1218
1409
3106
2423
1167
257
1130
271
2348
1710
3148
3140
4014
625
618
1319
2163
3158
450
3400
1871
525
3094
3747
1379
934
3555
3566
3856
1221
664
2930
2420
613
3115
3352
3086
2735
2322
3746
2457
105
1887
3084
3037
3389
374
3333
2934
1191
972
2354
2227
1785
1435
1362
3840
360
2034
1611
2117
871
3588
2465
1568
27
3943
3956
1062
4084
3876
403
1387
146
3669
1799
3502
2271
3477
2412
410
979
1821
2951
944
311
2299
4067
1079
3207
2704
1811
2106
1484
1008
3168
2181
1303
337
2211
3736
3104
531
1865
3755
4036
1034
3863
528
2292
359
399
664
2606
3020
4108
2310
2063
2028
2087
1615
3665
2020
2500
3960
826
603
580
87
554
248
1730
1123
1769
1315
1025
2915
2792
1766
207
2235
4135
4010
2259
75
1691
1175
3862
614
2541
1029
2997
332
2017
3975
1
2056
1915
335
3186
347
791
1184
505
391
1056
2688
3211
2141
2936
2559
16
1576
606
3853
4119
3583
2271
842
3263
2447
1224
341
1065
3834
1984
4159
3871
2185
3859
2352
2392
472
3250
976
3649
1285
504
3927
3853
284
2070
412
1568
3893
240
3863
3027
4096
569
1978
1929
4193
1971
450
1333
1418
1636
467
3376
3244
1009
3547
1357
1386
3672
3484
3054
3419
1600
759
3158
852
491
1850
4174
2668
427
3250
1355
1135
3137
266
2765
2076
3271
629
3600
1471
3954
143
1500
2231
1795
3518
197
493
3837
598
3689
2187
3089
654
3624
2578
1475
867
867
2773
46
1236
3314
2275
1845
912
1259
1265
2434
1700
1696
4113
971
2715
2846
3948
3001
127
1905
345
2189
1265
1443
3540
3599
4094
865
1465
1552
974
1423
2590
1691
3890
1415
856
1872
1524
964
1358
2574
89
1441
705
2655
3914
2572
1554
1865
1528
2227
3691
506
2146
2071
2935
3830
506
2506
2601
1536
2114
2632
2185
1199
2713
1862
1710
4156
2349
3611
597
785
4170
1898
1005
1423
3813
1391
3378
3749
1341
2673
414
4241
2470
4175
882
3307
3227
3727
770
441
3669
2686
1037
3119
4109
1260
1422
2055
2581
1234
4102
2909
3951
3595
1979
1472
4024
1777
682
3428
4318
2527
3002
563
1314
3305
3783
1171
1203
2850
3449
1587
1335
1155
4306
2562
3720
2630
1859
2997
4361
777
2159
932
2836
2435
3162
71
3001
4152
1220
3807
4010
4199
3088
4420
3611
4084
1109
596
1368
680
3144
4092
4093
390
4240
926
225
3272
4037
3008
1630
1452
1906
185
4100
2480
175
3031
4399
2307
1087
2166
3555
1110
1431
1536
1448
1656
2941
3881
785
1658
4401
3451
97
1744
248
425
2329
1608
2216
3818
2550
4342
3614
2955
2913
2811
3328
4439
575
2656
1571
14
4194
3790
39
3424
4365
3271
4381
792
2495
1455
4376
994
2599
3886
2753
1886
2716
429
3793
1001
3251
4118
339
1523
2962
2273
4271
153
4433
4532
2385
2757
1736
2406
1700
4175
187
2613
1687
2343
678
2033
335
2534
239
3077
699
4305
619
3943
755
679
3456
2058
2002
3133
3233
4170
948
3118
881
1750
3088
3667
3067
2225
4266
2902
1298
1751
3083
2019
2010
1610
204
636
651
1949
103
79
3782
1430
602
1344
774
656
4506
2807
4198
1214
1965
34
176
3029
136
1145
2943
2696
426
2642
3720
2761
2839
588
6
4344
2458
4151
659
677
1427
2152
465
3084
2490
1750
3503
370
3243
98
3927
3913
4064
2430
3345
3796
3177
567
4211
4351
2343
4402
4630
4251
93
3921
3925
282
3238
578
1674
2691
4105
780
445
3582
1240
