3102
0
0
1
3
0
2
4
1
0
7
10
1
9
11
1
0
0
8
9
5
19
17
5
21
9
3
25
6
4
15
0
15
4
4
25
30
8
1
19
26
14
29
24
29
34
35
5
19
23
29
26
1
6
42
9
0
37
14
56
19
28
12
7
36
62
11
52
20
12
28
69
22
23
10
58
12
4
73
43
10
18
26
45
73
28
74
41
14
84
79
26
28
88
88
9
45
23
77
39
85
91
32
37
86
3
78
104
95
94
103
0
101
74
6
47
0
23
95
106
119
29
97
33
88
124
69
8
9
127
71
40
46
24
23
35
0
48
117
21
124
48
113
117
2
73
35
135
71
65
98
54
3
117
34
64
51
43
150
79
24
13
106
14
78
16
27
120
150
96
106
58
161
52
166
15
51
116
88
17
96
16
24
157
154
83
46
89
161
39
89
142
58
121
112
37
101
96
179
41
175
41
88
178
149
172
165
59
151
91
170
131
193
148
201
83
53
157
210
3
75
194
60
59
144
69
221
213
140
182
209
191
60
74
175
90
96
76
2
19
238
45
75
160
85
155
62
67
243
147
87
75
204
79
171
247
57
150
80
69
257
227
227
72
211
162
250
149
159
27
187
96
40
237
79
249
1
92
191
257
188
97
225
6
252
88
188
191
21
148
200
277
18
96
25
260
102
29
125
194
28
216
36
287
294
271
19
284
215
249
126
269
153
274
164
159
188
94
247
158
196
207
319
70
255
80
13
218
228
279
314
194
202
80
143
253
39
183
5
213
305
126
318
160
121
128
307
335
290
325
229
117
71
12
233
258
50
39
305
205
102
273
37
348
2
29
16
220
139
317
53
30
250
292
332
269
244
293
2
108
308
135
172
332
284
333
327
282
53
133
312
213
106
52
334
281
137
65
201
111
259
109
23
367
106
376
122
341
394
73
58
179
201
326
318
131
37
347
388
307
91
142
10
64
274
356
311
237
320
425
135
412
221
111
127
118
142
371
226
124
155
394
146
171
426
94
198
75
130
368
354
91
4
311
424
292
285
147
123
404
94
280
407
322
315
428
327
444
153
121
374
285
288
342
19
367
33
181
121
224
145
86
363
311
73
401
369
158
196
410
38
91
291
272
85
442
444
164
106
263
67
454
204
182
472
327
130
173
284
494
131
230
52
322
356
203
188
34
305
79
77
445
512
29
148
193
371
175
81
138
194
230
180
357
92
59
499
419
272
163
506
519
483
470
362
261
284
434
395
147
364
154
338
442
346
414
336
86
420
12
200
467
22
68
41
250
53
112
18
389
128
35
476
495
188
412
180
34
261
446
181
301
175
284
178
69
443
177
147
117
551
160
483
212
330
231
565
298
63
107
572
496
252
546
129
447
366
139
464
380
512
420
515
80
549
198
590
334
303
618
385
559
410
53
130
391
538
599
284
508
126
611
265
376
388
612
408
22
221
514
256
315
307
226
144
20
630
41
196
49
175
14
271
280
649
57
547
161
486
620
190
222
641
409
305
259
605
585
40
500
119
120
131
362
600
663
432
430
156
534
382
14
457
615
35
634
567
246
504
544
624
221
436
30
443
169
76
566
138
399
174
682
177
699
153
424
690
18
115
459
491
584
603
634
93
58
683
193
465
180
656
538
114
591
53
150
200
704
595
426
527
381
88
427
450
433
547
337
154
598
57
321
470
617
92
453
175
667
651
79
67
64
107
91
735
414
397
254
96
310
541
495
308
280
201
693
246
431
512
108
30
92
191
134
0
485
255
652
741
447
625
302
529
359
585
35
377
168
768
357
332
218
202
219
454
707
477
34
440
482
80
610
728
107
16
163
112
416
430
657
411
721
143
108
704
317
155
618
551
101
647
617
509
338
235
217
205
784
4
29
7
629
179
370
189
375
640
449
496
290
24
102
438
680
264
545
793
611
304
819
670
711
773
774
833
67
807
102
330
636
811
12
677
124
682
512
68
286
332
580
556
331
254
55
254
400
732
569
522
389
840
222
56
102
254
123
225
607
310
218
628
829
429
396
846
681
819
213
685
314
858
155
787
673
86
740
549
589
328
110
201
822
68
346
691
717
634
733
865
682
520
84
811
900
694
803
520
675
337
374
794
635
540
417
35
685
810
253
80
674
11
235
271
414
66
781
397
644
710
670
281
858
621
211
23
344
650
731
74
198
321
893
446
949
314
879
355
745
889
693
602
336
473
192
523
966
692
400
409
776
93
257
460
540
910
736
657
539
458
763
833
153
548
660
632
139
458
493
892
806
660
613
287
98
958
195
145
541
137
69
928
545
635
486
813
701
1010
243
422
32
405
167
631
689
155
686
312
453
926
929
886
75
809
184
610
635
819
66
317
390
194
436
1000
644
280
514
140
117
521
150
1040
7
127
750
625
556
485
418
296
727
245
332
725
197
754
699
185
907
170
1020
970
757
222
927
490
704
273
1002
509
2
316
525
1019
326
192
68
388
724
579
12
937
916
667
638
940
513
806
675
246
446
629
350
1007
789
780
203
51
761
488
202
1034
148
250
918
1050
932
325
141
1057
129
275
893
308
384
957
388
1045
805
254
666
729
271
112
842
1022
1102
479
180
381
78
927
445
769
669
867
964
69
967
961
1029
713
648
1079
380
534
210
1105
415
536
44
656
1156
904
861
1097
838
821
916
532
1111
958
188
650
423
248
330
191
125
735
1112
204
191
817
1096
974
634
974
311
61
1087
1169
891
1166
1188
123
408
242
586
231
863
1133
1122
587
1016
319
589
338
889
718
881
363
348
603
430
439
620
56
604
897
347
988
499
1088
1138
175
1112
701
528
778
1182
869
71
793
1034
1118
598
560
327
351
409
1185
817
618
980
600
912
338
1229
662
1245
1118
614
847
80
807
1171
916
513
1202
570
149
534
69
993
216
198
781
396
512
821
421
942
927
31
449
705
409
609
664
1
7
31
1107
1093
1149
128
1191
1143
691
829
26
447
116
842
257
782
1162
625
1098
829
184
841
1195
958
633
606
979
1178
1109
1204
78
735
1035
84
690
1212
314
540
658
1074
1302
840
72
905
1042
1014
1090
719
736
1179
1305
826
470
1039
1120
647
1173
1294
1179
825
681
811
760
1085
1186
585
576
326
66
857
1315
241
100
718
291
348
1011
753
549
1214
601
986
964
937
1220
687
910
144
261
781
593
492
591
46
1026
216
493
619
362
999
1149
572
1063
664
1014
209
1323
1156
99
782
294
230
1253
555
192
1049
989
191
519
1177
248
1085
1157
309
5
1106
1358
30
1291
108
810
404
1284
40
372
289
490
269
531
547
938
263
1335
165
325
1070
5
872
1390
920
552
1227
870
965
334
217
1046
464
250
412
1148
1024
1237
126
58
1030
1228
416
1362
1136
1405
694
213
1083
867
309
1143
1189
1124
252
629
468
1084
248
1168
1446
463
71
523
689
186
16
768
246
1393
1356
1031
373
258
1400
350
1174
631
665
607
154
340
1105
397
228
1196
41
1292
62
1351
418
212
533
330
940
451
776
1027
710
663
782
1312
832
376
957
710
687
1228
1342
615
1403
1073
1061
635
796
54
102
1067
516
274
401
462
394
36
116
199
850
17
816
71
178
578
1282
1261
408
1495
1507
395
555
1238
811
763
309
605
1113
253
670
1219
976
823
1471
728
593
909
1415
1280
608
1315
1353
672
273
1433
1460
672
81
547
1254
1234
259
58
1056
1018
632
375
1560
993
193
994
1188
147
132
758
144
848
1229
948
1136
1534
556
856
1140
473
427
1497
830
850
527
1380
1009
757
1593
1288
1125
107
983
1294
123
1060
678
198
1216
150
656
63
1392
1420
1155
328
1301
496
459
919
246
290
755
1341
258
1110
776
220
965
462
626
1182
117
1318
1429
752
1093
598
1166
888
1608
1052
532
291
908
575
1117
14
268
757
508
569
838
1374
1067
1467
556
1070
1586
284
19
1103
19
1313
1228
941
793
1335
2
636
1231
1369
1489
501
1184
514
1662
1041
106
474
1514
221
1310
656
299
701
1670
1183
1141
601
1076
1109
849
311
627
1188
129
1054
1162
1334
56
805
1274
1419
263
770
354
1071
754
1383
1715
180
611
361
891
1482
531
547
185
1559
124
663
1247
349
510
110
710
455
272
1180
246
352
1125
1209
739
944
817
1426
440
739
166
532
1575
530
3
1383
172
456
1674
365
319
1606
1601
1705
420
836
52
465
1740
1532
816
1356
1392
367
1618
1020
1237
1511
596
981
1074
1192
1615
748
23
776
800
289
550
641
156
10
1468
212
1358
1358
690
1249
1183
658
142
430
959
1576
1490
814
1470
338
515
1417
1046
139
860
172
1709
851
937
1518
370
215
1721
199
459
410
271
680
757
1318
226
665
23
947
346
303
619
1014
770
709
1583
388
995
420
995
1461
1215
1621
273
594
1148
367
1399
1439
35
1192
1262
309
1055
1298
109
1041
111
1344
1751
1791
360
506
1721
425
1332
1820
171
1025
698
1228
1535
1202
334
566
313
1628
478
657
1675
1755
1135
317
151
684
785
648
546
1136
1480
762
1311
599
1025
44
1270
286
74
1417
1417
598
423
1494
343
882
528
1412
472
1121
220
846
151
674
234
160
280
830
1600
1035
85
1826
40
1426
220
590
425
1899
1554
167
1006
994
1317
1729
292
1103
69
662
1049
1410
1562
529
1595
1463
1359
1660
793
1274
1718
507
1387
1806
144
39
231
635
1859
1900
1311
1857
825
1250
407
1421
978
888
1291
1425
700
908
1485
1672
960
845
645
957
1345
314
439
464
910
1803
1247
1126
585
1343
1100
155
1472
761
1036
1917
262
1098
1927
1983
961
1466
1142
898
769
1062
1174
1774
1653
1748
502
1178
336
218
1285
887
393
295
839
1851
606
1579
1620
1772
634
657
364
1541
263
116
427
886
224
403
1138
665
1645
484
985
203
1373
790
291
516
1092
1958
1756
828
1395
1390
1635
1693
1920
1833
893
903
893
1361
1286
1595
238
1242
131
1518
468
1020
1841
1357
1608
324
1043
1879
1518
395
1433
624
1439
750
64
358
168
284
1170
1968
64
59
570
1387
1925
1572
954
615
1755
1146
117
1794
776
1119
1471
1552
156
616
2007
795
1199
1588
255
1663
1239
1088
1657
990
238
542
687
1385
44
1569
145
1296
839
1286
1488
1395
1570
1735
728
733
729
847
1096
456
309
79
2032
1603
1506
1948
565
1641
1694
822
1153
526
1547
686
226
809
990
1785
1066
1867
153
1264
656
1029
1549
446
267
1485
924
1137
1813
410
697
1737
341
81
1754
1139
2117
2129
1127
2087
2141
2018
828
698
374
56
1893
1765
253
260
2131
1684
2001
1978
1562
1825
753
1073
385
1722
856
1263
78
758
904
2171
1210
937
1450
1193
1148
155
481
1129
716
1709
1948
1385
1309
1924
603
875
227
204
1703
1400
603
38
972
1389
55
335
1991
139
2127
1079
1004
2185
1693
843
714
1353
1658
99
737
80
359
2096
751
1289
1812
439
1721
2045
1727
2144
1496
822
1660
104
841
803
1612
1343
342
1510
2132
1227
300
383
1607
195
1635
270
1666
1533
527
2033
1027
1873
556
394
323
732
348
25
43
970
1861
2167
177
332
1808
157
416
1378
1731
2017
1554
1442
1106
890
929
1656
646
1057
1691
1867
2286
840
257
1934
2246
1116
1967
1749
1552
369
153
1076
1774
1951
2308
1284
977
1277
1132
1889
1748
101
713
1101
2221
986
683
879
1891
185
2323
1669
2282
1328
1701
1530
291
143
1494
577
909
467
109
1153
1122
1420
1333
1927
392
1359
1324
1251
382
688
1045
266
142
1750
135
1533
766
243
608
745
737
1477
1642
1206
1788
1280
1765
64
234
132
94
1161
237
689
1720
989
121
902
1702
1120
700
1152
1672
955
2242
1305
1580
631
1735
1384
966
1033
642
170
1756
1033
1213
2182
89
179
468
1059
2145
148
200
2062
943
1126
273
712
2189
1768
706
1546
1900
1519
1252
567
372
2024
380
1093
1567
1052
194
1404
644
1746
712
911
2307
633
1765
450
807
1759
2152
523
272
1691
465
2359
1657
436
2036
2323
4
2183
46
2348
2270
981
648
1424
939
2242
2060
129
1025
2396
980
400
1727
1906
1426
1313
1218
2177
245
1306
2192
123
510
2090
2045
1942
2271
2331
235
1938
1711
1508
763
2276
2430
1596
1098
732
741
723
348
596
1949
690
957
2110
1237
277
1783
806
1177
607
1616
1654
146
1942
2115
1760
213
914
207
447
2327
544
1093
1775
116
541
2427
2288
2
1783
217
1644
1424
1309
1273
1054
634
199
882
1755
2314
2180
950
60
67
2137
1445
1746
1589
2325
1165
257
855
255
1026
1641
384
591
1396
1728
1348
258
2499
1271
1477
2517
1368
1872
2373
2091
2506
2111
552
1828
966
758
470
1670
839
614
560
1607
30
1957
402
1275
1090
1371
1324
1577
500
524
2422
2460
925
2521
2379
192
2172
2423
911
2163
1949
634
2495
904
1028
1147
319
251
273
26
2310
2156
736
861
384
949
1505
435
1334
596
1612
2266
157
447
2227
978
60
1787
2020
2480
1994
2172
1111
2020
2013
674
2071
835
1828
132
1195
2189
2375
2130
1862
792
1311
728
1496
2599
1611
2162
1365
2116
1879
1682
1870
875
1482
2377
626
2460
2071
2425
2569
2093
2610
72
272
2214
2116
529
413
11
827
1562
1173
2086
2151
1218
1966
2590
1947
1923
1914
1761
1528
47
1902
171
931
2058
1901
1756
7
2195
969
1310
544
33
2227
1005
1167
232
2509
149
2432
1993
110
2215
544
1171
1754
329
627
2702
489
1009
221
2528
2215
890
1240
1553
326
495
523
1663
2300
1834
1876
1225
490
1607
2005
701
1322
1246
2038
1963
1352
300
966
1480
1974
1594
215
680
351
2221
366
555
22
1788
2722
184
1291
1494
564
1738
2323
1913
239
325
309
1420
1240
1225
209
2310
1227
2600
858
564
2621
2695
966
551
1501
117
1911
139
789
2280
513
1526
2725
517
1706
1583
1826
1635
746
48
1254
180
944
2612
929
90
1406
697
1065
2361
1691
527
65
2178
2462
847
8
1572
1301
1517
669
2077
120
811
616
670
1258
1692
2005
2414
1850
945
1055
2530
72
1632
2310
608
2292
756
721
2499
2131
110
2565
241
859
1814
671
489
2588
2387
620
2485
1076
1395
222
2283
2080
476
1897
2583
2699
470
2366
2655
1603
175
1660
1702
703
957
2130
2088
2630
2479
224
18
2284
1797
2366
1010
2436
1379
2349
1211
835
86
2717
2698
801
431
2441
973
2060
907
1123
327
655
1801
2713
2799
1283
2234
492
1654
2659
932
743
1457
2006
351
2247
1974
2441
855
148
301
2424
977
2753
1838
2847
1174
1782
1911
543
2830
443
2327
2851
2374
1864
1463
230
1259
1505
2292
1799
764
55
2401
46
2408
1890
1442
694
54
2480
37
108
2847
265
2005
1234
400
1834
805
1148
2593
929
1560
1242
2495
280
2227
2788
2150
1045
1412
673
2904
2288
874
74
2372
2861
583
2547
2336
184
994
1155
2352
1033
2802
2577
1213
1433
650
2670
1459
846
2635
2346
571
1706
1531
1947
2401
195
2603
2509
2615
1870
1269
1179
1180
659
1918
174
1414
2311
1928
1949
1637
2235
309
203
957
2411
1890
331
1332
1142
1520
1320
2
927
1787
120
2823
2237
2890
476
905
308
2909
1102
2531
498
492
1913
2879
214
2788
2542
1348
2210
780
338
2993
1938
2937
2426
2080
403
681
1060
1516
1469
727
2902
2876
432
2753
1270
462
650
2124
673
2821
548
1574
1338
787
1334
179
43
35
2654
1453
1776
696
2542
2826
1269
836
2044
831
1649
2458
1126
205
1243
781
1569
28
2268
1846
1004
2250
2300
1678
2738
2992
151
346
2500
77
1823
1025
2247
2180
