4404
0
0
2
3
4
1
6
3
7
2
10
0
6
4
11
1
5
16
12
2
3
8
9
18
12
17
1
2
1
10
18
27
14
25
27
0
7
37
23
9
39
1
11
22
39
27
40
25
14
44
14
48
19
3
26
33
51
42
30
48
12
44
40
52
28
43
20
18
7
20
64
33
38
24
37
16
25
52
61
3
41
57
36
34
79
85
35
49
4
10
24
87
92
65
65
95
84
84
73
21
8
49
19
26
25
87
98
83
51
67
25
47
60
49
9
42
105
8
30
75
62
25
116
115
45
59
37
91
72
39
94
66
74
94
110
132
131
28
34
100
66
136
98
139
81
82
22
131
95
130
108
141
147
115
67
20
95
27
18
104
97
26
161
0
94
115
42
7
29
34
31
150
64
49
109
153
139
54
36
70
138
160
134
25
124
65
180
179
61
148
9
70
126
49
38
63
103
66
90
84
138
58
12
62
94
40
89
88
15
190
71
138
63
97
136
191
119
198
121
87
188
202
47
150
118
114
180
31
74
93
97
82
73
58
176
166
162
147
53
152
76
205
46
214
58
23
221
5
9
218
210
164
222
81
11
247
96
105
122
32
256
204
68
241
233
203
223
68
96
35
132
170
231
129
90
53
161
78
49
181
73
20
3
43
137
46
240
169
285
204
222
43
147
106
120
33
128
277
21
235
261
266
257
60
113
67
16
96
98
297
225
214
125
75
168
310
79
126
264
108
296
238
306
143
29
13
170
283
315
226
114
300
125
87
100
320
250
151
165
41
23
71
13
0
184
87
144
23
266
325
37
129
192
102
123
0
296
172
345
326
133
165
85
29
329
99
194
22
119
29
169
291
90
144
360
340
198
324
285
13
175
198
113
39
54
54
315
327
100
139
249
74
328
199
40
100
286
216
211
220
396
358
119
114
264
296
184
153
389
126
339
33
134
277
181
414
182
150
198
295
186
156
403
152
3
46
195
116
206
356
110
324
199
29
0
218
258
312
68
231
89
152
65
242
377
272
179
230
38
295
228
220
207
98
58
126
150
436
125
121
65
88
369
349
5
355
195
132
128
61
15
22
79
17
268
220
136
356
477
32
43
421
238
174
94
482
383
30
65
380
47
384
338
298
112
55
449
397
249
483
443
409
296
287
174
60
391
375
459
264
482
363
347
511
445
262
240
193
463
231
59
371
173
248
150
28
428
450
365
130
233
355
508
218
50
217
509
63
443
47
197
408
211
135
135
82
67
242
32
59
93
42
438
237
259
357
333
436
399
399
131
435
553
516
443
77
301
516
114
432
238
457
454
392
161
180
280
100
295
188
277
280
503
446
525
346
10
527
425
304
273
125
394
428
209
147
336
294
570
440
68
104
165
112
130
602
87
19
218
279
95
524
164
570
179
211
144
437
541
599
170
614
25
156
578
440
37
151
548
312
177
501
380
113
481
476
160
360
386
451
542
554
72
192
636
622
172
465
346
105
507
168
470
81
388
477
128
323
397
352
444
288
222
572
198
214
630
666
117
324
497
484
142
438
346
570
666
97
149
656
548
426
162
618
118
499
441
639
576
229
248
114
351
170
419
452
539
459
313
408
196
353
518
470
6
273
175
545
140
633
678
193
590
674
521
453
590
51
290
18
711
585
269
586
665
332
349
182
365
84
595
192
602
251
389
666
544
237
182
253
112
137
498
675
191
318
366
670
717
14
490
630
658
120
338
163
711
599
147
336
44
23
516
154
129
644
49
47
584
281
693
403
32
466
94
678
687
707
498
88
528
52
295
507
120
222
278
409
201
616
522
172
295
428
133
636
634
193
44
213
420
587
568
210
347
496
519
210
86
729
623
55
20
469
272
626
660
128
506
744
177
686
584
769
748
515
503
252
666
409
554
460
676
175
694
650
812
559
298
800
440
460
586
603
737
258
242
506
725
342
356
149
367
318
822
15
783
679
318
689
805
502
172
725
579
5
244
223
662
73
602
95
299
631
418
185
649
715
410
323
813
82
364
659
324
701
863
487
372
518
532
707
316
158
316
559
317
443
296
829
304
89
730
471
128
165
225
204
609
586
137
158
395
2
202
658
135
400
284
16
649
583
394
206
503
296
384
314
878
499
652
697
781
368
237
161
638
926
34
616
588
349
661
874
587
14
919
455
621
507
866
474
834
434
506
99
680
19
598
86
230
238
795
666
627
152
961
155
327
178
906
133
381
682
741
583
683
46
711
596
896
574
797
21
559
293
4
201
49
107
66
900
654
989
772
653
263
670
566
263
338
320
724
716
405
729
585
709
769
339
154
467
728
782
582
642
984
432
912
788
135
184
889
835
154
406
858
512
815
96
730
76
261
493
533
383
874
873
37
532
616
995
262
859
350
794
269
352
160
931
903
553
182
21
680
19
296
743
718
769
553
996
971
539
510
897
1052
592
866
438
823
309
732
170
958
477
162
600
18
967
988
562
513
294
50
407
741
1076
579
523
635
11
909
228
498
387
248
708
892
1003
556
795
574
87
1027
159
348
211
508
300
946
279
390
178
547
329
921
912
244
551
844
792
4
330
113
1008
323
12
62
639
357
954
756
829
794
586
220
3
161
987
368
575
774
168
257
289
288
358
667
687
41
363
908
1041
1144
795
311
592
990
550
903
931
825
823
799
170
248
543
1120
1034
559
380
220
718
830
75
201
836
1140
1047
630
992
925
608
669
929
675
632
210
511
945
97
336
642
1036
1173
585
102
347
85
466
1167
985
67
1162
169
19
1111
1031
542
76
486
739
903
664
870
117
622
182
475
750
1063
13
294
35
1198
447
621
773
306
1223
188
305
670
208
590
781
418
662
349
165
717
353
530
578
45
735
318
29
1156
902
164
89
20
62
964
1005
244
1233
453
248
586
196
36
445
521
287
707
774
1026
787
987
572
883
88
311
225
667
107
679
1088
224
437
1189
661
517
192
971
1174
141
128
639
213
888
1272
1133
1257
641
101
1034
22
1208
183
171
523
190
1113
525
1212
923
1174
1249
842
125
1229
1264
663
555
1019
523
521
393
794
1022
151
906
266
632
628
325
1195
217
234
182
1061
348
900
207
798
1049
369
419
325
236
471
413
1026
124
131
1056
375
909
5
366
106
303
836
658
774
756
160
354
391
470
1150
676
697
758
716
661
122
314
711
55
496
841
342
80
1293
621
1263
1271
1377
80
891
1017
1269
820
162
1128
822
481
620
194
1305
299
1272
385
636
794
134
878
883
912
1058
379
829
759
366
579
1083
344
1296
905
290
820
651
197
1211
123
820
767
188
304
1371
889
837
175
172
971
697
431
479
521
89
1140
161
585
842
1014
0
764
189
968
596
1324
550
546
10
306
450
1427
816
809
1410
96
787
383
1452
451
761
731
651
421
169
451
326
265
412
728
1181
582
591
577
902
45
414
1402
81
320
598
1331
1446
892
781
961
844
257
585
1333
1036
1485
303
412
1467
1324
774
366
1393
767
1118
1198
690
904
1347
226
1430
567
1275
107
1421
560
1504
532
1394
811
535
590
1212
819
21
1254
97
792
1518
1500
392
701
841
278
197
1222
739
841
577
602
946
1431
772
194
1526
248
1173
761
585
359
1499
531
1349
590
774
1030
841
878
849
36
118
869
215
1174
1296
459
1441
514
893
294
615
255
420
654
1255
1319
72
796
1038
1396
317
381
786
528
267
713
1185
1579
1507
982
709
805
181
1046
966
410
1324
346
965
1412
264
466
782
628
1160
434
596
1101
1084
403
382
656
581
1395
901
1158
482
1288
42
1185
1363
924
1217
212
263
606
1589
918
1544
544
1314
803
635
1029
1122
1435
262
1472
291
1473
515
1330
401
404
38
1409
716
102
1344
1361
1294
72
80
236
408
1004
277
941
1637
555
1424
1335
1343
1179
116
701
544
82
1486
224
833
989
339
1306
819
715
998
359
419
127
1486
291
207
1217
1167
213
1158
945
152
377
639
10
425
1100
1560
1369
121
835
624
1564
569
606
1284
71
1004
128
131
842
1174
262
1619
77
1130
721
640
1451
830
1712
96
83
542
181
814
146
642
1040
1470
935
1335
398
936
1718
432
1415
1365
722
819
517
1050
979
1655
677
187
1296
1657
1738
1642
1670
1302
134
293
1131
1522
1618
590
36
1742
585
567
1387
1567
230
823
130
1590
713
383
382
1548
1258
1015
517
1494
1218
1653
1381
1086
241
1479
466
813
1604
288
936
759
260
1516
782
1322
851
1630
1132
1392
548
585
1374
1299
973
1381
1388
968
1425
241
1280
756
81
1788
379
1339
1039
8
575
1756
1507
50
1378
1473
5
1514
874
1529
377
188
259
941
1620
1491
493
800
372
82
899
1120
1753
676
1124
148
1489
1580
1834
763
34
661
766
772
834
1190
1433
1795
1612
1670
1071
1343
1155
209
623
1275
1296
308
140
1202
402
627
915
380
1490
1202
402
564
1603
1556
138
744
1479
891
1214
399
413
411
1146
1029
358
394
709
366
893
1087
164
514
457
1454
317
616
527
301
512
1304
201
1510
1697
1197
7
1771
1656
1027
493
1353
559
1701
1305
1145
704
730
1293
775
197
1105
1581
982
598
109
536
1266
766
44
82
1715
722
1121
168
1849
41
1401
1621
584
634
1655
572
1317
674
1679
906
993
667
1216
707
442
478
1670
687
791
365
1558
143
972
786
563
738
1139
1762
1394
563
1847
1539
408
536
642
815
1681
182
1963
262
1603
188
476
791
1089
497
1279
1144
1686
543
274
1870
988
1460
286
822
400
435
824
1279
1539
1906
1579
1493
589
1927
318
1688
1861
522
1739
1291
1363
1932
62
349
481
402
1967
1307
1835
1698
224
768
117
1908
1960
364
1643
497
1679
1225
1251
1825
1131
241
336
2008
1256
238
760
1444
326
1105
1333
1493
1253
1332
1110
494
1126
1920
1927
1258
104
847
1038
1946
840
1714
671
11
614
1949
997
896
1316
1006
2046
1803
1427
1242
565
1343
1718
1080
136
485
1993
1720
179
697
298
117
853
352
1724
1784
780
737
1928
331
1341
519
1925
1614
1887
504
1473
1149
963
733
719
2027
545
1368
86
241
849
1147
522
458
50
726
748
476
460
338
157
1837
513
510
196
180
1605
589
1940
1312
1314
917
1433
428
547
51
801
1662
480
990
622
667
1353
1685
1492
464
1964
482
1940
1901
1751
1758
934
828
797
1288
2067
271
1423
35
629
1751
84
2021
714
1253
470
749
1051
877
1001
1398
1621
518
1393
1953
498
736
2005
695
1038
1222
888
340
1473
537
1114
616
30
2170
620
1147
1263
1244
1947
1299
1197
632
2176
861
542
1554
1017
543
156
579
110
741
1122
769
955
1865
90
809
45
52
19
1738
1046
1266
1620
920
1895
875
194
1325
1715
1050
1561
1315
1507
1436
1076
124
767
458
53
529
701
1745
126
608
1039
1891
442
1277
1553
1278
1580
2165
832
643
1840
1926
881
560
223
492
764
852
1724
176
1124
781
1679
2164
637
1255
1998
1344
1734
1655
2113
1615
11
1426
1798
139
346
1441
1714
1157
1425
2235
1270
2150
269
909
1606
1565
754
642
1562
1102
1945
1392
1709
312
1194
2176
990
928
652
1888
1315
1628
2060
154
1378
2185
1516
1647
1423
342
1721
1086
2180
2134
2225
1016
1798
1790
725
827
328
1573
434
101
611
1678
2033
1212
780
769
1639
220
1630
558
96
1709
1561
529
2003
555
41
2256
304
1709
735
1657
757
2333
596
1873
2286
1255
1347
293
95
1677
1495
1253
1654
2233
653
2292
285
2095
581
1874
2084
1698
2269
674
737
1622
1288
840
1204
1513
1185
2092
156
2213
1732
245
1194
1736
325
1703
1874
265
2212
857
273
1254
2086
2280
899
1286
1237
214
1711
379
2240
1500
685
798
2208
841
634
116
1062
1969
1183
1590
92
430
655
2230
2152
1290
2110
1310
1286
1435
585
2256
272
1853
1251
6
344
972
621
1511
1685
1200
709
15
1691
251
869
1808
2152
454
639
2351
2203
1789
412
488
1868
2030
2252
443
605
354
440
699
639
1620
1405
125
1303
784
1491
173
577
653
2115
249
1424
399
1719
1030
2281
782
525
1107
1963
685
909
1039
1756
2132
2401
2173
830
162
2241
1135
1933
1148
1817
2360
492
1880
1340
61
677
147
1763
1967
200
1215
268
1631
935
2150
368
2228
1144
1338
1036
2399
1142
1682
2124
659
1346
1775
475
544
2507
1173
163
897
2277
1614
1892
1881
1099
1538
2387
442
1052
1745
1187
111
742
1520
636
1244
2460
1040
1133
1915
1455
1866
2190
1761
1718
322
820
665
1279
991
810
1326
1837
424
781
511
2075
1595
437
720
2524
1121
995
1895
2558
1610
2161
1030
134
943
2115
55
2068
851
714
2159
158
1234
2486
287
781
458
2365
1828
1292
381
2203
1339
1432
820
2548
2118
81
1525
1028
2389
16
55
523
679
130
184
100
1019
1738
1238
336
1964
2251
2599
1486
1039
1424
2023
925
1032
490
2002
1035
1937
2578
1919
2110
1351
783
1727
716
65
1056
1972
33
1607
811
338
672
2043
2508
665
2235
823
576
1093
294
2225
1082
2085
2577
441
2630
821
1059
1487
1913
1836
2533
2035
1534
1650
2487
24
1603
899
1746
548
1789
1593
1894
1071
360
1958
966
228
1696
1713
2063
2049
2081
2276
2616
39
2161
2365
335
2110
2615
1857
481
1918
440
1666
2420
769
1156
1634
153
1421
432
242
970
1363
691
1045
482
709
2323
1494
2398
122
1755
2181
184
1652
1275
1898
2514
1349
2002
2144
1345
1470
1783
1759
450
2470
2092
2548
940
444
2029
2104
1346
104
439
940
1637
2647
2387
1728
2021
1594
2101
2583
2231
2000
854
1076
1398
1330
1839
1904
2360
2162
2636
1586
1708
577
1523
2326
188
2349
1341
1891
978
118
2058
2053
747
851
2075
355
2324
2294
2194
538
2039
1250
1973
1796
491
773
2225
33
2108
2045
1316
1602
1654
1147
1585
2217
112
2480
1708
983
1889
1144
1201
175
970
1009
2263
1500
1193
1429
1909
1950
1809
253
1934
1501
2196
177
2504
820
1778
1293
350
2499
898
589
959
1422
2234
2295
2625
1209
1532
2756
1072
2066
1399
358
1625
2689
2800
2805
19
2755
570
1075
965
371
1305
733
1949
1768
128
59
1602
226
1550
1148
955
2596
1551
144
2718
2731
2402
2084
361
2566
1634
2574
2663
141
1531
302
1465
2378
1131
2535
1830
1218
1922
2801
2020
317
1687
352
2205
278
211
2530
258
2636
564
1134
2015
1331
1583
1280
284
1428
2556
117
601
2017
2404
2
62
1010
1491
17
1516
879
1869
2869
414
1179
2309
2174
2654
195
2876
1043
257
68
924
1450
1722
729
1877
526
1132
1323
1074
1502
1949
1558
657
2302
2807
763
1526
245
2196
1929
199
632
1879
523
759
2645
1083
2781
2588
2489
1976
78
839
1690
428
1719
2352
2946
2089
811
1251
1382
1203
1321
2644
465
161
598
524
2738
2593
2588
1821
2423
1757
2868
2620
846
2455
2760
146
169
1010
1033
1752
2576
1756
2771
2901
2649
1981
2932
1632
551
1562
1553
1919
608
2813
210
672
2675
2045
1664
512
538
1048
510
1428
487
2960
1173
172
506
1570
1238
1265
1419
2681
696
2679
1713
840
599
1856
2653
362
731
1516
1731
2781
1103
1390
1443
133
1106
2986
615
243
2889
933
1596
2183
1931
2535
1326
2073
883
2573
1759
986
1138
2438
2590
2220
2075
2004
129
578
61
3046
2942
1231
2829
1715
2607
75
449
2356
1673
1182
1046
1825
1663
595
1046
1346
2141
368
1826
358
2915
176
1514
1952
675
2191
200
1511
248
54
1345
111
2714
1922
44
2996
2268
35
3065
45
1247
329
1851
861
526
2444
595
1936
3092
1220
898
1509
2086
2039
275
2571
1567
742
2223
793
2430
1678
1202
1934
2683
2436
1709
2162
309
2892
1010
2066
1353
2903
802
2133
2981
366
1728
2892
1322
2661
3124
1273
2952
109
3109
1773
254
483
1102
2643
1023
2968
513
1039
2754
1656
863
909
120
182
2089
1355
1819
1573
1915
408
2007
2071
531
2451
689
1483
1046
2803
2581
970
2332
2117
1011
3000
23
732
688
392
712
589
1032
1709
1282
1558
2312
261
2321
945
2364
1665
1068
3074
36
1833
2859
2817
1451
1674
1930
452
2020
2829
416
2419
1327
1004
1937
189
1356
1721
293
301
3101
116
1959
1170
1065
947
1058
760
392
203
583
2064
1157
2774
793
1709
2311
311
2511
2457
1992
2217
1122
331
1856
567
285
2398
775
2578
2483
388
269
2652
764
664
2303
2361
2169
969
1330
1436
3195
436
520
670
3184
1869
1128
2841
870
2085
2031
2885
1333
452
3242
627
1330
1674
2795
1627
1466
2833
1278
1042
2179
3024
2473
646
312
3101
51
741
1616
874
985
543
1364
44
742
2236
2445
528
1161
1378
1034
134
1721
2599
1336
2758
561
1286
2875
2516
431
2684
1628
2659
1422
2058
1769
3198
69
2988
1311
1740
1958
655
3033
2983
2578
2400
262
1107
2223
2944
2023
1410
3250
1968
2127
3195
2132
868
213
481
2747
2461
341
604
2420
1394
1719
1520
764
1995
3159
2575
1679
1940
2519
3144
1534
2301
816
47
19
620
2038
2656
2624
2988
487
2047
758
1852
2248
3095
405
2949
3216
2456
2320
1604
1779
488
2775
2354
2928
2437
3334
279
23
1202
54
1872
876
365
1037
52
2334
2351
269
1762
1937
395
839
3062
2560
1515
603
2313
1724
1705
1286
1668
2999
581
1395
2265
2858
2369
3300
810
2008
1503
741
1632
1528
2816
2191
2903
2939
2895
2688
79
876
2477
2070
3026
438
27
3355
2715
2745
1982
1462
2967
1697
2471
218
961
3086
3055
819
592
538
2857
934
1383
406
749
2025
2278
2690
2184
949
942
3112
806
1286
2234
2401
2364
400
986
1640
243
3280
2174
3324
504
1962
1219
1443
70
1514
507
3474
2866
1773
3443
2245
894
2435
1460
1265
971
742
51
245
3370
2851
1165
109
346
448
232
1175
1027
2200
1686
2545
1055
322
671
553
1043
2585
2916
1554
2605
2836
1378
710
493
0
1908
1175
1188
3303
2754
2380
819
995
1905
1918
2067
918
1402
3352
3180
2240
2059
2750
898
3081
2986
776
3213
2948
2496
252
2657
2877
1241
1207
3551
2765
1162
561
825
2216
161
316
2166
2499
1158
2457
2380
909
2734
75
3544
979
2050
3317
709
1743
2583
72
1858
1101
553
2512
973
208
628
2874
2265
2270
2753
2616
1857
2749
2292
1453
1964
3302
1173
909
2594
789
124
3102
1519
1609
1606
742
528
896
3231
1658
3178
644
2233
1260
2011
1019
867
878
2486
3525
2169
3053
85
1623
3241
3176
1622
3252
1680
1694
3548
590
1467
339
982
1064
2635
1451
1792
2665
3275
1453
666
2225
2320
2922
1295
1285
3090
1716
1748
903
3357
2739
1668
3164
3195
1979
3050
3571
2812
3412
1397
824
820
1961
1574
1895
2394
1654
1890
653
1073
2658
727
2669
3086
409
1561
572
3380
426
1556
2244
823
2046
447
1313
1535
2600
100
2884
2873
712
13
2616
338
1248
1552
1125
2960
2450
1174
2438
125
247
2831
2830
2753
1929
2128
2186
2003
2034
1048
787
80
3431
564
3676
2757
278
1013
1002
3119
2637
791
429
420
3321
844
2686
447
3019
977
3626
1644
926
3493
27
329
406
715
3122
3441
1707
3213
1465
7
1513
3673
717
479
3382
674
1665
1024
1895
200
2898
1348
1458
2800
203
1395
3637
2969
2138
1301
2918
3315
1059
3399
2353
597
1411
1588
1846
2800
1486
236
3648
1775
1360
2761
2399
3779
1383
2643
130
689
989
2295
509
3032
3412
177
2333
3707
2515
3014
975
1577
1888
3224
357
2351
3755
3710
3537
3003
2324
3770
3056
3087
691
1511
2625
758
863
2160
3087
1719
148
818
3754
3577
2801
2918
394
3354
115
2122
3058
1240
1818
1116
1030
1900
3666
1922
3774
3117
3376
3720
486
1974
2154
1886
3332
1972
542
512
3196
2416
2992
1271
583
391
1995
2605
3572
1340
844
2999
1798
968
2987
3199
257
1151
3737
608
3324
1258
951
3592
3332
505
1782
3098
2200
3021
3658
12
1703
841
3493
3403
1750
174
3833
3290
1047
2612
3117
3710
3395
1568
130
3015
2112
1382
1353
1586
332
3398
397
50
1988
2990
3615
3905
902
2630
1605
3547
2348
2875
3306
1740
1830
562
1852
368
1048
1099
3633
2140
2041
2161
2872
2975
161
1758
2920
2766
3724
411
2304
1360
2586
3264
2853
862
853
1657
594
591
1853
3178
1332
3442
103
1325
1592
2408
670
327
218
1422
3705
2825
1291
844
1632
1549
3336
3669
1182
1783
1517
1845
584
1506
797
342
3885
3723
326
2646
1604
456
2399
247
2090
2720
1633
3102
2749
3630
3602
1826
3953
755
574
594
999
1086
3432
269
1377
267
1462
2726
1924
2710
3946
566
2606
3617
2439
3989
3208
1664
1139
2918
3901
122
847
3767
1173
802
2468
3881
3276
2858
316
448
1988
1997
1929
2325
886
1401
3225
1472
2265
375
1532
1905
2537
1273
124
1606
1390
2072
1185
3762
2162
3834
3299
1452
3615
3502
3536
1122
2975
3184
1439
1818
3386
367
2317
3131
2491
3734
3248
2406
1491
1396
2680
3835
629
886
3013
2526
1040
540
1595
814
3129
574
2294
513
2302
3139
3187
3673
2731
818
221
3409
1185
1327
2315
2580
3218
432
2393
2756
3999
3293
1403
2374
1178
2741
366
3719
664
3712
1805
2604
2128
3448
3904
1165
1518
1110
1532
2751
3281
1891
80
1265
1541
2586
3155
1542
2394
2474
3690
168
376
2784
1497
2183
3385
192
2956
3093
3853
2166
205
4108
1369
50
2034
1303
3639
2155
2465
1195
2824
3904
1639
1190
147
630
359
1173
180
1140
1844
1353
638
325
2602
17
1272
3462
2994
2448
2088
3634
3617
228
1571
2451
996
3197
458
4145
292
640
2521
157
145
820
354
818
2242
1847
2654
3268
390
2677
4041
3279
604
3195
2449
3102
1914
1193
2271
3356
597
3840
2126
3541
4166
1430
1694
1493
796
220
1898
7
533
1077
2566
688
67
1556
2586
358
1018
1262
1457
2839
86
1622
99
2866
2742
1275
828
1512
3060
1648
1755
2174
185
1809
1503
1964
2472
34
221
345
3607
381
192
1872
2161
3232
1991
2026
1336
2333
3459
1587
1975
1906
3791
1388
2275
1674
2718
2808
12
3211
2424
1702
2474
2606
682
2371
247
2335
3841
2049
3997
3571
579
1836
1689
3580
1286
3768
4103
435
4122
1114
4137
1871
2956
1167
1152
2404
2953
633
1050
3432
4263
176
2308
1074
2581
433
1572
4106
1982
1478
2244
3279
2443
4236
3414
1014
3349
1631
33
1613
3314
4284
961
700
793
2909
2981
1844
2506
715
1749
4152
3928
2492
3341
2550
918
1121
3062
3853
3541
1276
468
4041
2528
169
2147
3502
2742
2832
4009
232
3760
395
1017
3805
1209
3484
636
2133
2684
2540
2411
2379
4281
2256
2269
2591
400
3892
414
3884
733
2832
1076
1345
2630
1830
942
2540
8
3154
1108
2813
2431
396
319
679
3601
1783
4352
1043
1259
2551
2212
291
1036
863
3124
2642
2200
