1916
0
0
1
2
4
1
5
6
5
4
4
6
8
0
6
8
16
5
16
7
5
17
14
22
15
6
12
22
18
10
4
28
17
15
30
21
7
35
38
16
3
40
34
15
25
26
7
7
47
12
23
3
16
45
15
29
14
1
3
6
55
39
56
49
48
16
25
31
52
66
64
13
4
0
68
41
30
65
54
1
9
34
15
19
13
7
84
80
84
27
73
48
2
58
7
0
22
36
58
64
42
76
15
86
22
64
88
25
15
5
103
54
102
6
31
58
10
35
3
110
17
74
47
10
23
87
7
107
121
31
68
57
59
86
43
65
71
73
74
88
53
132
58
103
120
36
5
9
131
93
40
80
69
71
76
63
0
60
95
49
149
4
128
101
26
37
59
40
120
115
52
11
75
147
73
98
77
146
90
50
155
25
112
108
20
43
154
168
160
183
39
18
94
109
54
12
96
89
142
107
109
13
11
89
161
165
198
57
134
174
158
155
129
119
50
52
176
108
191
68
209
188
2
79
43
96
43
11
159
200
42
8
3
11
16
7
143
218
94
60
3
90
57
23
104
128
184
191
74
102
81
151
22
235
204
39
90
76
15
237
236
21
167
113
212
79
59
151
111
28
244
217
206
30
42
39
62
142
223
269
199
136
9
181
106
171
245
282
51
22
169
18
70
153
99
125
166
38
176
39
78
280
294
274
112
119
12
65
162
263
258
263
227
115
84
230
263
178
194
168
272
250
181
18
40
256
222
284
93
7
0
90
132
59
247
38
310
67
164
155
133
210
335
172
247
25
317
127
95
273
97
82
279
70
3
238
49
186
326
30
222
197
250
164
319
85
134
293
260
147
33
332
98
170
191
76
239
368
208
271
344
265
288
151
208
210
13
276
4
260
134
364
324
178
40
186
53
234
368
95
143
132
353
305
224
33
387
127
10
73
198
26
346
28
17
279
92
290
167
334
46
259
103
349
144
148
133
147
104
27
64
117
254
368
162
424
128
410
391
317
133
163
382
100
56
64
159
50
358
62
107
32
267
215
405
41
255
227
78
23
18
321
317
166
1
427
73
167
230
193
219
23
241
326
416
146
474
101
231
425
386
191
32
204
139
102
219
264
118
184
191
190
370
278
199
130
7
38
490
78
93
492
130
412
387
162
229
343
232
20
284
187
455
21
70
160
400
255
311
123
426
58
1
217
402
38
410
106
91
146
436
407
478
299
428
100
48
68
2
447
299
454
191
424
84
204
255
63
124
154
2
465
70
201
212
275
163
444
117
269
372
159
38
492
397
232
170
528
325
511
458
359
103
315
529
368
65
415
122
21
195
39
279
338
117
232
210
92
294
217
210
235
580
55
318
239
106
333
130
599
159
415
298
537
58
176
500
372
154
365
435
215
490
314
535
598
48
130
500
476
148
17
7
308
391
510
4
79
28
125
130
473
320
30
587
27
611
600
190
531
348
126
555
443
332
523
73
294
210
531
407
256
29
336
103
24
563
181
107
261
258
172
180
614
498
437
514
505
634
207
602
621
579
356
82
27
182
540
364
417
174
197
271
602
533
647
656
152
220
377
688
63
578
52
357
679
657
605
441
349
308
21
5
546
489
158
223
555
347
170
357
615
22
16
391
380
352
601
241
51
652
439
340
31
42
386
420
170
406
22
415
297
229
167
516
211
736
263
331
13
569
432
416
377
707
335
590
38
101
194
277
377
719
429
265
668
736
333
94
705
464
266
197
264
329
475
180
30
372
443
171
299
234
102
365
333
352
599
456
298
476
408
659
91
721
115
493
63
579
629
569
676
705
382
473
194
98
227
257
294
6
411
489
264
66
516
302
461
305
504
85
230
211
326
237
359
657
116
621
110
170
135
58
689
777
139
726
827
310
329
572
200
382
95
742
664
184
555
207
768
614
747
183
233
329
733
613
127
111
568
549
15
701
577
687
386
784
657
239
772
745
243
363
838
278
637
348
756
782
345
26
311
8
657
68
747
265
757
682
115
168
590
374
21
264
377
404
342
179
574
15
440
290
687
474
478
841
424
360
898
445
849
228
656
569
160
131
569
507
291
360
209
607
911
5
501
8
749
587
677
217
59
732
751
516
354
32
146
797
493
561
104
81
370
533
101
822
538
547
734
677
227
580
811
612
447
536
473
752
843
529
208
645
951
774
541
30
594
807
482
900
628
822
766
581
860
779
365
523
431
309
850
245
311
821
688
738
50
348
887
560
523
917
862
627
330
736
307
447
630
973
940
373
133
182
990
374
969
666
441
947
546
53
581
590
950
330
208
86
41
764
798
367
314
709
471
854
88
539
16
963
287
163
82
691
154
202
778
320
702
471
823
396
956
388
596
1000
927
536
1035
489
1026
133
747
608
910
260
795
765
126
680
416
758
109
217
307
400
193
375
665
630
208
1052
9
945
191
247
658
411
1032
815
418
186
951
476
216
329
409
959
675
586
1067
111
892
102
498
972
560
558
478
850
395
392
905
259
327
298
212
880
711
550
733
340
980
156
988
838
1079
777
838
278
1013
1038
1049
745
470
631
894
1094
647
300
826
74
849
109
587
33
903
23
705
969
747
539
1025
163
705
100
957
1013
579
69
568
967
115
884
348
23
824
230
912
962
1018
987
579
759
741
488
413
34
643
666
862
243
1151
730
261
362
442
91
760
448
1065
133
57
312
621
109
825
928
822
569
925
68
8
1166
1097
277
965
824
922
1174
658
841
375
686
165
360
863
539
366
757
6
714
523
585
1074
304
537
209
929
1060
654
1154
1159
120
306
171
209
519
509
1156
1110
965
1140
85
1142
841
1003
602
1035
251
269
643
907
682
879
1109
337
811
497
606
472
662
258
996
477
1016
950
1239
296
333
383
707
1143
1227
841
921
837
1158
697
173
1082
1246
871
1216
542
224
292
629
288
724
812
123
508
566
549
817
332
915
854
851
10
344
1025
1051
814
722
26
934
15
466
509
466
849
768
204
98
956
1114
627
560
1069
1007
866
22
778
1158
1131
1053
196
1162
1073
952
51
593
862
1068
323
1220
142
16
28
890
649
49
254
1096
733
1094
255
38
454
1091
130
815
788
1270
800
50
632
1013
493
1228
872
430
1238
178
178
2
320
506
1093
663
1241
297
160
219
151
580
1033
261
441
1362
792
167
1073
600
1041
1263
31
721
1197
698
424
291
121
536
1368
644
1262
322
1153
1353
663
784
926
966
1303
1196
383
493
320
302
227
148
749
584
1191
124
1217
426
300
969
169
272
461
1166
1382
453
923
174
312
899
466
400
1357
459
1199
441
396
521
751
453
1395
342
943
506
1025
9
932
1379
476
587
685
345
1168
921
1104
1156
1230
180
574
167
1154
46
661
602
582
1212
218
54
901
1255
1246
50
928
177
448
686
725
184
990
1071
1139
883
962
978
1067
1013
223
1099
209
429
1411
509
32
1298
363
556
466
381
121
1240
121
1377
401
334
1225
10
1291
1443
244
1219
564
1371
1180
540
1420
962
396
354
672
282
48
612
1376
80
972
1408
683
219
521
602
714
1326
908
64
487
779
286
821
423
29
1110
1082
187
256
1177
217
1292
488
993
1460
431
249
1322
1431
812
293
80
858
233
1285
1084
138
142
392
943
64
1413
345
605
527
903
1387
1223
1177
1397
363
314
194
614
1069
1513
1036
107
1212
511
1238
210
777
1207
135
545
7
242
657
1523
1355
969
1515
609
999
232
143
1518
509
1148
526
1341
766
1197
1539
744
1403
157
81
0
1553
943
757
447
799
1573
115
1534
986
1203
699
396
1102
1446
1002
180
1083
718
614
581
657
820
442
659
1084
980
1164
419
705
892
506
1137
548
59
72
654
509
1503
1537
1540
1463
296
938
753
2
74
825
1094
1167
879
1258
766
778
527
1211
825
64
622
1219
1008
792
505
510
996
1484
290
1425
1348
1013
1367
895
1316
971
31
431
580
1493
478
38
547
272
1563
274
121
1371
141
154
1059
1420
643
1409
590
1374
327
295
1591
942
1636
75
708
868
423
447
1145
600
898
28
1255
1313
1328
1629
162
457
51
1322
645
967
915
1639
1407
609
828
301
1020
39
515
1077
800
1040
1409
1577
1614
654
695
43
1381
357
120
1118
1098
1639
947
1265
1136
1712
870
516
684
189
568
1513
1067
1412
1392
1303
935
812
47
293
405
1279
1658
1652
1273
1408
1345
1759
1348
805
1298
854
25
160
268
1049
51
1326
84
1110
655
513
428
664
662
745
1127
1252
1022
1120
1518
1780
728
1644
1742
1543
1521
301
1483
1021
491
1566
1262
284
1259
1542
852
41
849
1136
798
1193
971
763
1259
1280
426
1150
601
1111
783
1023
1412
242
858
868
157
742
640
1436
936
1179
1017
1048
1478
302
1662
1163
428
725
307
1293
723
426
1522
1202
1046
1529
25
57
310
1826
1126
257
833
1403
1405
329
711
698
1145
865
952
1634
1752
421
361
631
818
1325
1623
525
208
338
242
170
1210
245
508
1104
1210
303
1695
460
190
682
454
415
1812
448
301
362
251
558
992
838
1546
1479
1488
359
384
1773
1090
1070
170
1306
510
118
210
1538
613
1267
880
69
1019
1311
236
525
658
