3866
0
0
0
1
3
3
2
2
1
6
0
11
6
3
4
8
0
11
6
15
15
10
4
1
13
22
15
7
9
21
12
27
7
33
33
10
34
3
27
25
34
14
4
41
12
27
37
17
9
8
18
44
29
46
29
32
11
22
9
52
29
29
33
35
7
19
15
63
0
36
31
7
57
37
55
26
52
1
31
57
16
76
39
45
48
51
71
46
1
1
2
53
54
0
82
27
5
69
84
8
9
84
82
37
84
67
60
86
83
106
24
33
13
33
82
49
11
39
94
92
45
67
12
21
80
103
106
98
36
40
16
131
107
118
133
130
52
63
20
57
19
129
78
88
69
79
57
116
81
44
113
96
142
118
131
124
48
65
17
89
42
160
44
22
13
43
100
150
73
152
79
136
55
153
106
158
126
67
29
74
113
166
151
12
6
40
186
10
100
63
42
159
76
189
53
128
59
41
56
26
29
200
152
102
163
4
191
131
100
168
47
20
204
48
1
119
172
70
131
132
6
109
187
179
219
25
21
150
149
102
117
133
213
61
40
31
159
52
225
24
7
36
56
69
56
203
115
234
52
221
210
184
55
161
216
152
40
169
122
130
161
217
256
87
240
158
106
107
116
83
7
139
199
241
211
41
58
251
77
107
118
27
174
168
192
246
65
139
59
162
12
274
109
155
212
64
142
203
14
155
44
264
3
223
110
222
18
93
121
1
194
92
46
116
23
132
180
141
178
78
271
6
180
261
183
246
151
96
134
270
154
274
66
222
82
257
248
12
146
155
307
24
3
60
256
141
109
46
129
254
172
96
290
26
75
187
62
204
14
48
116
77
186
360
232
337
15
146
68
245
31
93
182
304
189
236
47
291
160
312
50
41
115
321
231
187
337
361
57
366
132
191
192
252
75
30
357
164
5
99
31
283
24
223
37
339
267
74
285
170
239
161
140
361
227
177
313
293
182
74
215
263
46
125
241
185
25
50
176
245
82
371
163
425
51
283
396
348
224
376
113
83
250
33
429
221
324
369
224
82
196
238
103
127
225
395
309
195
63
34
430
278
450
387
355
286
364
463
162
451
160
5
364
150
40
225
11
47
35
128
28
60
230
137
26
435
334
263
122
196
38
189
452
99
294
385
399
160
323
378
192
448
79
194
482
329
123
156
300
229
128
478
278
132
358
32
418
509
369
371
98
319
275
288
255
46
86
143
289
291
416
184
323
527
69
517
313
190
285
398
14
428
378
11
93
355
74
362
55
201
177
367
47
369
297
13
139
351
134
92
185
26
497
373
317
92
363
104
468
99
19
59
365
188
8
520
536
121
391
239
255
498
385
561
60
364
516
274
90
523
357
536
388
106
355
6
376
449
97
162
362
300
287
523
268
136
221
148
194
301
190
39
526
359
438
467
549
434
455
282
33
278
92
68
30
437
539
162
78
507
314
108
72
358
176
115
346
57
345
111
562
56
184
403
2
404
329
292
146
170
170
310
609
33
211
271
545
115
269
641
422
174
492
556
52
627
504
322
354
291
50
346
509
118
146
398
84
219
491
308
453
625
510
500
313
182
450
521
53
183
228
436
559
103
56
596
53
135
593
92
347
66
67
19
141
703
489
28
296
515
358
84
594
555
502
238
572
613
299
690
264
712
521
401
126
115
205
691
512
625
373
154
680
707
17
124
76
633
88
677
721
193
117
682
546
482
585
663
55
511
723
666
311
564
400
98
586
396
670
513
9
674
693
471
512
565
532
756
584
417
665
742
579
180
27
160
223
391
155
116
365
493
2
338
614
77
592
419
767
154
88
351
361
618
318
19
326
574
71
572
603
326
385
41
301
471
504
550
335
664
743
671
16
110
21
137
144
184
248
662
157
398
759
540
702
388
703
370
146
300
598
595
725
464
664
380
340
705
488
338
616
413
631
702
781
24
199
112
25
826
271
273
223
660
676
400
333
668
299
276
611
592
352
281
372
354
389
843
743
501
706
558
337
788
378
820
626
265
332
485
826
685
717
807
573
872
2
243
807
242
888
110
437
19
0
878
774
885
187
552
217
533
478
233
95
751
149
6
688
773
210
538
270
129
360
220
395
682
335
518
482
527
758
839
476
733
198
850
456
837
781
757
835
436
521
579
50
324
286
447
179
567
643
862
612
855
576
868
481
428
102
40
359
692
820
852
373
788
470
70
207
846
616
605
537
834
918
85
937
818
663
922
807
544
351
625
591
574
775
964
623
246
728
41
400
781
133
3
327
111
10
73
788
746
175
325
864
111
96
429
892
60
418
898
956
174
723
244
576
492
217
835
1011
279
972
809
521
1008
633
2
25
251
18
475
1009
16
506
487
389
622
731
301
75
164
362
716
76
222
569
502
833
887
783
265
642
1013
770
545
620
45
141
348
406
330
637
156
868
679
780
65
178
152
333
365
34
890
466
6
245
416
801
743
860
490
459
615
281
129
126
8
195
820
405
1065
953
804
439
45
755
1023
74
794
15
775
510
787
705
901
203
574
105
442
218
183
36
24
851
551
72
1070
646
102
1046
97
834
418
365
1046
916
621
1056
555
496
214
232
131
402
865
1117
299
792
647
683
752
1042
951
656
539
1052
471
50
486
1115
507
971
495
780
657
734
0
738
60
98
874
1
346
592
131
784
1054
602
1133
1091
966
723
314
643
341
129
77
916
879
32
711
641
1040
583
714
776
868
260
515
660
27
1033
1016
757
477
230
878
241
26
192
674
949
161
919
834
412
755
822
1167
366
245
1182
236
75
276
380
476
642
43
564
680
457
584
354
833
532
219
656
252
1148
765
645
374
580
1207
835
623
872
417
587
10
687
715
921
191
132
927
367
974
1082
312
602
579
1226
549
353
441
96
1080
765
379
221
120
807
581
544
1164
771
795
43
429
151
314
421
496
807
584
255
481
225
349
287
1141
1168
602
1212
401
160
989
1126
1221
635
550
1228
890
1052
1222
317
24
790
85
1094
329
1070
905
811
792
696
161
395
1299
704
359
1002
445
942
601
256
1197
307
472
77
1073
10
1216
982
883
325
285
1021
40
844
929
170
612
1113
528
685
31
841
1270
345
636
1289
511
483
1196
1167
892
318
343
953
1256
747
612
1130
1321
691
380
222
145
508
811
311
883
745
94
1351
472
586
1294
108
1323
48
108
1273
791
758
151
275
1217
1369
1009
777
1096
1173
818
1304
328
742
20
1226
379
126
457
472
334
1237
1224
591
955
634
1272
64
901
30
651
415
191
99
301
1226
492
707
475
151
219
977
1160
988
1349
179
395
1040
588
1071
1010
734
619
89
321
1215
1207
720
309
23
1194
225
170
1296
856
24
1246
49
1276
1031
339
1329
137
160
876
1368
380
1143
537
793
985
74
303
408
327
1251
665
629
189
1145
78
10
183
60
1200
1267
1287
743
74
84
18
811
923
1428
674
8
1465
1135
198
248
374
175
95
822
1419
1351
214
822
1152
1321
544
320
569
1407
219
1364
1445
566
695
1091
709
106
1268
1497
242
720
918
978
1056
406
198
1012
363
1278
21
587
102
1168
348
1429
695
681
198
705
336
912
152
1096
1281
529
790
153
644
111
120
133
1304
537
958
343
478
1109
80
414
1063
1358
1145
940
708
1297
225
210
333
1030
141
335
287
98
812
1148
1549
1453
1426
1182
370
654
1485
1154
301
309
1137
471
444
1426
1230
1417
1010
1181
313
949
1114
934
1364
1019
1234
375
1566
1321
1116
446
1265
501
512
1246
1147
560
727
22
102
508
722
737
386
1332
365
539
939
912
1125
697
298
461
127
1559
980
1606
806
530
1034
444
1233
1155
36
994
434
941
898
1417
960
1341
1035
1039
1542
509
317
126
950
952
1264
909
7
339
1532
1115
867
685
1305
1363
889
104
1437
367
1373
1390
1116
1381
1123
109
1634
772
1416
472
1318
1322
1609
439
1162
1056
1205
932
972
1026
472
806
1086
938
1638
1308
860
803
764
566
905
786
1416
440
792
438
1364
1340
1211
1289
1019
1015
434
1099
1147
805
1680
1190
1428
704
1380
1588
1344
1541
1043
726
25
650
1091
1328
1278
335
1675
254
1682
98
1604
1215
1180
1220
817
1710
229
204
140
1710
253
1098
575
366
590
952
921
1096
1079
601
465
1188
883
1423
600
1189
16
1098
550
922
1056
388
1556
143
875
1446
941
159
1723
724
344
164
1486
1251
330
1558
1628
358
518
650
1326
1310
1598
1142
508
1155
1335
667
1216
1638
1692
928
81
1280
763
1053
201
1310
692
1429
1263
354
676
1630
366
145
1719
278
500
1775
1621
1636
756
1165
1535
1402
1768
410
1218
1004
704
1104
1717
461
1557
1729
1277
1530
783
1525
1470
1812
115
747
969
891
158
970
1630
172
656
1582
683
816
1545
611
407
1335
1040
1594
745
994
543
894
418
169
109
1259
721
1691
1788
1642
1212
1059
195
8
817
1776
1820
734
629
780
987
924
370
1074
950
958
898
577
1623
325
1103
932
1597
500
526
849
1803
188
1712
533
256
1697
368
216
637
675
811
581
490
1040
1276
1539
13
471
368
1629
1538
1197
348
153
1857
1704
1350
1750
1307
1899
1307
1024
473
1600
1528
862
1723
884
404
1335
735
1037
1166
1437
1159
1724
131
1649
871
145
1894
1128
845
1873
1754
990
1019
1751
370
1077
1144
81
239
207
551
1296
1431
1156
526
1780
1222
1506
396
1218
1296
745
1460
1173
867
151
1940
979
1095
141
1703
1244
534
1615
1915
418
1382
463
1556
720
1367
545
1775
1407
1901
1715
176
724
1492
1360
1376
342
1527
422
751
101
1646
806
1596
96
957
159
384
97
1952
744
1647
1599
1477
909
1423
234
1490
1201
735
1579
221
718
1777
1823
540
1586
1036
1149
1704
1843
1402
110
459
928
1383
1747
744
653
953
1725
1940
514
450
97
961
83
810
1796
1258
1013
1678
1765
1958
394
1977
606
1375
1566
854
1345
754
1038
917
1743
830
1582
1678
502
523
1647
1833
24
1766
1740
429
1203
1467
1369
1283
1046
63
1177
424
1620
1137
1668
497
1765
1963
1737
1317
643
1965
568
1374
330
829
1365
1068
773
1943
1278
464
1172
1392
1809
1322
2010
1730
805
1772
579
1362
78
1925
1720
666
1974
504
1995
982
1108
1638
1258
111
343
439
508
1370
1121
1201
2043
1182
1498
135
1323
1621
170
1939
1131
2052
1862
149
418
190
395
1102
1493
1599
357
2054
1076
1571
164
1470
2019
2005
1473
927
1919
63
1739
2085
494
666
226
1412
989
743
1496
1687
788
689
1222
988
272
985
107
286
638
2037
893
1387
1152
1763
2147
502
1783
468
1864
1558
1981
1380
815
1229
948
48
81
2097
273
1089
338
147
2038
681
1519
2163
1077
1007
160
1181
602
1054
618
1640
182
148
2053
821
863
1426
1828
2076
633
630
2058
283
623
1743
163
966
397
2136
751
741
965
959
46
1385
1883
767
1451
348
973
1961
617
108
1681
732
660
1339
491
325
1067
1266
1855
203
764
474
1033
113
919
825
1372
1166
1045
703
1955
1624
927
366
892
1118
1503
1429
292
2104
756
2231
304
764
1759
2253
2130
2024
1337
2231
148
708
1484
911
1590
113
591
1180
471
2007
863
796
1441
1774
1504
1971
1179
1982
1176
1258
428
1850
708
1985
936
37
174
1946
2005
1640
1853
1419
251
381
1045
2187
288
1911
837
334
1216
454
1339
1245
61
574
800
743
1827
41
1105
2190
2187
278
1951
387
1277
2305
1969
230
821
1951
30
1678
217
610
916
15
2018
2067
98
1175
1969
1902
2190
1580
1201
1336
2135
1034
993
1120
1492
678
664
333
1412
707
520
1537
463
505
1882
75
842
417
645
267
2354
2218
547
466
1246
528
2337
2069
920
1599
1315
820
669
2076
1679
578
526
693
149
2074
1310
1548
1574
2303
1072
1891
1601
777
2288
1283
1812
1518
232
373
2219
1489
1579
63
1139
127
1729
1189
1786
1914
157
1006
2186
1249
692
887
1140
440
2032
739
1280
2109
1594
1841
1237
1109
1243
1396
193
1545
972
2418
950
1712
676
1462
2414
1495
518
47
158
1474
1497
990
945
83
1934
1300
1791
2215
1203
2106
598
883
335
866
464
1562
2159
469
1440
2301
122
515
1587
1687
1962
2413
2030
1415
317
255
2204
2280
110
2015
97
2169
1116
0
1166
1032
2275
183
1565
1123
865
1315
249
1873
1455
388
1794
826
64
1955
941
2325
1205
1042
1941
1083
1937
1495
315
1481
1516
1006
410
308
2245
768
2412
242
1269
253
2179
953
2367
1282
403
141
713
1379
1245
1549
1544
1863
1268
1975
1781
2039
304
1285
2488
1739
21
359
684
1052
1743
372
2129
383
270
1413
2118
25
21
1596
2449
441
950
2081
1142
849
1009
230
1778
1149
2079
1730
2061
2035
196
2165
1634
1305
1129
1020
1919
714
988
1150
2125
585
993
2463
1876
1669
1067
342
2019
987
1584
1610
1722
2127
1914
2383
384
139
138
1309
1012
2126
1282
2597
2395
1595
1614
2211
110
535
1409
1600
534
335
1196
1575
485
615
2060
2529
1956
132
2407
1097
360
667
2033
544
940
1804
1592
1357
289
2233
1649
2620
974
1231
2080
1157
2386
2452
1387
2602
2421
267
1866
1917
554
969
1405
882
1064
2613
672
2424
2325
279
163
1017
233
208
2162
597
1899
2610
276
689
418
1048
1354
1000
1629
1727
1031
1289
1937
2387
2556
1461
1862
2011
2387
2476
370
840
848
2265
2041
1827
2478
1108
2595
2448
356
857
2312
1131
394
1084
2293
839
1055
1997
2488
314
1653
708
1925
514
1433
257
544
2523
1235
1367
2658
2295
2545
413
165
1053
1962
2326
1244
2183
2566
1956
440
731
180
1313
1796
846
1179
1745
1417
2628
230
1611
2012
1693
1843
2229
222
659
440
782
2469
330
1489
1017
1455
1255
2295
293
218
561
1745
72
1490
1787
1530
2759
761
316
174
1834
859
2221
726
2664
261
595
77
2755
2092
1682
1399
321
865
751
1525
2581
2394
672
1105
1808
2226
1002
930
2449
603
906
1818
108
2148
353
897
1576
2377
902
963
2100
1362
1628
1759
2430
2637
1057
1772
2188
333
160
175
2209
2492
2792
2207
1149
2462
1747
291
1476
1013
1744
2706
2159
720
1233
56
2693
1040
2254
1382
310
1505
1240
2396
2812
1695
2630
1226
2510
2513
1392
1765
680
990
1503
364
1622
1102
1887
2680
654
110
2741
1253
2285
2268
653
855
2730
2517
1381
680
916
850
1931
2642
2386
232
2339
820
1038
1460
2807
786
2209
2859
742
815
2677
1459
810
2480
1551
1822
1417
2138
238
1695
576
678
2
1447
587
281
2352
629
1462
2690
2743
2250
815
2553
825
611
1074
31
26
1589
1212
745
664
1518
876
193
1881
2771
1605
1748
1852
181
978
2429
2151
2530
1264
307
2321
580
148
2087
1955
2318
2483
159
2290
1060
2424
331
2721
2867
545
353
1911
365
2530
1270
2815
216
2888
1701
1364
158
2783
2106
164
2036
1253
2166
1918
1852
2865
2502
416
1895
1597
2509
718
596
2145
880
2787
724
821
2610
95
2556
1638
1224
1658
2276
618
902
532
1829
2720
183
2161
2174
1177
559
1879
35
2594
2636
713
2779
2887
85
2034
400
873
1592
936
1827
217
2303
580
423
2867
2495
2710
2083
1292
1403
2701
2422
1108
2027
678
1303
1165
2142
1474
2643
2901
1100
1650
1935
288
994
2354
1911
2144
644
2633
2994
908
2006
2717
469
2666
2661
815
726
1477
2506
1900
647
2963
723
727
974
2319
1704
3010
2152
2304
2439
741
2444
1785
684
2205
319
627
1839
1459
395
1614
1516
514
612
344
511
3028
1069
2677
1919
2998
2963
1185
2887
1010
2869
81
2025
1278
720
146
1151
1052
1671
2728
1967
949
90
1773
1890
894
1674
768
2593
1201
625
1982
1931
330
2878
788
2834
2888
2420
1311
1099
2011
3090
1922
1356
1884
2577
2676
2320
1371
1868
2887
2847
120
1058
378
458
166
1437
2048
2862
748
1431
11
2700
81
10
1970
792
73
2088
212
2405
2213
1093
274
2516
1090
1493
1021
1791
1262
135
2069
3037
1535
2473
2699
2750
554
1139
624
2978
3
1781
3120
622
2736
557
344
225
2636
3082
144
2276
636
3157
882
2287
1343
936
505
2339
652
759
1459
1601
2077
170
2831
3153
1245
567
2287
2421
546
2142
2291
1440
1463
3046
941
1383
1733
1545
319
147
574
2766
2417
2663
1406
2793
2280
1204
2501
1321
2239
3064
982
466
2994
2103
1887
198
1566
463
702
284
1642
2762
2490
264
2065
2315
2400
3197
1898
565
158
1987
2799
1446
655
135
1958
1014
2450
2040
2963
435
2443
2425
2396
435
2606
1302
2012
1775
2177
3127
3244
1595
2748
3018
2317
2627
1294
366
1624
2636
651
1088
188
3080
904
1095
2748
3108
2488
285
710
1259
2136
392
2618
2833
241
1422
712
1513
1420
2449
2334
1043
2962
3232
2904
2401
157
1481
3189
1422
1229
3131
3289
1705
150
45
657
2187
213
2797
2065
1440
653
592
358
1161
1881
1158
389
1871
1952
2247
142
660
244
385
2690
2029
2452
959
729
2458
1897
3152
372
814
2036
507
2157
1769
2993
3332
2450
2261
1913
3079
510
1675
2638
656
176
2103
2437
2582
722
2873
774
2503
539
2018
358
1474
3025
1015
1092
915
2959
1662
1328
1145
1745
560
2902
2524
2563
711
1867
2229
1402
2933
1830
3267
1643
155
2323
2204
2261
3358
2793
130
1043
1161
753
2959
2328
808
3130
1641
2970
3211
2708
1529
3387
793
2947
1103
3267
1366
2700
3401
3240
2104
852
556
1301
2177
732
2629
835
1650
94
2664
2539
3020
1769
638
2498
2589
1835
2769
19
82
307
1434
837
2156
1839
2531
2451
546
1480
3412
1686
1350
1885
366
1294
1333
2539
3299
3441
1345
1270
54
2426
2079
3349
658
1452
2689
3303
16
428
1343
2430
582
1638
1515
2383
2834
321
1644
1427
1985
1039
2050
431
2776
2102
1231
613
1797
918
2784
2448
632
1144
1088
706
732
2616
2973
1549
1037
2148
1796
2057
1101
3063
1255
3435
3293
1415
1549
335
2193
3191
2029
1002
3000
1262
2308
1300
3103
594
3136
703
591
294
1145
32
666
2024
1504
1774
31
795
778
2126
2350
735
1164
1859
1699
116
506
1241
1952
1015
2169
3019
678
181
1374
2783
90
2081
3464
214
1049
3058
2206
3029
2472
3131
2132
1606
1321
1650
944
164
858
1018
2554
762
2927
2065
2566
1240
990
2689
1916
1392
191
2699
3354
535
2897
2996
807
223
566
2334
1616
648
3230
30
3491
1942
3500
264
1318
590
571
1064
2385
3270
1700
1148
875
2544
695
1996
1560
1026
1853
1424
2967
1040
1151
930
2897
587
320
2722
1783
2257
2589
1699
2956
2118
3533
2973
1838
3118
2313
829
2019
2318
163
3479
2538
521
2388
2249
1605
246
2401
2213
2112
2156
803
2063
2847
2704
167
1124
1765
1756
1398
1216
875
1788
2111
2705
3240
2042
3150
2450
2335
1193
2260
3601
370
1348
565
1021
2643
3522
71
3113
1666
347
1703
1079
1752
2442
1168
102
3115
31
825
1488
776
1856
827
3029
630
3571
3349
3350
1225
3573
869
443
3621
2350
3492
3349
1881
432
247
2044
166
2
2755
1727
2888
776
1359
3575
78
1204
268
3100
2586
1150
1208
1128
2781
3110
1286
581
606
256
1548
2763
851
1485
1651
1920
2686
206
348
3647
354
3176
2891
2085
3415
1169
507
1207
2448
3413
849
3034
2806
2238
2244
794
2045
2923
958
1556
3310
2314
3378
3011
40
2012
3394
178
470
1396
2706
2960
545
1053
1402
176
980
3561
3537
1999
3087
1115
2114
1312
1348
111
3004
3531
2671
2366
518
1645
2086
3324
2094
3274
2377
3143
2233
1720
2038
894
2111
2001
1968
3148
2692
581
3222
1806
2189
1981
1018
2662
2802
1585
2103
3777
3818
3739
397
2082
2785
3414
997
3345
1608
1936
1265
1200
171
3257
3776
46
3285
865
3501
736
975
5
2661
219
3717
651
2662
3013
3351
3482
2882
1882
1905
2107
945
3338
1603
3842
601
3274
1600
2302
1987
1293
