670
0
1
1
1
4
0
3
6
7
8
6
1
9
12
9
12
4
8
11
17
13
9
5
21
11
21
14
5
19
8
29
21
5
19
14
32
35
2
24
33
15
26
32
29
22
26
32
15
0
21
40
2
46
11
35
11
2
1
49
52
45
44
53
34
47
3
34
8
14
48
19
57
46
7
11
51
41
59
60
6
43
1
46
17
30
42
25
22
54
27
80
77
47
84
79
20
68
43
59
86
47
56
70
15
93
28
50
86
35
93
20
99
62
94
91
58
114
63
63
86
9
119
25
66
4
119
0
12
80
95
66
9
81
18
45
122
86
54
84
66
23
57
39
54
76
126
146
55
11
131
72
68
22
19
103
85
25
127
50
41
104
68
57
157
7
6
107
154
68
49
6
7
1
158
69
93
75
101
23
50
150
56
135
183
91
71
168
85
182
93
163
75
129
6
157
158
91
96
169
128
161
174
78
122
51
52
103
122
163
34
74
202
204
55
23
151
57
158
149
202
115
11
171
115
3
1
194
137
2
25
37
139
153
43
58
114
33
197
72
236
209
152
169
99
65
34
58
36
70
23
89
89
178
137
15
31
217
56
88
1
78
240
261
83
236
44
165
135
204
178
264
228
257
12
187
126
73
225
201
119
4
152
1
281
46
273
237
209
208
66
54
142
63
223
165
272
106
147
132
50
28
290
143
160
6
112
214
37
301
11
274
143
9
35
77
266
208
255
209
200
76
269
190
32
310
188
90
115
162
192
57
93
211
259
111
18
253
242
162
34
93
15
156
100
33
129
300
36
221
297
272
101
242
123
42
328
183
298
118
106
341
309
24
18
310
93
277
217
368
269
314
21
288
285
319
38
176
75
257
184
278
120
246
263
31
323
335
69
63
97
321
255
272
111
118
44
74
93
224
37
308
327
179
396
164
301
102
166
124
147
209
380
246
18
403
398
62
240
172
243
132
122
323
354
174
388
279
216
187
216
386
359
378
177
267
81
224
185
371
323
181
347
31
430
257
120
196
218
445
380
78
298
434
136
156
161
393
422
87
400
61
420
389
446
358
371
377
399
468
201
269
13
7
152
224
266
242
46
310
459
135
383
226
283
95
161
62
230
180
376
236
490
209
43
291
122
67
383
419
242
247
209
198
68
9
458
150
354
280
4
97
322
160
414
303
141
488
385
305
112
111
71
161
394
438
36
54
59
204
221
475
350
332
66
372
257
306
128
266
52
218
286
134
62
290
174
524
320
223
115
390
247
29
455
251
526
440
176
528
290
89
289
315
20
74
86
178
35
115
239
473
295
449
450
258
383
55
323
87
384
504
61
378
36
244
189
44
56
577
73
458
238
498
305
125
471
543
53
161
266
513
585
200
103
342
598
60
517
323
467
127
30
228
49
341
237
13
99
525
351
470
269
59
223
352
540
86
619
18
2
286
438
614
600
401
613
335
177
242
209
255
519
477
0
200
163
182
580
463
253
505
551
34
477
41
245
86
426
595
385
41
260
10
304
392
597
326
596
537
407
