1142
0
0
2
1
2
2
5
0
2
3
4
4
3
3
2
0
9
11
6
13
10
7
9
8
13
1
15
22
12
22
14
31
6
31
12
8
7
35
10
1
29
40
41
39
39
0
1
11
13
40
24
41
21
20
22
42
42
28
54
39
44
20
51
44
63
36
50
6
14
49
36
21
54
56
29
34
62
10
27
42
39
78
25
77
61
3
76
16
80
38
32
83
79
84
85
76
2
50
96
71
26
22
90
84
45
38
33
56
71
19
42
27
71
58
26
108
65
31
29
16
100
80
65
43
2
101
48
32
122
45
75
31
47
13
51
62
65
15
7
117
43
120
51
49
84
13
13
117
38
15
148
140
145
59
55
18
48
61
107
102
30
44
139
159
89
27
30
59
160
132
77
125
63
120
120
105
122
71
169
159
177
0
94
99
43
7
94
128
61
72
170
32
186
24
54
90
63
76
105
140
67
91
191
169
21
91
116
20
67
42
76
107
74
113
128
198
211
148
214
49
85
93
20
205
19
55
11
204
225
52
154
32
210
214
140
188
142
137
15
211
132
59
35
155
16
89
225
179
32
174
146
18
48
1
170
110
166
1
62
225
161
34
157
144
44
10
211
210
205
260
163
165
7
237
2
274
44
181
242
4
117
30
242
145
167
58
92
34
246
189
274
38
147
109
194
122
271
134
291
135
206
77
29
123
214
128
166
276
220
297
63
64
59
311
282
144
213
146
237
73
146
167
194
65
216
5
111
200
242
266
173
224
295
181
304
3
252
2
297
190
334
329
179
0
285
97
174
303
66
246
73
67
212
303
55
209
221
83
228
297
276
30
145
320
268
266
345
335
41
176
58
282
241
220
288
106
237
179
152
124
269
229
311
112
316
55
348
179
3
105
310
165
16
349
174
363
134
307
100
286
108
305
84
190
384
90
343
184
111
45
216
173
404
315
342
49
264
77
348
332
360
353
79
213
360
369
75
250
26
308
308
288
28
429
348
21
345
408
311
417
342
37
16
261
299
74
350
101
1
261
212
105
67
110
50
23
57
13
134
331
398
137
260
214
364
296
87
260
286
459
319
142
213
14
71
388
98
177
439
12
411
102
397
261
419
5
274
117
226
124
296
112
23
208
24
191
448
171
203
306
421
317
387
230
388
251
456
463
316
7
284
422
450
146
434
161
339
494
262
519
377
514
331
132
344
133
348
331
272
91
198
107
323
336
429
304
3
269
151
89
313
74
51
340
515
314
192
291
157
415
92
19
395
321
526
404
135
94
43
474
182
558
101
239
501
477
472
551
118
418
309
286
169
12
90
501
261
220
404
257
504
214
492
283
523
494
583
326
429
410
206
173
333
323
517
58
359
520
91
64
305
4
111
430
108
42
501
105
163
2
188
438
567
305
97
334
334
596
365
588
473
169
149
35
329
296
619
533
422
55
229
493
492
107
539
98
88
59
396
17
89
584
152
271
453
80
401
476
89
435
341
206
249
630
311
332
77
299
145
603
327
186
84
204
590
488
578
616
27
353
499
587
610
394
366
46
46
394
651
286
349
215
61
418
588
203
283
616
531
525
170
176
678
199
653
112
253
108
79
466
687
124
97
569
59
218
576
461
141
577
111
274
318
117
528
146
440
458
517
392
86
525
675
17
444
316
630
462
512
567
200
372
233
151
280
91
106
221
160
675
732
77
124
186
391
23
322
220
393
643
354
282
441
317
278
16
522
216
102
240
424
508
78
248
587
460
741
175
476
133
72
309
197
153
220
454
597
684
573
327
66
20
490
128
202
93
279
187
184
499
223
444
126
639
719
600
42
528
256
343
306
735
66
349
322
740
244
116
348
469
683
680
115
793
15
522
670
630
450
422
634
140
532
613
270
502
506
3
528
746
493
626
363
188
134
729
645
394
258
726
377
131
661
561
425
643
531
406
272
243
1
343
556
406
750
128
254
794
270
173
142
238
755
64
398
604
672
652
14
539
721
587
525
543
388
197
449
88
218
438
359
346
325
540
331
671
374
191
483
670
285
623
357
786
842
257
30
745
621
62
77
398
97
851
151
776
337
492
626
139
511
681
90
777
6
208
421
611
484
496
779
31
332
836
3
475
300
406
277
619
486
392
40
336
686
919
223
693
824
890
328
750
803
271
527
257
259
891
779
47
686
382
599
113
699
236
918
418
455
350
404
67
647
33
850
109
873
669
321
346
587
308
186
925
452
585
913
279
637
190
390
253
30
654
450
892
952
811
506
717
76
185
433
770
585
849
229
606
720
151
823
525
934
405
132
706
396
726
722
513
50
383
540
91
162
818
943
312
787
969
955
524
598
647
121
265
621
636
325
581
237
365
229
131
468
361
142
377
223
278
204
143
239
244
442
503
775
224
107
330
185
891
114
803
113
521
811
852
873
139
437
300
299
53
1024
353
1059
640
80
140
471
793
602
267
589
836
1047
145
923
795
336
321
394
464
7
642
375
638
279
911
941
557
357
396
212
17
167
785
532
799
1095
486
378
816
115
597
893
736
169
363
529
648
1086
799
296
565
998
145
926
582
385
101
489
562
654
486
717
216
110
915
333
169
466
453
564
266
65
321
990
543
1100
204
