1445
0
1
2
1
3
3
6
6
2
7
10
1
9
11
2
0
14
3
7
15
3
20
14
6
17
8
6
3
11
20
0
28
26
21
30
35
23
30
24
25
0
8
1
12
0
31
33
17
44
47
9
2
21
53
40
17
47
48
3
3
5
57
58
38
51
8
18
16
24
52
21
61
55
54
65
9
9
69
67
67
23
57
38
39
15
6
7
13
20
77
18
56
34
70
85
80
26
19
92
25
45
16
39
18
13
8
61
50
15
42
88
54
107
56
22
41
86
25
24
27
79
31
54
30
60
19
116
28
54
8
89
80
19
9
14
24
22
123
74
121
49
106
41
11
131
62
119
80
28
38
12
66
148
81
23
2
8
96
88
41
149
47
10
11
150
9
110
111
20
59
54
41
20
91
78
144
81
0
36
57
62
95
88
90
18
129
29
139
35
118
121
24
126
67
113
140
26
136
118
176
4
167
133
107
130
164
155
24
158
110
191
102
95
55
116
35
185
65
173
161
112
135
214
8
141
161
77
71
208
218
138
90
161
149
149
149
229
80
195
32
68
68
73
37
142
202
136
30
84
233
17
248
100
130
231
152
239
141
16
74
175
98
259
253
30
245
225
253
234
127
57
201
144
146
235
254
129
14
143
105
116
269
139
121
51
49
38
11
205
277
78
187
273
53
148
82
125
177
233
146
193
249
199
100
25
130
31
167
213
270
197
231
46
27
114
10
243
86
304
94
93
252
92
245
123
246
221
264
323
299
97
193
234
25
209
272
211
54
216
2
122
313
335
213
135
134
213
145
123
182
284
211
201
169
264
149
222
45
133
31
126
181
75
60
231
98
204
190
293
357
98
330
296
171
302
133
270
265
336
190
300
330
36
297
141
311
232
157
177
6
172
287
119
162
65
49
385
38
383
44
305
337
397
31
262
166
385
213
174
114
78
399
405
75
97
352
384
207
302
191
34
390
98
288
189
232
113
7
188
133
378
332
111
397
55
289
347
59
174
8
335
123
424
54
277
157
266
248
377
112
422
242
185
407
106
419
24
323
165
191
227
40
209
285
193
104
396
45
275
361
344
419
192
117
203
474
236
336
138
434
339
95
155
18
67
88
339
463
461
48
169
172
155
215
178
319
227
376
41
98
412
218
46
176
267
302
479
427
361
392
357
205
99
400
291
220
82
420
84
348
157
186
305
449
63
491
497
179
495
39
152
508
420
270
146
285
341
105
131
146
91
306
153
329
208
405
323
135
239
441
370
315
496
215
12
533
233
501
7
280
129
21
97
124
265
268
0
21
157
429
147
514
142
81
370
39
49
543
234
259
250
499
111
387
283
126
261
381
536
585
574
126
497
97
194
321
86
561
185
549
418
548
185
255
137
283
223
37
441
187
363
580
427
242
198
548
359
373
49
23
304
573
598
613
35
480
85
579
512
553
469
255
363
18
236
517
497
459
110
517
624
569
427
39
377
367
276
334
271
168
634
290
556
456
70
654
17
110
45
626
202
631
658
409
29
402
608
152
349
130
149
230
142
502
474
79
186
321
54
481
261
609
434
602
406
297
197
663
82
628
567
650
122
313
407
422
508
283
609
569
40
296
466
361
660
28
81
36
340
51
609
630
527
138
543
175
316
51
172
658
378
715
34
32
209
393
157
331
69
399
686
359
395
137
687
716
62
177
234
598
697
233
174
76
199
173
73
54
558
39
222
351
101
599
542
291
648
250
494
26
432
726
541
271
665
155
42
337
281
564
293
246
302
69
525
307
709
639
693
642
532
414
196
684
726
60
161
543
217
75
179
697
721
259
603
415
260
325
502
632
164
314
98
523
375
436
294
636
278
806
345
307
625
693
810
587
154
630
639
745
134
776
129
819
471
46
541
105
331
262
322
703
673
483
504
569
712
328
328
350
177
52
139
725
333
600
555
683
311
830
467
511
86
401
199
21
266
519
604
532
523
330
659
808
728
217
240
88
782
148
571
185
578
16
281
477
163
549
235
125
349
839
199
463
414
26
832
81
17
298
888
560
740
618
28
306
51
273
172
201
240
751
340
789
33
403
301
658
818
653
715
895
705
640
702
164
730
663
123
109
481
869
653
386
544
474
238
573
817
486
726
647
529
595
641
546
921
81
831
488
933
847
891
227
451
467
552
787
255
626
872
612
437
276
623
44
911
166
5
553
939
278
175
10
265
940
223
585
189
597
619
15
161
805
809
568
199
726
781
807
883
946
720
763
582
670
807
125
238
546
845
151
641
611
930
582
720
106
484
185
618
511
564
816
619
895
275
350
289
818
646
16
858
793
649
892
175
702
262
602
546
596
977
550
603
748
1007
240
835
846
995
1026
611
253
903
334
359
128
244
486
472
625
211
426
585
747
574
869
784
962
433
772
249
978
101
566
391
660
548
658
287
351
933
1005
143
602
241
937
565
753
948
191
284
342
822
777
202
59
24
969
782
738
700
620
277
1033
432
680
577
379
459
314
1018
1042
863
873
472
457
177
1005
498
296
587
537
521
15
1056
570
808
536
302
709
1097
1033
860
617
995
929
62
282
244
171
770
1076
105
1055
205
1054
961
223
876
327
37
503
739
1012
63
1108
972
772
569
764
673
939
863
761
633
583
752
21
218
174
576
581
685
658
15
1114
514
188
713
426
623
998
461
521
932
161
519
407
531
3
740
251
582
49
791
609
537
311
835
269
719
1059
130
944
292
594
709
34
1117
435
357
604
532
918
497
829
425
686
737
712
935
828
460
8
199
714
919
574
1146
1152
507
223
4
570
136
582
534
619
151
25
615
748
767
287
899
1180
483
1149
483
637
758
309
735
501
490
1078
1099
211
240
648
474
626
164
568
905
497
312
1245
576
306
779
816
350
838
1178
640
1136
642
352
1187
585
334
185
1137
516
788
217
339
1118
798
65
635
668
521
747
1233
878
74
665
88
1146
73
643
656
1052
889
549
74
579
838
397
864
468
287
812
498
893
641
866
402
567
969
1000
126
301
218
243
619
1261
933
1004
1028
339
842
533
863
52
766
599
831
655
1071
584
191
623
1106
936
371
256
446
236
833
1039
1303
1178
706
710
63
440
218
505
736
554
555
392
308
586
1001
277
1188
738
150
761
1310
918
342
351
566
608
522
310
33
63
462
1262
901
775
1239
1185
46
593
280
1033
701
42
391
1368
728
1339
837
241
1091
79
307
142
665
660
1293
846
987
746
21
197
1105
782
692
168
1229
1194
783
612
1187
73
839
757
1147
96
807
103
472
572
613
276
467
444
274
356
386
926
1133
1143
1266
330
598
355
54
1045
770
601
1277
4
591
756
836
1433
314
1313
570
94
684
331
706
292
