5000
0
0
2
0
1
2
2
4
6
1
5
0
12
9
11
11
16
3
0
16
2
16
14
18
3
25
25
3
10
15
28
6
10
16
0
9
13
15
14
19
8
11
20
7
5
26
39
39
40
44
23
46
45
33
15
31
18
39
32
59
8
54
44
55
4
48
47
36
4
11
4
14
3
25
31
13
66
20
66
31
73
21
71
55
58
11
86
71
54
40
2
55
32
58
41
4
32
30
74
99
81
49
29
35
50
8
43
34
78
1
7
49
100
88
98
111
80
68
86
34
96
97
11
90
116
75
68
108
42
0
130
57
14
42
124
36
30
74
105
67
47
98
12
31
104
88
135
107
79
3
48
41
20
121
148
61
76
153
77
112
86
24
134
46
50
126
118
144
118
113
67
51
157
166
89
40
53
119
2
42
75
2
157
59
167
124
176
15
89
76
35
142
4
157
51
75
196
33
68
0
185
158
80
127
62
119
32
92
205
152
103
156
2
199
52
168
43
156
71
100
166
127
169
104
222
67
136
18
209
64
9
90
1
102
218
97
100
123
80
43
10
68
177
109
138
60
32
40
122
228
114
180
125
111
171
157
233
152
48
217
239
89
161
16
177
75
256
199
1
47
232
70
55
137
190
214
250
67
172
12
89
215
1
39
268
99
127
270
83
35
187
168
282
0
78
98
94
260
269
256
141
246
67
156
104
269
234
130
174
20
132
234
168
263
98
306
225
285
156
153
268
65
36
145
89
127
293
94
307
154
32
16
147
138
233
301
61
276
323
73
68
86
306
108
88
232
17
80
305
251
221
0
45
2
151
350
341
288
270
342
260
53
251
336
354
145
359
234
122
357
238
143
186
209
116
58
79
257
150
281
335
10
23
2
326
328
183
150
206
313
360
233
189
261
382
355
24
292
194
145
214
93
56
125
248
303
47
322
85
345
407
165
138
350
411
64
63
222
16
197
27
123
298
279
60
350
421
341
358
404
252
4
23
431
217
334
236
307
277
278
326
132
44
285
240
432
422
216
365
61
23
308
357
163
420
384
283
97
120
274
181
149
8
291
177
295
234
250
127
396
350
189
265
58
464
140
428
334
153
428
388
163
347
153
103
401
157
413
35
393
420
323
109
63
139
76
349
495
37
33
126
74
25
111
61
248
505
134
97
502
433
27
322
407
4
178
170
421
434
517
426
82
7
183
154
245
227
65
421
280
488
480
466
422
60
317
442
179
474
232
212
208
464
37
244
519
312
231
548
260
285
232
434
547
140
278
290
552
161
81
348
126
69
114
402
84
172
422
409
81
456
340
310
474
101
203
347
109
274
86
513
134
483
486
440
7
548
60
526
192
151
156
328
64
11
159
546
112
585
42
387
492
125
376
578
546
556
428
95
594
530
449
481
192
69
24
487
574
298
142
487
144
179
483
140
333
594
103
473
190
122
529
241
607
454
560
141
445
479
360
329
425
9
15
49
283
232
205
397
106
586
150
577
290
179
228
399
621
104
215
127
208
176
115
370
281
205
214
441
591
236
351
211
508
414
232
166
71
532
37
578
607
638
118
561
390
164
353
412
574
567
578
6
528
408
313
519
574
358
696
229
361
334
434
40
309
99
361
460
312
325
704
556
484
384
290
510
597
46
585
546
477
528
720
183
181
13
226
139
246
412
17
382
298
243
160
482
66
340
168
187
221
313
455
244
14
408
600
192
564
589
205
84
470
70
269
754
335
459
535
191
380
242
709
545
212
178
361
529
695
372
419
413
345
323
721
422
173
117
6
724
171
558
364
99
555
31
6
191
574
382
510
252
153
610
300
92
445
467
141
712
582
536
582
603
526
648
414
211
60
91
659
709
102
299
118
549
786
433
294
674
309
60
753
344
239
659
283
290
449
446
525
425
718
455
399
23
794
632
199
786
405
592
752
343
482
727
91
533
507
21
573
389
329
151
247
800
296
337
21
226
171
402
840
503
651
837
4
456
362
689
770
266
450
344
611
233
238
560
875
626
486
756
700
822
104
32
72
609
1
236
734
633
276
648
158
774
777
688
692
293
721
334
809
755
731
126
734
882
340
754
199
286
840
173
497
292
307
375
93
654
449
782
779
375
170
849
591
819
219
142
875
92
297
849
163
372
94
604
40
546
244
740
14
717
729
256
286
105
224
475
533
291
532
656
930
956
326
212
476
566
572
450
910
127
106
196
873
238
897
607
949
272
119
755
480
147
734
786
430
48
179
671
648
982
50
34
57
876
215
198
964
206
32
120
963
209
163
532
177
800
615
976
722
754
890
615
542
63
878
1005
294
224
692
388
710
72
328
637
199
163
223
441
903
914
101
952
860
494
492
34
221
358
118
82
658
784
995
587
86
262
457
698
652
388
379
949
847
40
565
255
569
850
920
410
645
416
538
510
53
995
347
948
356
678
937
168
133
536
186
660
666
792
167
966
462
209
286
1066
292
235
387
500
710
64
37
80
735
233
560
366
592
665
938
90
399
533
710
941
59
898
867
1020
250
745
3
266
195
717
198
318
1028
243
902
907
477
129
888
1058
499
1007
913
393
1107
113
813
974
652
926
805
526
321
961
58
72
788
511
230
29
152
962
891
1103
136
923
963
1021
773
862
973
543
676
980
398
944
633
952
520
692
741
896
48
931
705
739
1101
762
650
354
90
890
679
363
325
344
846
131
696
345
1071
161
16
1030
47
105
403
279
818
151
908
216
178
593
817
292
154
10
1062
877
123
212
973
471
586
736
349
219
160
1038
478
605
1137
474
987
1023
790
178
192
832
163
1118
584
594
105
1095
480
902
721
9
238
331
791
436
925
967
596
1132
1084
984
589
1042
18
972
394
796
228
0
919
873
408
700
122
699
942
545
988
541
326
1046
83
764
456
739
1183
851
877
137
26
1195
1214
819
533
276
1170
322
454
774
930
278
372
1008
850
827
201
225
292
167
730
172
1147
531
1009
732
150
111
113
506
782
565
886
1235
616
652
921
180
178
943
573
90
1037
1273
109
415
505
714
584
580
25
536
331
762
1228
136
982
552
123
131
687
1075
893
534
934
243
762
101
495
655
981
306
888
1164
722
923
1024
1065
1258
1191
1209
425
781
1257
375
213
209
1167
1007
1117
9
295
1224
1216
428
354
565
1265
1314
26
1346
170
432
509
1082
1291
33
163
431
1231
538
880
986
313
111
1140
1303
201
520
971
794
1344
86
1095
477
246
701
1366
948
21
24
500
255
1026
729
1122
811
560
170
781
1017
951
730
862
830
1178
890
764
1314
755
535
239
293
579
573
555
13
757
1135
383
65
438
1180
1166
431
302
212
585
1260
415
1099
625
1023
367
172
804
1273
1441
1162
1163
536
675
460
823
1351
877
277
281
488
1092
1424
1127
474
116
1082
973
635
1086
440
121
911
1425
118
1253
799
709
591
622
1440
1031
439
1402
1025
1065
55
476
836
1250
974
329
1022
463
255
950
114
1408
429
1297
946
1454
1456
1230
150
28
639
144
1083
1485
1113
270
6
517
140
377
94
1156
1323
513
693
1298
956
322
1135
133
27
873
110
1067
1457
400
244
514
1185
42
976
83
687
1347
1074
604
298
300
1087
796
1298
1269
1382
203
722
1278
845
719
938
59
60
225
1096
210
1260
29
1412
691
1290
805
64
1402
398
947
1558
381
1541
1259
191
631
955
713
977
964
1065
1450
809
20
1336
445
263
684
1140
1109
968
1370
82
955
1503
368
619
783
1308
1162
687
979
715
61
1394
1495
1067
745
650
668
619
224
687
1088
236
177
834
529
1289
1418
519
828
528
400
455
825
681
1380
295
405
748
1606
403
1060
265
1030
1307
1019
120
1192
577
691
39
727
1537
1416
1365
1567
136
595
168
128
1094
738
1244
1276
88
510
1036
1528
1462
978
1164
1613
814
1150
596
1436
543
859
1304
627
407
1385
920
974
414
1616
357
1343
705
992
219
1392
1535
207
1314
1624
1403
662
461
192
1257
290
134
858
1188
598
346
859
191
825
992
1401
748
174
178
820
950
379
253
302
725
763
291
329
1460
846
1442
764
938
680
450
1131
894
1662
725
128
746
1304
1405
1388
569
177
857
1641
837
151
835
328
1450
131
930
487
1568
294
126
789
1109
1193
796
1202
352
424
1141
1131
631
1117
1476
1752
823
1442
118
159
1519
1586
469
843
1297
1762
20
239
824
1739
496
1030
1598
743
1746
1722
208
455
1466
1769
1406
448
662
175
468
390
427
1248
1523
869
1600
315
704
761
1125
166
428
118
31
1129
1162
360
965
463
424
1627
1394
1783
199
1246
1513
1806
798
1621
691
212
819
1682
1680
1741
998
1129
842
1717
588
275
1459
1747
454
274
742
1789
327
1010
1429
646
101
276
23
650
681
1017
1373
1431
1710
1742
1080
808
1766
641
650
388
513
1056
898
1810
372
771
1665
1693
491
1296
1575
1064
672
1296
955
1608
1630
656
777
442
198
1682
1569
1540
885
946
290
228
700
1399
1038
983
227
1379
68
1171
663
1812
1032
1674
188
1490
784
1513
1723
1704
1548
1852
133
1232
102
1436
143
1879
2
1283
1604
866
1495
137
981
27
672
475
1492
689
1495
449
149
391
1825
1608
1388
1581
35
588
1250
761
204
1430
1652
1599
963
832
162
1396
1558
12
1009
615
377
1745
1290
318
1556
1310
1029
1483
1387
796
1902
1197
1125
896
1351
884
265
259
644
1736
1440
1926
22
589
33
154
1121
332
1341
1073
1746
316
1735
140
186
235
1363
606
680
1617
373
1829
1827
1696
311
682
62
712
1889
601
1114
561
213
1019
1335
710
32
472
427
1828
1630
1958
1502
1704
1346
1175
861
698
762
120
1947
1490
1907
96
1235
1795
846
413
1192
1302
959
1037
1250
147
593
612
1540
323
1498
670
1089
1692
1949
608
514
1678
1192
1147
915
45
1393
1960
1582
332
655
1883
30
59
985
810
901
1503
1495
996
1390
1150
818
1357
1228
206
1198
708
1778
807
1285
159
1812
15
732
1648
805
446
1134
1935
1051
1078
967
333
1380
406
1378
440
717
855
782
1068
1446
100
1060
578
419
1501
1709
1041
1854
1298
105
992
1690
558
2000
982
89
308
262
1800
540
2007
987
163
454
2091
1110
108
280
17
1124
662
696
2112
1450
749
2061
1926
1523
1407
2005
1477
1300
554
1131
1979
920
937
577
1124
328
1370
100
1683
1513
1508
899
731
59
189
279
1936
1174
1713
870
666
1931
2051
1847
2031
325
1268
343
1312
219
589
1680
1206
1480
1892
309
1706
544
775
383
859
1286
1687
347
779
703
1911
1681
570
1859
1783
79
1349
1701
797
1968
161
999
156
1621
463
541
1620
1471
1771
1794
811
1235
593
682
569
365
412
1328
1753
1326
1648
1051
1866
618
1838
1357
484
603
119
1531
1284
252
1924
1081
2162
654
360
277
1010
1442
1394
996
1553
2005
1202
907
478
1359
915
1048
1190
1373
1200
230
1354
119
447
1358
1237
1066
342
900
22
983
269
1984
1065
930
2194
1579
79
1436
1448
943
936
1610
189
1896
1816
1820
150
1549
647
295
1579
1774
521
1275
1013
1887
1801
141
1750
116
1959
2050
282
603
2144
354
1078
1337
804
1178
2048
1507
743
1650
654
269
2088
56
2172
1359
1846
1612
1128
2038
1843
1450
62
653
1106
1587
752
415
2234
2019
681
122
391
1740
1171
254
1699
470
360
254
236
886
1642
2182
1898
1048
640
72
1428
972
1743
1204
256
144
1712
1256
1208
844
1931
535
1987
1560
59
1727
618
1090
1272
674
409
874
1951
1727
1768
501
1717
1570
749
1346
688
220
208
1000
2173
132
2262
189
2047
1200
1887
240
1536
2045
1523
545
1816
1135
2016
1316
1026
1072
1670
1081
514
585
1120
1247
246
1792
297
1820
1126
256
713
830
2372
839
344
522
2095
1570
211
584
1534
2132
989
1832
692
1223
1661
352
260
599
386
928
2190
1576
539
1676
1885
2200
1843
2397
933
1793
2255
2033
593
796
1185
2138
712
57
388
2187
1999
1326
2440
923
1524
1137
2012
1480
1876
241
105
841
815
2379
1639
1932
1783
2400
2394
2250
2085
1243
2451
670
430
435
965
337
2422
2207
177
161
2013
14
901
1245
1483
2433
319
363
2376
856
1273
414
1924
2384
2288
1872
408
1271
1182
457
770
1241
1422
2022
1040
1568
532
772
331
1740
88
2186
2055
564
202
2235
1905
786
1025
1241
780
1543
26
1254
2200
235
2462
2295
1708
286
2119
24
823
1800
403
490
2263
161
17
2
1068
2267
1663
2223
391
878
894
1715
1219
331
930
674
1334
540
616
42
1186
1434
2353
1898
2258
1497
601
2059
889
1074
1411
1865
2411
1090
460
1831
458
998
332
823
2084
58
1017
1691
2414
1476
2004
1143
1083
2483
214
248
1278
1137
2356
135
1352
852
1066
44
2507
1183
2404
100
1371
69
2235
1895
1310
935
1007
898
680
1362
2292
898
522
2163
2060
1959
947
1966
2162
622
2587
1608
1904
1032
2033
2056
2528
301
1665
934
1474
985
2063
2493
772
1822
1616
2300
1404
2393
2025
404
2527
440
936
567
306
642
726
2463
2636
1635
817
2618
2395
1364
1419
649
459
273
1329
2557
1323
1258
600
28
1180
1641
1296
1383
2154
1986
2306
2611
2326
778
2539
439
679
2009
1885
822
458
592
2387
1575
408
1739
2616
628
2648
568
1760
1448
845
854
605
2358
1386
2239
1156
1942
1106
1927
2259
241
2442
707
233
402
1687
347
1867
1082
1562
883
2572
1979
869
1398
60
10
482
1282
1408
2053
88
734
2026
1816
1278
1996
1438
514
1146
871
1451
1643
562
2719
1706
1865
2443
728
2331
1561
1911
738
50
235
681
252
414
1415
2083
832
624
2166
50
128
2479
1529
1942
705
1718
2510
2110
2459
2217
729
2167
706
176
2749
576
832
1339
2232
2705
148
1991
706
1193
1237
1645
1009
838
1949
483
541
428
2718
823
2029
2324
1169
269
2716
574
801
2549
767
1935
1337
1411
697
1193
451
2743
2510
1954
2522
711
2166
649
2201
1586
173
1279
105
1083
1493
384
1815
1210
406
1987
2092
913
1214
606
2091
1694
2201
2578
214
2010
2047
26
1218
1188
1383
2356
1646
128
644
1179
2088
393
148
578
121
1015
2340
554
2828
1064
411
2030
2422
1474
2227
84
1912
2427
1579
1098
1940
1922
2026
437
2428
1891
247
130
1494
1277
1134
2516
1243
665
1470
2771
1499
764
797
1588
2523
634
1861
1598
507
615
1117
1974
1977
1831
1707
619
2384
1908
2890
1980
2401
1799
307
2327
49
1693
1000
956
761
2274
1729
1817
1917
641
1342
2456
2150
1204
2510
818
1396
293
675
2208
180
199
1980
1492
1143
2793
197
1734
114
824
867
303
156
2228
1842
131
1603
1940
2352
584
2726
1611
59
1704
1804
1079
1231
2244
1724
1755
2760
973
499
2623
1632
245
1106
354
1730
1293
1565
57
127
2361
2037
286
166
1017
2303
2562
2646
1049
1759
1080
1304
1127
717
586
748
2218
2699
1262
698
1513
518
2545
2362
1880
1704
115
1048
1510
1124
2014
421
2175
954
1371
1770
2428
943
2207
1521
1442
1287
29
2885
1870
1898
1779
309
2921
1914
1580
1805
1746
2059
1759
1012
789
394
686
2549
53
2071
1944
2235
965
2414
929
233
1197
2306
1237
233
1542
2882
81
846
1486
1346
1614
2647
2720
1584
352
1684
1664
1460
2017
514
6
1126
2685
2979
109
196
2701
709
2436
2466
339
1087
584
472
1349
241
407
2056
1896
24
2562
437
1708
845
1397
1489
2340
446
1842
2656
1338
275
307
3022
1467
959
104
829
2101
174
592
1016
2615
780
2830
2202
1794
560
1162
489
1491
401
1751
131
2782
1021
17
1245
2316
1669
2937
2487
118
2542
1550
2581
2024
1074
1845
2065
1299
670
1221
2102
2072
919
631
1471
2881
334
424
1790
718
1020
691
2733
1699
193
2333
2313
1523
2089
249
825
2229
2672
1690
1659
753
368
2818
1632
2242
3044
1350
563
382
2745
642
3079
172
2893
1959
2586
3030
560
2252
690
836
489
1783
279
698
943
331
3127
2270
2543
1955
637
1084
2463
717
906
2704
1173
2974
616
1256
1420
3031
2034
1717
514
809
2685
1880
2921
2750
1938
1732
189
2192
1269
1467
366
2595
240
1721
1879
3201
934
2875
2620
431
3104
2827
521
603
579
2240
1367
872
1048
164
386
88
159
944
1393
2327
653
2164
959
1539
1791
1020
1540
796
3020
2893
2640
175
2486
390
1804
2871
913
3154
1682
2854
1854
1003
2068
132
978
2019
1113
2586
997
617
774
1744
1252
46
896
2287
3131
2097
1345
1914
315
1500
535
2706
1301
1919
2333
1065
2813
1764
2895
978
2773
725
3075
2905
767
2221
959
144
342
1574
1019
874
2902
1983
58
243
999
1629
2052
2569
838
1300
1573
796
1632
1040
2445
2084
325
2278
1081
329
1146
1347
544
1557
135
477
851
494
1258
3007
1615
1939
547
307
2519
1675
2314
2237
2697
1284
1772
2434
2654
2760
1726
280
2217
2992
24
2318
58
1122
1827
721
1719
175
2899
127
2168
2810
382
2298
2504
592
619
870
1772
1112
1756
987
1280
2963
1381
118
1153
1659
1031
1363
1174
1056
1318
2738
2648
2996
1690
3063
1258
3339
1114
1180
1590
1181
3160
1855
3287
1698
1551
750
950
230
1202
1064
833
1368
2753
2476
3049
162
1455
1105
2914
2884
2991
1130
3185
737
2562
1753
2828
3055
1876
693
1969
3206
2298
1327
2041
1124
2958
1576
2679
2377
370
1923
1592
1859
3041
2218
2640
440
3131
949
529
2922
2547
3148
1508
1227
2308
3206
2169
650
1409
1175
1724
2963
804
1696
1084
2678
232
1213
323
1583
2934
1025
2925
526
452
1098
156
1971
1965
3213
104
3406
1891
1024
2070
1252
3098
445
983
957
3122
2003
1194
3118
2212
2212
280
1864
1213
1654
2037
2366
1398
2107
2163
3333
3442
3188
2327
596
2379
538
2440
2825
878
2795
1678
2427
2818
2120
2549
1443
797
607
1129
540
476
291
1438
6
2158
246
2168
3
1836
2929
2261
1839
2428
1502
1950
1367
2945
3044
843
2917
3108
1012
1514
1014
1383
2833
400
1893
3140
859
911
1945
2059
1332
3150
1893
633
3218
2744
2900
618
1335
1071
1067
1552
3336
1740
1642
1097
3182
2137
2268
2982
253
770
3195
142
1793
8
2725
3191
2937
1141
2572
2625
1830
202
1939
865
2497
2278
3394
1511
2754
2815
340
128
1130
2523
1431
757
3241
3383
2103
2706
2574
2935
1735
1129
1002
1124
2040
2524
1236
376
3341
2010
2459
1740
2910
611
259
844
2375
3275
16
1688
2882
1355
1597
358
2504
2488
116
600
3293
1226
2323
811
1822
1754
302
1094
3258
613
2414
1582
3255
3159
634
318
1999
2945
3474
3048
1273
3335
3385
2090
972
946
2637
584
2698
30
2492
1880
812
414
3494
2885
2944
3056
54
1408
3315
2457
375
1485
2214
1419
2968
1590
280
3321
3156
1797
1317
2157
111
2082
62
1643
3195
3671
2644
2196
2709
2478
3260
3228
3072
498
1901
3612
2333
758
1413
560
2237
1500
2062
1442
640
921
1383
781
1690
2538
3529
2099
3642
2291
110
344
3195
1185
1377
2349
2387
2464
2354
374
3324
1464
2307
3708
1422
3250
628
179
1687
2844
447
324
3329
2401
3216
3741
2609
675
22
869
2481
617
1345
384
1762
1868
3589
1385
307
1316
2056
699
3486
3235
3143
194
2674
1096
896
9
3015
3251
1915
1730
3537
3247
102
2311
142
838
1213
3445
431
1948
3378
3596
994
1925
1741
1784
1566
1189
3769
2987
1950
3570
2396
3637
1198
955
3730
2106
141
1819
2733
1243
2861
2566
3255
1613
218
1855
2710
1613
12
287
3329
1866
315
3183
2522
2043
3304
3464
227
662
725
3159
446
654
1408
3329
2481
350
3537
1571
1635
3475
2076
2440
656
2670
3168
1446
1432
2152
2730
2219
3669
652
1834
2344
3685
1289
1706
2915
1118
3629
3512
3182
3600
3751
2854
1098
2599
1398
440
2346
532
759
353
755
1533
2379
971
1171
2338
266
1798
2266
1910
666
1555
2575
923
2182
1027
94
705
735
3812
359
3161
958
3768
3143
1227
3232
1947
3738
3335
353
2579
829
2389
2178
2251
1775
103
2488
1356
818
1004
1194
1547
1726
2555
1014
2837
3304
517
188
3201
228
3287
3206
2968
3723
447
734
1580
69
3230
207
2554
1135
3820
3541
2633
1292
2640
3656
572
1302
3665
718
683
853
1654
1494
3310
1602
2575
1093
2618
2055
3204
2012
57
2348
3447
1128
3563
2530
1615
1185
132
2142
1879
3075
3782
52
889
352
2212
1381
885
3029
3837
898
3956
3824
3857
1326
118
201
1740
2661
1380
2662
356
2749
882
3836
2603
2706
858
3545
2543
2730
807
3949
1175
1446
60
1292
2155
233
2390
2663
1382
1169
2471
86
1962
3428
3696
3928
1652
1294
3269
3930
1301
364
2726
1220
402
1589
2087
3433
3895
1416
2717
817
2245
3479
3991
3738
3809
716
441
3708
2423
900
2806
2224
3029
519
1620
50
3981
1499
459
7
3705
145
3942
2775
4014
1555
1542
3052
1338
1879
2867
273
1167
2721
69
488
1816
637
3656
2941
1746
88
824
1360
963
114
1384
3079
3099
2097
114
2346
2101
920
1057
3677
3290
3553
3714
1286
2779
2167
3045
2124
2691
1760
541
421
3359
2652
3259
2729
417
4093
2713
752
1446
2539
1416
1896
990
2210
3196
1445
3113
2011
3241
1023
3832
1179
1765
283
473
4026
1227
931
3023
461
1266
797
2182
263
4106
2096
1536
1648
4000
1803
2368
3688
1461
1668
1209
1644
2445
3987
4060
1850
1687
3884
2456
2742
432
3696
2185
1239
2464
404
488
609
3303
1401
2574
2212
1260
3826
82
3565
2554
970
162
2846
2196
3579
2699
1608
726
584
1224
3850
1366
1252
3460
59
291
3112
1657
570
3051
1185
588
3396
311
2799
3205
2323
2217
1976
2662
1480
1276
3355
2701
228
4043
2462
1307
2198
3443
2992
18
1157
2891
4151
1367
1900
3377
343
2882
1757
1007
2761
1764
517
2314
2441
25
3792
3680
1265
2205
459
1896
2500
2248
2003
1955
27
3719
3563
3910
1388
183
2157
3833
2582
1076
2023
3228
682
4245
3642
3138
2604
1244
2724
3667
2551
1706
2690
3192
3477
1174
3252
1642
1960
3389
1062
819
3268
1453
4222
1097
75
611
65
3943
1399
3991
1115
1046
1059
2703
577
312
1899
765
1211
812
4011
3383
632
3342
1772
2005
1539
3549
2879
3269
2450
3945
665
3639
84
2062
873
3728
1040
2030
2420
2611
3589
417
452
3987
2100
1638
3045
62
405
913
2623
467
3558
4095
1647
139
3329
2697
2618
1785
3832
3488
3032
945
2370
714
4094
4136
3450
4080
4317
1307
2065
329
3096
2387
2518
2241
3066
3532
4069
96
506
1457
4230
664
1645
1550
3654
2272
3844
3585
182
4151
3731
1585
723
2768
3239
2304
1398
112
920
600
3391
1740
1100
2701
1035
2209
1450
4065
2136
3093
1096
1574
2239
1423
2902
71
3719
4137
2685
1763
3717
690
1641
85
1772
183
3303
497
3904
3943
2351
3979
2344
1598
3987
2964
1644
989
2934
1163
2181
3107
314
1766
1483
2905
635
829
2788
2427
1061
2204
2177
831
2250
1739
1705
1048
2662
2082
4124
1476
1657
1616
367
734
3000
2856
2533
3139
2237
1154
1875
2075
2334
425
2713
3031
946
1399
3557
1906
3401
153
4320
1247
4406
2902
586
3257
796
1055
4378
1536
3886
3236
1875
975
918
1414
3272
988
351
3786
299
264
2066
69
1168
702
29
1162
1456
2992
147
2626
677
2569
3118
3342
1682
2074
1234
733
3258
3612
663
1070
1549
2442
370
4198
1317
1993
3452
68
949
3395
2758
593
4446
2900
515
2119
483
1125
3954
766
1159
1831
2817
3102
663
400
2071
846
3028
2741
1907
155
148
1054
2874
3534
434
3281
117
498
3410
2932
1216
4034
3071
2209
1085
2722
2530
4441
2287
901
4430
1284
2895
559
3516
476
1975
1557
2873
2386
4538
3669
2555
57
1041
2690
3443
3762
1129
3833
1606
259
2642
735
1524
3158
4305
2289
2472
1294
175
3514
2186
4267
777
733
96
734
1002
1950
2139
3030
4532
3545
924
853
2511
3608
413
2710
3192
2841
3501
174
487
4470
1144
3836
4193
449
2799
1541
531
1041
1052
3352
1758
3725
4337
3354
1445
4237
4374
2245
1377
3204
3419
746
1960
242
1136
3796
3394
906
3366
2964
1099
707
485
1763
4012
558
2505
4578
1086
2380
3507
4317
413
3541
3863
1590
4323
1879
527
460
3602
929
3913
3143
3105
2136
421
327
3880
4142
4286
1712
2979
657
2269
4214
4299
2530
741
2047
605
3228
2067
570
1129
533
3811
3520
2368
1660
3735
4352
2950
1734
2651
280
3565
1241
3879
4096
4393
4172
1927
4240
3037
3003
1821
2738
2357
1253
1546
3070
3850
3731
1312
474
511
2082
1449
2307
3700
1207
2474
3102
2638
3489
337
1384
1896
2648
1362
3882
965
590
1017
3319
4724
1879
808
3254
4153
2212
446
4365
4271
177
3133
2871
3137
3632
2415
833
4256
1682
1767
3867
3568
1579
969
2541
3259
682
4014
1098
2236
236
101
1165
389
2129
4476
920
2330
2171
2142
2357
4243
683
441
942
3870
1853
451
3805
4123
3894
1798
2596
478
294
4136
3509
1588
2057
1101
1030
79
101
3572
1044
2181
2127
523
582
3885
3875
387
2417
4382
1130
332
4111
2710
1547
2849
779
3097
1720
3981
546
4695
3240
3591
4429
4545
4090
3622
4074
1052
3251
3148
2934
1537
136
2366
3935
2884
3640
895
1154
3741
2314
258
1352
538
2564
3819
239
1786
57
1068
915
379
223
1990
3237
2777
3788
1078
988
966
815
1834
1157
260
1915
549
861
494
1051
4374
370
1195
1699
3018
4494
4712
1902
1416
130
3883
4721
3733
286
3579
4232
4041
2235
3713
4428
1773
238
2282
2724
1582
2349
2298
4638
3846
4389
4883
4789
4016
3261
4324
3214
4835
108
4866
1296
2500
4688
2851
31
1456
734
1958
247
441
1701
1952
3164
1864
4925
41
788
2992
2472
1800
2871
4003
2522
267
708
3858
2949
2284
4751
4449
2451
4423
2517
3066
3807
3818
2228
1322
3648
212
3901
2855
3080
870
156
3598
3920
2372
3089
2093
2280
4657
608
2614
3621
1135
3976
3549
3542
3400
1050
550
1093
1480
4465
2169
4179
492
1034
4129
2803
4365
82
4589
724
899
2772
3431
4519
1786
1422
2770
1856
4317
3628
2057
3062
4894
