5000
0
1
1
3
2
3
4
4
8
9
7
2
4
5
8
1
5
11
9
3
12
21
19
12
4
2
26
16
11
13
29
8
11
9
31
13
34
9
5
19
29
4
10
23
15
33
17
9
43
48
50
43
24
5
29
16
8
20
33
58
19
39
52
13
18
18
25
46
34
14
70
21
33
1
23
55
55
42
7
76
37
37
15
58
17
39
9
56
65
61
69
24
1
7
27
94
27
62
6
67
85
70
36
10
68
10
5
102
26
14
82
74
85
70
0
64
104
87
65
75
32
38
122
5
36
115
30
26
99
67
90
34
58
22
126
131
30
46
112
25
99
110
105
20
129
135
9
53
105
95
93
90
29
15
29
93
151
140
10
1
125
159
47
17
71
77
80
55
29
88
126
55
67
88
3
153
114
61
124
22
46
29
49
123
152
53
50
1
56
146
89
19
29
117
140
184
124
167
65
110
56
17
35
180
73
52
185
41
79
85
128
70
61
195
116
96
181
214
103
196
26
214
52
17
105
64
14
89
181
143
164
161
218
212
150
120
234
168
33
100
29
227
174
25
19
62
73
24
90
222
222
206
134
171
140
58
154
100
76
34
67
195
102
78
208
42
127
244
238
84
37
11
16
191
160
48
14
250
14
180
96
118
280
23
9
225
157
270
50
120
68
82
220
127
77
287
52
48
283
291
163
48
244
140
267
72
236
249
261
162
183
66
61
121
89
31
313
288
84
206
303
46
92
261
280
216
174
252
28
78
192
261
214
125
272
169
86
135
132
318
305
109
288
148
287
141
210
119
219
51
161
184
278
56
71
260
230
251
330
131
302
160
344
354
138
231
43
18
13
266
11
263
299
163
115
65
244
230
134
334
90
301
9
270
344
280
323
18
356
276
95
342
307
365
264
383
181
322
92
357
51
9
81
322
114
18
87
73
126
359
379
388
297
266
306
47
21
400
143
319
299
199
204
44
293
245
396
355
11
109
173
84
12
79
179
393
274
212
5
245
125
65
85
78
365
348
430
380
149
102
228
175
286
281
231
453
334
193
438
30
237
155
179
318
368
41
229
119
291
308
142
364
34
206
381
335
326
352
339
243
148
139
228
303
278
335
447
386
400
280
229
108
40
96
113
211
297
429
309
16
441
157
427
206
472
453
252
31
489
51
60
406
329
73
187
282
376
247
13
89
202
418
336
102
270
307
93
196
358
499
177
516
96
465
370
291
417
130
429
394
369
495
517
100
132
157
312
268
471
135
488
68
186
135
287
39
443
428
55
336
7
170
268
372
65
31
196
28
530
569
108
260
82
404
263
158
43
141
497
305
402
488
279
162
378
335
76
439
307
345
343
247
310
348
464
143
470
440
107
272
439
67
451
58
580
549
467
355
409
127
546
138
401
433
433
316
185
293
553
578
237
364
208
601
179
396
61
181
221
222
485
567
384
33
484
375
557
576
467
338
464
259
233
89
641
80
559
193
389
2
518
485
48
397
413
135
485
261
479
503
501
25
81
449
197
104
96
371
650
293
647
526
50
597
214
88
406
637
568
433
390
103
294
287
661
462
685
431
258
477
178
603
423
483
46
31
391
540
231
123
319
572
360
628
509
415
511
3
230
93
272
404
52
124
521
568
48
254
151
115
440
258
456
359
360
649
50
224
245
335
46
122
191
175
555
326
153
162
615
544
491
475
0
250
63
179
222
428
357
5
341
227
576
645
469
434
334
264
176
476
260
213
191
0
691
288
448
195
210
212
279
241
754
466
566
636
76
401
108
352
595
431
536
589
773
253
164
645
477
517
536
715
92
589
419
377
47
780
540
139
7
530
297
533
156
313
65
257
421
456
775
519
738
661
626
531
0
212
467
34
789
724
607
102
196
674
457
165
140
222
226
702
627
10
341
761
773
101
168
665
359
769
92
625
580
96
410
772
417
118
529
119
554
473
144
460
166
714
648
5
842
232
135
445
442
768
64
523
152
843
396
285
403
313
828
146
332
380
681
560
562
746
882
616
65
521
820
485
690
445
550
884
391
760
750
231
634
556
55
625
333
179
427
219
448
240
351
675
617
572
593
376
312
137
620
803
558
362
753
601
342
478
476
162
883
721
417
188
309
834
151
806
659
809
627
69
99
70
48
799
404
480
906
523
300
857
323
2
119
835
690
217
721
72
30
436
808
71
46
636
896
846
844
470
28
22
819
547
948
720
442
26
341
772
716
937
187
874
718
604
711
88
727
499
902
175
127
597
840
209
42
744
895
771
300
166
983
783
941
971
437
762
437
552
303
22
415
18
243
739
143
533
451
989
86
154
407
106
321
93
506
450
551
703
141
605
878
553
683
216
232
311
671
178
971
558
238
22
306
807
355
971
134
713
139
672
1002
331
875
471
942
860
309
982
102
289
234
184
659
731
361
788
237
662
86
128
309
739
60
1060
669
38
73
222
716
449
170
769
476
656
701
30
621
986
960
993
393
174
521
869
500
268
1056
537
706
152
610
146
349
119
61
351
707
737
518
204
976
876
606
414
1036
167
751
984
329
624
872
616
418
679
866
343
1108
605
473
959
543
174
487
778
693
1034
525
501
1101
344
483
374
789
970
1008
498
787
74
607
396
632
773
353
218
528
715
995
194
487
1052
420
487
461
646
106
283
877
685
1004
320
577
537
1099
1109
1052
500
477
343
327
849
484
288
103
313
263
235
77
1018
546
771
846
320
60
996
222
186
815
933
328
255
25
1181
393
470
983
1055
664
172
306
934
766
1074
354
420
206
709
142
739
760
725
611
909
145
242
311
1182
422
633
306
407
789
40
244
947
9
1118
325
616
213
360
1161
384
1066
687
197
274
1206
444
46
1077
482
250
1189
936
435
695
893
365
237
1180
723
316
272
956
782
320
1249
673
1082
941
1091
363
942
559
678
895
191
1024
1149
886
892
535
803
139
1171
338
293
116
922
700
560
938
658
662
576
696
568
887
1054
1136
81
1223
1167
426
416
819
1115
1067
460
1112
772
991
93
1078
329
1287
512
679
856
848
1286
1192
708
19
1150
733
1284
163
229
178
1246
330
1126
164
1247
1108
383
210
1133
825
149
687
85
55
1129
1069
1155
47
537
168
713
928
882
219
231
983
425
1164
771
153
352
1127
977
239
869
184
622
829
187
965
1248
891
1160
529
1355
435
226
479
883
33
985
1118
713
834
1272
891
279
622
552
264
896
38
1100
432
901
719
448
886
29
1241
149
225
313
640
30
322
893
1066
723
255
679
255
124
905
907
1080
649
769
557
321
402
181
784
491
809
229
202
250
643
539
417
1196
1327
1408
676
481
974
447
951
113
562
756
210
424
476
188
444
461
143
1136
573
1351
414
947
1151
903
340
1320
120
753
1130
1077
333
1275
1314
1381
1107
1092
44
1387
916
486
749
453
35
381
871
844
667
669
416
250
387
104
481
312
1432
1402
416
362
1470
499
795
928
1174
349
200
1245
430
323
181
500
99
795
484
452
336
829
679
351
224
1445
635
65
201
517
934
259
831
424
268
183
954
481
1114
533
252
1502
1315
380
317
149
143
1262
1073
967
712
1041
1193
807
869
365
1496
128
412
1408
66
1060
1509
1271
344
766
1539
1295
519
377
233
481
1007
830
1509
630
379
595
83
1500
154
54
356
1411
1484
542
961
630
1511
930
279
92
1259
271
299
1015
990
31
1008
231
1521
1053
322
126
399
178
1006
372
699
1083
63
495
98
1221
377
1431
283
447
5
457
1354
1223
671
975
184
974
616
227
429
1079
809
994
344
1100
484
238
517
889
953
1288
1062
775
1219
113
234
558
409
1425
921
620
1084
525
512
1276
924
443
1629
967
1050
1393
914
1098
196
634
154
1046
1355
384
1625
1255
936
1552
796
310
141
1045
977
219
866
505
682
132
152
1550
513
1456
158
1511
563
1276
35
1018
76
861
1507
1424
1662
236
147
719
375
1601
134
314
1678
1376
1641
1033
1
864
1104
100
1432
487
796
153
1609
1251
780
730
671
1228
333
752
1118
667
246
988
28
1549
1125
1575
1198
1285
1377
716
801
846
545
1093
926
1075
937
1270
932
1205
1382
93
1604
65
1193
1268
752
807
1499
1698
670
276
558
1042
1716
473
1176
316
434
141
382
152
1189
47
1546
484
1240
1498
1087
940
727
1263
143
1024
1655
1731
1622
1624
39
749
1620
1089
1208
364
858
920
1098
1248
1520
941
393
113
1192
533
75
1723
216
1125
169
76
1497
477
1594
1684
25
1650
1748
19
739
328
619
647
1141
579
669
400
1369
448
697
866
1734
175
1533
27
1051
995
243
1346
932
1450
509
1437
1621
667
6
868
832
159
1657
1815
158
568
876
1180
478
440
1361
579
173
280
828
928
986
1682
674
1373
1274
605
928
933
901
293
1566
1286
1277
1558
487
1695
247
1174
1662
1215
353
287
410
660
1526
185
1339
1449
838
1607
1222
1337
1606
1606
1780
562
1728
1071
995
771
1231
274
1856
509
715
53
1066
1542
314
1832
843
373
544
788
1337
1248
998
830
117
534
1193
1081
535
1294
218
1106
1770
1810
891
1856
1389
860
326
1035
631
1524
950
1641
63
1496
1808
1149
1450
1243
682
1797
1494
1519
375
213
18
83
1533
498
689
1437
801
1655
940
821
1358
895
155
1792
417
1304
842
1623
1099
210
380
149
755
236
669
1576
1888
1366
1907
1865
130
154
1094
1439
1674
1215
1056
88
256
1723
1784
40
979
1195
1045
1048
700
1796
435
152
475
710
1225
1533
670
787
479
240
515
1564
1913
790
1534
775
1343
1534
390
1889
426
1294
1524
72
1646
746
1667
1185
1221
643
570
1497
494
361
1753
1470
276
1809
612
1250
966
736
1299
1686
1340
1894
68
1542
1935
632
313
466
1538
1183
416
1965
154
1139
1156
1194
917
1681
1723
1017
1516
529
20
1508
1789
1744
581
1477
2003
1231
1984
480
18
466
1867
1642
937
1582
1629
723
2042
1084
2048
909
1525
1943
1439
78
216
1522
1897
1433
1141
1184
975
509
124
1370
1302
514
1427
1221
265
662
180
1977
1098
1641
671
1935
826
164
1321
1843
1415
414
1444
1087
1994
352
108
95
439
1362
2062
1703
1899
1054
753
1808
425
325
1355
1570
2040
357
545
723
1164
1912
537
1959
242
1807
1532
231
1279
1410
1460
1546
1661
339
1679
935
13
54
1810
2028
79
170
1829
784
977
1757
1783
547
1210
598
982
1849
1527
1824
1545
814
2130
1499
735
1157
505
140
495
1536
643
1897
924
1986
669
1317
428
517
1230
1676
433
1148
196
1224
1046
623
1051
1599
919
433
1955
1495
2140
1233
1597
1955
940
1182
783
1640
1883
2178
1007
1824
1212
520
2178
1596
1147
122
1017
603
2194
2099
1563
579
1684
1306
162
348
1450
533
1694
807
1570
959
1586
1732
4
2067
1698
1431
1252
1626
1363
962
1458
1138
2042
68
1534
1513
99
1096
40
1238
652
270
12
912
2007
858
1332
1813
2242
1687
929
1720
914
1028
2141
83
1733
1256
1970
750
1186
1206
814
1534
1526
2053
1572
1436
1708
1227
796
195
328
1465
971
602
868
612
615
1015
1794
727
729
2144
1001
227
438
1102
1711
979
2133
2218
226
873
1410
2119
466
2016
805
2018
1210
104
1981
2268
1475
2172
433
1350
1683
32
716
405
524
820
1777
2092
289
1603
668
197
1296
2078
1898
436
2037
2192
554
1298
1472
2115
1157
975
1626
2182
1311
352
1011
1449
1620
1538
16
1220
1724
2030
1171
417
554
803
1869
1441
828
743
854
2042
1422
2334
998
1215
1666
528
1183
298
1891
600
2196
2032
1904
1552
1055
790
130
810
1445
2368
1344
1514
494
3
995
2173
301
1174
1885
1876
1840
1336
1476
1427
472
1856
2324
1026
402
1002
294
1371
325
1246
380
1067
1676
1536
847
1628
1387
66
1111
633
2198
1219
609
35
1598
504
2193
188
860
440
2321
679
208
332
78
1303
1387
980
2370
1222
454
1360
146
1136
1772
5
713
878
1896
2186
371
236
1418
2408
72
1827
55
1928
1867
1184
1432
186
1754
2242
1588
21
2085
2272
1290
2000
423
2129
1467
831
390
418
2336
634
2008
719
800
1626
1104
234
2270
153
137
2443
994
694
90
2414
1921
1814
1734
1977
1326
756
1878
1147
1052
756
1209
2214
71
393
1171
1918
2061
663
28
684
486
2375
1358
2387
743
682
1438
1718
1529
814
1133
1656
1403
722
1800
1279
1705
121
1582
546
1286
1662
569
639
433
1029
903
806
801
2114
1322
1819
2161
368
2101
1984
106
1157
1570
633
814
2333
1279
1838
1306
598
381
600
2313
2082
1339
524
112
1124
184
879
619
2540
1752
1977
958
310
72
1706
655
1023
106
2016
1093
493
851
1538
2518
890
1018
1934
184
558
962
765
999
1883
1742
666
1665
390
1680
910
2578
1118
2380
1111
592
1678
2510
1120
947
2207
2226
2491
647
976
1321
1739
1301
1142
1673
2314
1279
1205
189
2580
1426
1682
2347
842
1968
1437
1510
177
1578
663
1658
2336
2314
1525
2085
1877
821
1844
518
409
2297
1667
565
335
2183
1227
2416
1985
2043
1040
2199
1519
1235
2241
929
1934
1169
1829
2444
2158
264
2280
573
2325
426
2445
1081
1234
22
588
104
1586
163
969
2207
1519
1301
867
166
1235
1237
2673
1816
97
2541
339
2657
45
2329
196
2108
1967
771
1594
1787
309
358
1922
1365
794
1236
2390
1127
1495
1257
42
583
821
2425
1728
2299
2017
2496
1714
1430
2267
1224
1324
1384
1200
1100
2075
974
2376
172
1193
2607
2304
1901
64
605
521
454
1393
387
711
858
1592
209
1743
1101
2429
966
346
1138
846
2647
2512
1810
991
253
365
2402
405
2676
1823
1257
2551
768
2614
267
152
2136
2507
2384
2469
2251
1122
1181
395
2074
2468
297
1173
2605
1374
1530
1586
526
2299
2394
463
1154
2742
1769
2014
2733
2546
1566
1113
257
1432
800
2035
2750
2189
1717
312
80
601
1229
214
2709
2457
291
300
551
1997
1037
0
2389
1739
2722
2594
2465
2218
2808
1720
449
2024
397
2069
269
869
806
999
2435
573
2114
1809
2668
530
1340
1394
492
128
244
999
2774
632
1419
1962
1763
2249
2835
336
2384
2625
2379
1816
1304
2829
1539
2124
1925
1949
2563
435
1433
2634
2525
2433
1935
2695
2750
2848
535
2451
2103
1508
889
1965
1773
1619
513
1251
1918
381
1396
2860
1615
619
2448
2590
1690
2585
2838
1408
827
1320
133
1833
1007
2494
853
648
67
1296
2825
2797
663
1171
2253
2798
1964
392
2697
2556
2464
342
825
1522
2349
1405
92
1557
1413
1153
1293
2351
234
2446
2751
1915
1728
1988
568
1763
2182
2362
556
475
2656
2077
2148
2507
471
545
668
1240
1093
2266
953
1835
776
1033
2006
756
2304
2167
6
2633
241
1503
154
2845
1481
2746
936
1402
1398
927
1806
847
797
2217
2232
1314
883
2788
402
2227
2425
565
2788
159
632
2101
965
923
1772
1356
2162
1230
1977
849
2590
166
2906
785
2658
1916
2924
1457
882
1239
664
548
463
2773
1262
1840
1331
906
1354
1692
2879
1015
2159
2575
371
524
1710
2907
2214
2687
22
169
830
659
1271
1933
2480
2345
1757
2707
1449
374
1101
2004
1672
1315
2416
2914
2776
1060
2380
1612
2239
418
44
22
2658
669
1225
2722
2161
346
2103
380
797
130
2894
1548
40
2873
1372
2476
1679
1901
2501
543
2412
764
527
680
1664
529
1989
1551
2638
1360
1907
229
2178
2589
2576
1801
222
2017
2519
2720
2972
1289
1357
939
1846
2333
2881
2376
753
3034
640
293
1685
1121
1500
1260
894
1806
935
1657
815
289
160
37
1330
1320
1369
2137
831
1747
678
480
362
783
2550
1641
1634
316
2398
2453
1488
819
356
1087
443
1249
52
3121
645
1705
816
2223
1368
950
520
959
8
3067
22
2971
444
945
2654
1587
1773
1668
1056
510
271
1958
1952
1782
1635
415
72
1650
423
1852
924
1256
2043
168
2095
1625
633
1134
1995
1670
251
1569
2835
1613
1870
1241
2426
2885
2448
341
2208
1948
2988
588
2867
1825
2978
1019
827
1670
2666
354
2301
2881
1631
1042
1687
823
447
761
3033
137
2209
154
2776
3023
2933
173
2459
1122
850
353
371
596
1712
2813
2952
3080
1865
53
1766
42
1653
1635
287
468
138
44
1571
1145
1965
1983
738
276
2227
58
1655
3108
2728
332
2034
1070
2855
1236
3137
1931
3143
865
2267
3199
1347
2211
484
3022
2101
992
781
542
364
1741
1240
693
3013
2425
967
934
3062
1125
3227
2028
819
919
2149
108
2055
3070
1984
1199
363
2032
1046
1342
2351
3224
2345
428
2783
24
566
1340
2959
1129
2355
3261
2578
2766
2823
437
858
1684
1377
1868
1999
493
606
559
2391
2960
1087
3147
2587
1930
3240
175
1024
2561
1438
655
3058
1116
2611
1288
2435
964
2480
2474
2173
2158
2379
739
107
1610
2961
1331
804
301
2561
2931
973
249
2346
1331
817
1576
1916
2703
935
1116
2466
3018
1257
2490
3218
2470
2029
2570
745
2406
1144
1953
1390
167
851
83
3100
2107
697
794
3061
1125
749
149
1450
669
2013
209
51
1600
1328
151
946
218
2483
180
166
2375
1852
3328
2953
2688
877
2760
2243
3114
2714
200
2545
3350
3316
497
593
2795
149
652
1046
3372
2110
1229
2584
2221
3304
2509
2228
2755
957
1209
2557
1438
260
2849
2957
2222
2071
2529
736
3000
1543
2912
2290
817
539
1396
96
1065
1876
2171
3240
2101
952
637
1751
169
1257
2079
538
1263
1641
1689
744
2579
2003
1953
3403
155
587
1695
2738
1467
2944
1611
1578
69
42
2786
910
2569
1903
1280
432
3000
1247
2967
2097
190
2085
995
1270
1314
1146
1445
788
616
2345
1608
3234
2132
412
2311
2744
1936
1592
397
1659
3160
1573
2747
3102
3377
1487
3197
2997
1541
970
3069
2777
1762
288
227
1432
3211
1369
2108
2816
3344
2771
3407
3162
1972
1039
867
1215
1046
2635
1522
2543
1718
864
255
3517
1055
176
3270
2683
1319
2095
79
1133
1236
1771
1586
39
2567
1873
2254
1614
698
1164
429
3264
3424
3476
921
1572
2197
1334
2019
2337
2846
2134
2671
723
2716
1703
3021
581
1225
720
2387
951
1545
3365
745
190
2942
1196
1275
3088
3194
1724
3306
611
2527
1842
2611
1129
204
3251
775
3147
1124
2260
2378
1786
502
1979
684
771
2913
1777
1395
3378
233
2062
2754
2468
1491
2739
883
1731
56
3224
3415
2156
2385
958
1657
2621
15
288
3222
1906
1169
2031
2672
79
308
1281
910
170
1311
1253
1526
2924
2042
2684
923
2585
322
642
119
736
663
1703
1218
1284
3401
3525
3345
1759
110
2074
129
775
3362
1780
1
2935
2244
1984
111
1330
2100
637
1276
760
3164
1349
1959
2903
2199
2443
2102
583
1547
323
3421
1215
1822
2123
1877
1639
714
183
1911
240
1774
2370
2366
680
1782
1824
2600
369
2237
2818
981
222
1988
1744
2255
1594
2979
1557
1969
1492
2867
2224
2184
3691
2748
2848
1300
2765
676
2635
612
2389
830
3676
3430
1699
1610
3614
3500
2594
3040
1921
290
2462
1615
1760
3009
2564
2229
2663
1174
1689
1286
367
2637
3216
2419
3355
3679
2986
3165
2975
0
1342
605
2135
889
500
2916
3297
2559
2523
2229
1191
3602
1059
96
2549
3603
1228
3708
3015
503
2066
980
2090
1698
235
1675
3128
788
2586
2806
1702
2507
2644
3452
218
439
3650
3176
1747
2993
2481
2271
2907
2461
2245
1071
2935
3628
2222
3554
2395
3763
2197
93
156
2910
2755
2991
1143
3781
2898
2030
170
3774
1044
1185
3638
353
550
1283
1767
1475
2741
1457
3739
3372
2089
3700
583
3417
1263
3747
2745
3418
2523
1878
1575
581
1783
2394
121
2921
149
3614
2150
2208
1035
2512
318
1590
3111
2781
3270
2596
1483
1765
1055
318
1515
3062
2657
1368
130
1127
1234
3693
2576
712
1713
411
1017
1017
3307
3793
2100
2240
1407
3753
642
2712
1615
2486
1025
147
1194
256
2675
3225
1297
2075
1301
3591
1514
131
2516
1359
3642
619
3851
2989
362
2713
68
1890
1402
1027
2338
1427
1853
1622
1574
696
2031
2402
3693
2741
2718
1163
785
2059
3075
3075
661
3138
1686
1701
844
2220
152
2148
447
1117
436
2142
2855
603
2363
2009
3620
439
1548
1118
2872
2932
2456
216
1111
3933
3469
514
2084
3435
1793
3910
3524
932
2446
1203
1020
3812
408
1896
230
1821
3432
1234
1909
489
3862
858
2441
1136
3644
1801
3611
2094
3265
186
514
1707
1073
2751
1255
1455
3381
1213
1779
2353
2455
435
879
1948
3791
1079
316
3726
3041
3450
3515
2482
1222
3031
2910
3103
3992
2095
2055
3273
1817
1095
3416
2341
1982
524
1810
2611
1988
2863
2904
687
2194
2467
1358
100
2632
818
871
2114
2546
3836
3236
1509
830
2414
111
957
3941
2600
2788
2925
2168
1536
1885
333
2601
185
1704
858
334
3356
3881
673
3390
3322
3254
2960
3807
600
3662
25
541
1070
96
466
1061
2993
2762
2126
3252
3325
224
1755
684
1507
2130
3548
3172
2672
2758
2897
218
581
139
159
1570
3529
768
4003
1172
1545
1281
2468
1778
2699
751
803
113
3927
7
1850
736
1557
2970
3420
3462
1522
840
2630
1642
623
3736
3794
3186
360
1518
2845
422
2950
863
1484
2960
918
151
362
3600
1728
461
1686
2179
3784
3442
808
2298
972
1188
336
2451
3980
572
2469
2769
3785
1129
3480
2261
1655
1154
1241
2392
2155
2094
3842
3071
1422
1120
707
1811
3051
481
1609
1152
2781
1010
995
3689
1175
1875
303
1880
2194
1957
3368
1779
2139
1560
2567
1052
362
4091
4075
4108
3387
776
553
3091
3041
2175
3583
2715
3094
569
474
3707
3269
2207
1229
3712
2769
964
3412
3006
1315
1873
576
292
1039
528
2191
2962
3255
1873
3767
75
951
1707
2971
1842
1487
2052
1807
1763
3517
4137
4166
2525
2032
2679
3679
1900
326
2817
668
2165
4190
778
3501
2278
2015
4108
4227
2751
2792
1145
692
283
3985
2269
1040
4114
1465
1176
2344
1503
2018
1666
2583
737
1830
667
2691
3502
802
3930
1371
3113
1670
1736
1288
1114
3266
869
3040
2098
3276
2464
3662
2225
1531
2699
2773
949
2957
1196
4056
2375
183
2131
3408
2140
64
3961
3197
3326
937
1831
1559
2735
24
1835
4270
3857
1328
974
422
704
3739
3881
2830
35
3072
2594
3753
1758
237
1987
477
330
2203
104
2746
1609
1661
3338
1974
857
2668
3109
3553
2417
470
2961
4209
66
2038
3552
13
130
2517
4184
3841
1726
2941
2771
3710
956
3017
491
2500
1316
3470
2543
1107
603
3629
2167
1603
1593
2474
671
853
2578
4223
3051
2073
1109
1503
3366
4194
4343
3787
3823
113
2564
2628
97
31
1249
559
1818
854
3332
1508
4364
2367
3002
264
37
4271
2919
119
1995
3620
1153
2451
4053
1264
132
2491
3612
3052
1882
1564
1229
4312
3990
3811
2110
2830
238
3361
3290
1951
562
3474
2990
4230
2496
4015
373
3838
550
2112
3228
3107
1378
2962
2951
1455
3923
550
476
3289
3312
432
4191
3385
1282
2629
2608
3435
2759
270
3130
1801
3666
83
4149
661
110
2905
3629
828
3619
1472
4082
2065
1662
1533
2450
1861
601
429
2669
1993
16
3864
4276
4382
3277
2627
2554
3207
4325
3222
4304
3335
273
1667
1237
2935
1696
4246
1684
617
3210
3119
3709
3161
4058
851
718
3884
3330
2454
768
2779
2476
1939
3480
3012
3331
2095
1043
2823
2184
3322
3159
1034
1144
4063
4281
3176
1565
2046
3229
826
2800
1669
3682
1554
2745
148
3675
3191
4202
4032
328
1564
3622
1432
3067
1648
1386
2631
2078
748
3481
745
2999
2270
3116
601
752
699
413
4202
4518
3756
2396
3662
663
1419
4267
2176
1449
4109
3921
800
2337
112
4275
642
2599
3357
1814
118
1531
3440
3774
3827
3389
1525
998
1723
2267
1587
3996
2449
2118
4357
3817
1315
1955
2008
420
4216
2947
3366
343
1903
2733
317
2435
2838
3122
1326
3990
4333
453
3789
3589
1080
1181
4502
2488
1212
69
2112
4346
3083
8
2805
1168
2427
1084
1733
1570
2523
3160
1968
3869
2758
1373
3076
1559
790
1464
696
869
566
2701
2335
1043
825
3796
3678
4227
2913
3826
1164
3458
3200
3666
2043
777
559
3394
1061
1347
3049
2863
649
3520
428
4304
3280
2908
297
2349
2858
4514
1771
3834
3751
3688
4212
49
377
1458
2849
2731
2358
2074
2889
978
2690
3209
1081
1888
3775
245
3682
1137
0
537
1930
275
521
4360
23
1506
2256
1231
3147
1309
2934
1767
4683
3213
2897
1420
120
1836
1562
953
4516
2460
3650
2838
1599
3893
465
582
967
3349
2358
3318
1694
3329
3255
1878
2937
1684
1640
2764
1355
1033
3146
764
1230
2103
261
1073
2390
1982
3510
447
3692
521
3364
1813
1196
4284
53
1993
1175
3386
21
204
146
762
2483
4068
3181
4170
1429
2349
1333
3232
2900
2887
27
2649
1260
3741
2863
484
514
3784
4574
528
4146
4733
1408
2380
4748
407
4530
4440
2212
3258
1913
1757
2366
3967
1621
1642
4061
3772
1239
2162
714
2228
3668
2960
896
3146
2700
3565
1764
3840
2339
443
1346
4525
3876
3638
1116
2636
697
439
2673
1269
3799
2337
3148
997
3608
2788
1385
153
608
735
2610
3717
1608
258
2429
1340
3560
2125
2790
1831
4692
3365
29
1187
4674
1739
1774
4674
3146
1082
4574
2018
4229
188
2979
1718
1007
2575
8
2522
1665
3994
4523
2817
4231
45
1108
481
2343
424
3815
108
3928
2086
790
997
3332
476
4819
1759
4359
1634
1533
3158
1798
1524
4318
2893
1233
452
2050
3448
3321
3870
1892
484
4850
3895
1046
3931
289
1957
543
48
1200
1713
4127
730
3198
1812
3833
3454
1903
1708
4066
3907
3526
2352
4114
3567
3158
4779
1151
4062
3615
2209
3048
3520
3768
2040
2057
1558
487
1591
3587
3871
3650
4779
842
4255
3778
967
2106
2297
2691
88
653
635
4133
1732
411
3471
3198
2006
4316
2391
3634
3330
4355
3865
1609
3877
3155
1082
4256
1957
1985
3170
2136
689
237
1739
414
1461
3153
4372
4033
3544
2747
3215
4356
3621
1096
2894
4161
4862
4703
4220
4631
2638
1277
3545
1253
3067
289
1191
3184
441
2385
2234
345
1773
1574
4585
4805
1915
681
442
3627
1919
4590
971
2078
4224
3489
2878
2400
