5000
0
0
1
0
2
4
1
5
5
4
9
4
10
9
2
6
7
15
11
3
1
6
11
9
22
25
12
15
17
8
27
2
7
21
11
19
9
27
1
31
4
22
33
38
40
1
15
45
22
17
45
41
22
26
47
33
17
24
20
27
28
46
11
15
46
62
21
27
67
59
41
21
67
9
59
44
67
17
6
16
20
18
58
9
43
0
74
85
65
7
6
47
48
42
44
24
61
13
2
17
44
30
15
39
13
42
8
82
90
76
74
62
28
98
57
57
52
34
6
83
73
6
77
117
99
116
50
91
90
71
33
11
40
107
92
51
90
11
44
26
11
118
129
120
47
90
112
109
71
111
94
30
45
71
119
95
125
78
3
26
14
94
7
99
161
10
80
139
116
33
2
38
164
52
103
12
61
115
170
55
9
14
151
3
67
58
19
185
7
167
155
149
164
129
85
164
62
71
43
150
99
139
159
41
117
157
132
204
25
119
15
197
97
132
7
124
183
178
184
173
132
200
7
74
110
35
44
207
65
79
174
164
127
219
93
47
3
211
72
119
223
110
85
130
159
216
128
208
2
89
35
105
70
223
22
187
151
8
124
218
106
259
1
238
203
265
46
256
50
176
215
189
184
165
169
174
220
69
219
263
68
276
220
28
171
246
133
135
45
146
234
211
229
46
278
187
289
182
281
53
56
16
256
287
3
279
90
18
24
188
122
57
213
65
91
10
119
34
171
14
231
20
215
153
41
114
214
59
46
191
90
273
318
52
171
220
191
244
303
152
155
319
146
15
248
40
106
304
207
154
263
49
329
2
32
173
126
189
188
150
358
136
51
340
21
129
296
100
246
123
224
158
119
144
357
280
297
87
129
301
190
138
299
334
62
82
268
261
42
365
64
364
133
277
166
194
371
332
133
87
220
376
133
16
8
94
181
228
131
302
240
5
351
46
354
71
156
118
4
123
34
85
1
286
338
28
202
52
256
143
171
134
135
233
286
368
400
60
165
67
413
389
141
112
148
382
360
443
212
98
362
210
294
312
341
155
118
97
51
393
186
342
234
16
197
111
332
348
13
30
370
390
165
135
359
111
198
388
409
427
255
218
74
115
384
206
355
84
457
486
71
29
274
128
246
165
47
145
459
7
424
316
376
260
362
452
245
169
420
240
128
150
383
111
419
28
39
90
206
135
51
143
385
113
295
29
35
517
447
105
208
369
389
63
204
181
89
404
171
142
418
474
309
540
377
271
114
175
236
544
324
102
153
43
489
407
189
342
463
113
415
389
47
19
326
303
117
25
4
130
175
298
13
567
213
93
364
217
187
363
56
544
81
576
122
545
285
81
143
3
196
88
523
315
32
187
166
379
537
217
372
245
558
366
244
298
174
25
225
476
141
597
253
173
476
237
484
387
36
347
159
592
526
106
199
11
589
103
259
74
140
500
127
451
325
32
453
611
341
401
415
50
264
119
161
600
593
526
178
315
283
515
511
133
638
439
621
339
301
583
301
406
28
234
652
103
504
606
173
143
274
420
93
253
210
588
222
670
162
594
430
638
245
503
106
572
458
96
161
160
680
41
491
149
311
676
75
6
427
628
217
256
6
626
622
526
7
188
693
619
384
185
170
437
162
370
463
277
394
660
315
78
106
519
55
326
550
288
728
124
97
160
98
238
200
476
90
58
692
43
505
197
635
499
550
542
467
308
8
173
74
643
122
527
142
592
132
270
419
648
427
659
560
236
278
394
666
320
318
645
589
206
574
386
739
648
745
637
628
113
378
220
594
701
356
454
315
712
451
313
196
355
377
205
226
487
630
323
139
0
669
747
26
84
568
61
622
777
309
275
221
154
491
297
125
195
733
426
0
112
682
241
584
474
759
689
705
50
359
659
588
572
402
136
744
81
634
67
720
677
799
439
647
678
27
343
740
675
430
719
627
418
403
761
272
43
629
434
334
431
603
256
62
754
504
521
523
205
542
364
863
548
383
473
794
561
615
520
501
192
529
467
305
872
251
391
168
808
280
840
203
576
590
191
598
548
875
511
227
561
459
61
346
151
736
903
453
312
483
50
494
183
685
383
12
890
816
476
403
273
778
740
56
344
752
669
187
849
13
259
701
656
148
548
251
469
738
44
784
901
321
615
34
682
850
232
703
538
800
807
302
4
846
599
572
171
742
166
913
761
827
685
274
958
111
323
434
294
419
877
817
190
883
290
12
87
102
798
184
506
184
291
659
179
353
359
611
698
825
734
986
285
116
393
6
207
517
477
421
394
702
262
131
186
297
480
802
384
955
718
923
77
100
891
301
125
666
874
14
420
792
256
845
699
796
14
970
816
365
413
609
178
354
785
231
458
744
681
644
645
957
520
242
827
134
826
723
306
929
1008
515
921
81
513
258
629
923
426
744
584
965
684
575
852
765
677
86
481
821
558
828
36
154
174
485
297
451
1053
563
946
14
238
627
901
334
663
709
170
804
380
884
59
1
720
504
386
912
1075
203
6
357
272
487
1023
579
355
986
453
455
624
1047
710
389
1031
167
529
962
1070
350
411
545
221
259
161
754
477
1073
1052
1018
1039
637
440
383
587
625
965
304
86
1058
737
367
543
1044
1077
355
995
353
979
155
1045
75
903
378
145
638
287
24
859
287
920
1138
1005
1070
932
339
723
1016
423
234
685
962
929
27
163
936
103
1153
377
317
586
811
841
776
494
406
742
728
256
100
821
946
480
419
62
840
772
1117
7
1081
1187
736
668
597
1055
837
859
53
996
168
856
726
915
716
1212
503
272
1003
121
365
1072
27
1160
658
235
234
303
720
63
882
825
518
731
49
13
1174
421
1123
283
756
53
841
1192
609
679
1091
1146
933
301
614
628
1153
403
197
566
511
865
68
982
301
1249
905
325
74
990
425
238
864
786
100
301
436
369
1240
769
421
1215
1144
1006
123
518
1106
605
183
526
778
1198
329
603
1037
235
750
658
1269
105
255
813
289
517
265
866
125
960
1241
456
160
591
960
154
1117
507
170
26
1312
948
169
688
948
520
360
280
727
655
688
763
419
571
1038
310
460
967
194
486
865
222
152
450
1273
1005
390
1317
1053
13
1226
873
738
819
291
489
696
812
1120
1208
1166
159
863
355
335
1327
1152
347
1116
394
607
233
976
776
49
448
678
88
778
946
920
696
1126
660
859
178
33
1009
1201
979
727
1147
618
425
1073
590
177
998
913
939
482
628
429
1255
188
1267
1045
769
1049
814
290
335
208
827
706
1337
405
322
295
977
314
232
644
226
316
129
459
61
809
452
621
1399
1160
1384
1392
752
440
815
571
101
211
1320
581
171
1162
1121
1363
1082
281
957
1216
280
920
1192
563
307
1354
92
915
1210
1384
988
848
861
42
1341
606
640
1047
106
282
357
72
406
673
1302
843
1324
866
55
1008
462
693
1286
579
839
1353
1384
434
265
164
159
1107
1370
1100
559
1141
747
410
1368
1459
1091
1419
815
1493
10
1185
257
1020
373
124
334
572
1096
1057
195
686
531
406
1289
72
772
1282
931
37
150
755
60
541
1492
760
743
682
105
1318
877
1461
336
959
1083
131
314
1496
33
1174
141
672
1396
85
620
598
220
1376
875
495
167
1076
486
132
340
1242
3
1425
225
833
1170
386
1510
460
1150
430
1196
1287
511
1185
47
342
415
1267
632
265
565
485
347
762
1185
406
514
1495
1464
941
1432
387
1483
929
99
1123
112
632
611
828
490
342
820
316
557
269
120
128
1351
260
1083
472
723
1545
1453
1037
776
576
776
1421
526
700
1367
1552
102
514
240
397
1510
585
1058
1471
1255
112
932
1481
1571
950
1532
751
1426
1512
1569
1590
422
947
754
872
1315
353
133
400
583
419
449
1178
987
1105
352
675
86
1173
1245
867
1423
1563
947
1566
161
1562
700
877
1490
1320
991
1466
799
1025
1371
899
391
811
1153
178
607
901
934
204
260
622
499
181
237
245
1451
1656
353
877
1513
812
723
1348
1399
435
9
1581
1220
460
134
441
15
1539
854
1033
1493
1698
747
463
231
1008
1175
59
121
517
1072
1408
1229
507
1581
443
1090
727
164
571
1645
1306
405
1320
1340
1424
1163
63
1022
832
840
1439
1528
1023
894
833
1059
150
1605
1144
1039
57
898
1051
73
492
739
838
183
146
75
572
767
762
1187
1641
1251
817
627
1225
600
560
1090
1532
1738
113
70
1318
954
1095
1071
449
852
1683
1612
614
1289
435
1715
11
502
748
114
1589
524
1480
834
667
34
612
1361
1660
198
829
1407
562
1311
418
347
1621
716
719
818
1635
552
130
1227
1035
221
983
431
1551
1689
494
1793
335
20
1469
929
64
304
534
1482
898
1502
907
89
1276
1748
1193
1663
74
906
628
387
547
1432
637
346
471
1387
776
1801
140
1580
1587
589
168
855
1609
228
96
1573
791
1024
239
642
190
408
947
684
876
889
696
1795
819
1161
674
187
673
1447
924
453
63
634
319
265
358
953
279
85
1509
71
664
653
1423
373
1771
1090
731
1449
576
1319
1055
1222
603
439
1389
791
1052
393
1005
56
1225
586
444
1710
1250
1558
1124
671
1771
527
1299
1751
1205
785
260
135
83
292
350
247
942
862
1553
1766
1550
502
352
625
9
786
1249
1182
1119
1266
712
1192
912
462
746
1873
1205
452
15
1156
822
868
1162
1629
1737
1386
1491
1234
126
167
1582
84
1300
1553
1515
1632
1122
1826
1046
892
1853
1757
1859
200
143
113
1329
1800
1444
1396
430
1617
115
978
320
464
829
755
49
426
736
920
910
193
696
1031
1420
1228
1748
246
1234
1008
1237
1804
452
1382
198
532
1209
789
1916
64
165
71
1276
1771
1288
896
1372
1175
1596
1862
78
677
242
987
242
472
219
1305
935
1665
1423
132
935
158
1515
819
2029
1334
251
179
1429
1222
1055
578
1690
508
1923
12
1192
1623
1110
1019
1622
988
35
690
1517
548
312
156
1978
1175
1475
1439
383
2059
1606
1012
734
267
1015
63
1108
488
369
1100
689
1944
1096
1338
370
1418
1084
601
1531
115
1886
1959
1192
1276
543
1076
1274
1965
1401
761
1502
1435
69
856
172
1583
1864
1482
925
454
1205
368
1444
1399
1196
34
315
928
1897
1870
834
381
1231
554
36
350
849
1593
467
346
1586
1573
1800
999
1801
1547
200
1883
2131
1975
406
254
751
1382
904
2109
541
1179
1283
497
1399
963
1197
1262
1781
227
274
669
2155
561
100
1090
1342
824
1947
1278
696
1605
1657
1250
1028
174
1907
1970
1191
954
1752
1743
1919
2014
882
1205
933
1001
124
102
1444
928
182
1926
998
1583
1358
969
1334
1088
174
120
785
698
1790
1932
681
1442
1976
1889
202
1454
2137
1560
1356
1486
1869
1085
1041
558
796
2078
319
1767
415
1226
1214
1784
1579
895
1830
2063
1727
565
1535
1087
2192
1713
1057
49
1612
715
1284
474
339
1720
1296
891
133
1776
981
2036
1404
1797
226
108
542
490
1676
1186
1200
917
1730
132
1889
86
1307
277
1857
278
234
195
332
848
922
816
516
1043
2152
1733
655
463
90
2060
2065
2151
422
944
752
1669
506
1224
1759
270
1744
998
398
290
1788
1430
1899
1797
294
1237
1730
849
938
2219
1646
1546
125
202
575
152
1768
1169
1957
1409
943
689
1584
2204
1585
330
423
1326
830
1949
1240
521
371
1945
1650
1352
422
1376
2276
429
1195
1147
621
100
1437
545
654
1221
747
1043
2014
1309
2
146
1168
557
867
522
1333
770
2169
2345
1030
844
1330
2161
820
2059
1732
720
778
1284
1949
2253
289
689
1745
1971
281
517
2123
984
1935
1789
1508
236
1203
170
1832
1397
1975
1109
2369
449
559
1233
284
2184
146
832
1271
2397
1528
1271
371
1380
1159
2361
51
1982
1341
456
748
1753
2009
2316
863
1077
1551
1362
991
1270
1994
895
96
1431
1786
1850
2302
1926
709
861
2300
1286
1880
37
571
570
1843
1001
1936
533
1495
679
1754
1923
992
171
915
1037
45
806
312
2228
2105
1288
1550
1348
2304
630
210
1101
1011
445
2303
1694
831
78
894
2181
287
824
452
44
401
361
2197
412
907
1933
385
2264
2199
1604
986
1878
1341
1404
1971
2429
1903
2326
2066
50
689
865
963
1355
789
882
1745
1106
747
2410
1952
417
1395
270
1297
1440
1263
2057
593
573
159
1102
1400
597
1542
2436
956
617
2275
1840
224
634
711
1547
2041
401
1557
497
379
1651
1857
1539
949
323
1976
1702
2076
2286
1218
990
806
1401
378
323
1731
1234
43
2223
1362
2335
1182
2550
1431
459
205
5
2090
2381
2166
172
1773
1027
1960
1980
982
1365
748
2041
1703
1371
1656
281
2556
1312
982
980
1824
1619
322
2237
2455
846
900
2023
868
1822
871
542
1175
396
814
2082
554
1455
1360
2020
1177
12
1593
1960
2108
547
1237
1292
145
1627
2068
687
1896
2151
91
1035
1201
2565
2463
1756
83
2122
326
974
435
210
2480
1299
549
1192
683
1575
1241
1252
1649
850
554
184
77
1086
1758
825
592
566
2169
434
624
1260
1813
1206
704
483
1293
239
2425
290
352
487
1406
1984
641
131
1215
1341
218
441
1184
2384
991
1033
1878
2291
1926
1042
477
2120
356
1614
912
1796
967
1669
985
1270
1936
2473
304
2057
1621
2418
535
999
2076
1739
1053
479
130
2213
865
1104
1583
1027
1434
759
2642
2390
130
2437
1816
2472
707
2095
1676
2679
2019
1125
1222
600
1967
1059
852
1706
783
2154
2653
565
2074
320
1066
2477
324
2052
155
902
737
819
906
1403
628
942
1379
1033
1637
1505
1746
2155
1290
1926
332
845
319
2152
1752
951
1395
1129
1186
2249
1246
2080
112
2536
2041
1795
2283
1970
983
250
328
1894
1738
1346
748
457
703
2259
1298
157
1832
843
331
1743
670
117
488
2035
752
1250
2211
2607
1747
1595
370
2226
353
2461
2187
2744
1192
1632
138
2396
2315
1297
2747
872
2500
1092
1808
757
1360
2691
333
952
2582
1092
2175
2163
2539
983
742
1252
2426
2794
1901
2462
280
987
1059
2443
564
2274
616
838
535
763
124
1015
1224
1360
2501
738
1367
1862
2094
549
1116
264
1954
2532
1842
135
2653
1390
27
20
781
104
1950
2539
2343
1275
516
2146
2690
2226
1174
1937
2347
1757
492
236
793
2840
39
604
2760
2764
2282
2234
274
488
210
370
2176
1220
2526
237
2750
2824
899
1456
824
696
2556
1298
243
574
2166
1426
1874
62
2832
871
37
2422
1298
1046
593
1869
1031
295
2266
1953
2485
376
963
1049
2866
489
2101
447
1601
2743
1350
971
48
1269
1124
2127
2500
670
379
2213
1240
2409
2146
2749
2770
2627
1728
2756
2666
2352
2827
2186
12
2298
736
391
1441
1049
1159
2336
2358
2545
883
2133
1666
2356
143
2631
1400
1941
611
1600
698
2766
382
2921
1439
907
1106
1997
1560
868
1595
2160
1015
183
2661
1262
2131
676
1077
428
285
2351
1205
1546
2048
1686
1092
2887
1117
1496
1305
2505
556
1291
279
166
519
2502
1805
2770
2390
988
812
2529
2723
2543
1266
2486
932
1986
682
2623
2317
808
810
1054
1658
1911
151
101
1186
2134
40
925
2817
1466
2275
1543
1257
125
2854
2358
293
2158
1863
2106
1693
515
1916
1392
2131
1963
364
2895
2836
652
1648
998
720
2479
206
2287
64
1695
51
991
461
2265
1691
2995
1303
2623
565
1163
151
2632
660
977
1340
2002
2373
1773
1912
840
2278
456
1508
820
100
1092
2960
30
801
2781
1216
1555
2432
742
2131
2548
2591
50
1440
2652
2105
1476
1689
2821
977
2102
5
2172
872
2612
2788
1448
353
41
1558
2607
492
2567
1245
689
1570
2915
846
2307
1354
1750
622
2021
872
2182
816
180
2401
485
2409
1365
749
1734
3056
1633
270
2033
3127
735
1952
27
164
629
1171
290
1385
995
784
2821
1954
734
854
2127
1765
62
1677
1746
1918
544
2049
772
632
3137
105
2572
2699
2401
2659
2714
2683
2629
679
870
1426
3054
561
917
1280
2924
758
1928
2782
1876
224
1657
2426
2746
635
1646
1150
3127
30
1451
2680
2912
2196
2376
22
2781
2473
3020
2884
1747
2396
127
756
3075
87
896
854
364
2281
1238
2194
245
676
1043
1515
2737
1940
1399
70
1273
2995
2748
1386
1798
252
1438
231
2900
1898
965
1590
768
2067
586
173
2570
1939
2532
335
2908
1235
1930
3109
2306
2276
2632
134
2348
1313
2432
2694
2703
2673
1377
576
2335
1618
1337
2679
3014
425
2400
3002
2064
67
2065
2567
581
3128
30
1414
143
2812
1963
3188
105
3083
1020
644
2673
1762
1122
1262
2255
1930
3029
575
2888
2816
2336
2198
2740
472
20
2181
2819
2508
3031
2959
692
1281
312
1414
2757
1878
1541
2167
349
3101
1347
1830
782
1552
776
3119
875
1046
282
139
2192
2021
2903
897
1436
23
1609
2509
2438
1097
267
381
429
2842
690
2565
999
2711
2978
2114
2619
2626
542
2820
2687
1852
2543
1930
3274
1444
2543
1280
791
753
1746
2387
1312
717
1397
3238
2448
569
3072
2359
3090
1885
2973
274
859
2428
1682
538
2773
631
1596
3004
2734
2349
1312
1233
3285
340
4
3028
1305
3003
2030
861
2144
1425
2685
3325
2557
2341
2388
121
346
1812
270
3346
71
2241
2442
1809
905
685
761
1337
305
2678
2341
3060
1618
1195
2637
2631
2607
1781
140
1577
2554
2590
359
291
2293
1266
2801
1430
3277
1653
2076
1222
3079
1527
2699
1171
1753
436
556
2811
927
1255
3380
535
3155
939
668
2159
723
3052
2854
2445
1680
3055
2611
3424
1245
3042
2601
23
1724
1707
288
2568
2009
1931
1113
1583
1221
2060
1911
2600
344
1163
1802
2774
2175
917
3057
1851
963
2870
2226
386
1057
2515
2165
1950
2064
2845
2297
1545
3438
1574
409
1701
783
2423
2519
1660
2347
2028
2214
1466
689
3442
1146
685
855
1058
2752
1898
1219
877
2453
585
1773
2811
499
2834
226
3202
940
3333
2219
346
362
2682
368
98
3450
1846
2909
823
564
2195
2140
1967
728
3436
1049
3504
1004
3151
2369
242
1806
1282
2068
2409
127
2272
471
2876
1524
8
3019
16
949
1153
192
1435
1900
1016
42
2418
2312
3253
355
1956
800
2705
479
877
31
901
127
2312
2642
2921
2103
2154
1740
1140
2872
3349
2612
2686
1887
591
1826
2635
2691
1429
663
1044
2307
2596
1680
3194
1066
3376
855
947
2105
3116
1723
1298
1656
254
2200
115
1397
2496
1808
162
2960
1513
2336
2172
2053
3588
1086
2147
2430
904
1324
2821
2806
1210
2472
3216
123
3300
3331
37
1701
3095
1151
2512
2736
621
2585
41
1966
1619
3094
1834
3571
356
1228
3152
2039
503
2552
3423
1872
3638
2721
1220
405
3023
3138
3471
1216
1889
901
704
1789
1203
330
3238
836
1504
2880
1931
2115
619
3469
3247
257
344
433
51
1653
200
22
62
2845
3238
3404
3297
2015
2791
2184
3256
3432
871
48
473
1712
384
456
364
3355
2342
1715
3010
2579
2071
153
1770
2323
356
1500
1136
981
133
538
657
2590
1208
1731
2168
229
2851
944
2415
2315
1672
718
153
1446
2666
2048
1404
1913
742
2202
1870
1437
368
1940
1408
2772
1112
1606
2359
3489
1181
2555
1999
2541
1546
1696
3500
869
1909
573
1857
1478
2896
1233
2069
311
1879
1131
566
246
3342
2738
2548
2212
2657
1451
1390
1668
1632
3323
3478
3480
2777
444
63
2876
1412
11
1552
3377
1657
1911
734
3787
2334
2744
255
3452
733
3053
2487
2015
2350
2550
301
2533
1095
2259
2944
3743
125
467
3072
1498
1744
1269
2758
1214
687
2655
8
248
3438
150
1169
1872
2655
566
1966
1156
677
3560
2486
927
1577
1554
567
2978
3830
40
3078
122
2537
1998
1284
1048
572
2686
188
3664
2428
3554
966
3178
1375
2385
3622
1221
1469
3121
1037
1215
377
362
3831
2338
79
665
2633
1978
3857
918
1068
356
1408
1395
1537
1881
2957
2540
20
3184
2928
3777
2625
3288
2307
337
636
1180
1336
323
2750
2565
3146
1606
3191
1700
1088
3059
743
2765
1789
1411
1206
125
1209
555
933
3853
3282
2268
2616
3704
2086
2075
3592
1729
3617
1444
3168
519
3370
2051
3281
15
1907
1655
2672
1998
985
832
136
956
2581
626
2260
1074
3296
1978
1948
1004
1255
1458
1015
1324
2758
3192
3441
2421
1826
116
603
1569
1979
633
611
3204
2140
3385
399
2122
3706
3947
2873
1509
1452
1266
1351
2093
1738
1897
2573
2983
1731
3042
1855
2270
3344
112
3539
1092
640
3310
1225
838
3213
2213
2733
1812
1469
99
515
3266
2642
1523
3112
3242
3930
2306
3821
492
802
42
231
1276
1088
1857
3776
3740
2714
341
3937
2895
425
3781
1939
703
863
1441
3495
655
2677
2768
2591
2670
306
3838
2495
3435
4022
860
1340
2518
1194
1261
3733
3141
1107
1676
3906
505
1404
1870
2738
837
1163
2009
2722
2446
4006
343
2364
118
689
548
3479
3136
2982
318
2747
3686
2026
2498
3496
2936
2090
263
20
3778
3363
1745
436
3325
1204
2126
2195
3078
3481
2933
2493
1229
326
1943
3688
1264
1210
3539
3209
2302
2678
1398
2418
4061
4049
531
2739
3924
3042
705
3893
3457
1176
2370
221
900
532
2563
857
2290
2833
535
2350
3892
3907
488
2785
3549
239
187
4004
2499
3441
2729
868
3983
1070
1161
287
144
3212
306
3467
1420
2594
3488
393
4019
2340
2188
3724
2410
1144
2195
475
4117
478
3829
2810
1462
3193
2239
2248
2880
1528
2685
359
2044
1672
157
1004
1579
1194
1968
2693
2754
3236
2882
513
3553
3091
2396
2360
1165
1325
3372
1499
1102
1222
2178
3378
49
1692
346
1523
3415
2033
1404
1431
836
1242
4168
2630
654
2551
619
1263
4027
1396
3362
2316
2094
3856
1989
1790
2043
496
3557
1848
306
3941
1215
4091
224
1949
548
1129
1006
3769
1229
501
392
2945
3378
947
371
2760
3465
2175
3576
2642
532
3142
203
1335
3577
1558
804
236
1854
3314
2353
217
2055
2424
2386
1561
2028
3226
3400
1615
2157
468
7
90
1601
3006
1240
2599
3023
2225
2712
2667
2819
3357
2522
850
1536
3506
1673
1854
2545
1332
1968
1007
3578
110
2792
542
2814
4150
773
3154
2872
2206
1921
629
1804
3348
804
727
1116
247
3827
363
16
974
1493
3881
31
356
2361
1929
3414
3566
2573
319
1407
695
3440
483
1712
350
410
626
3396
2030
2647
3793
1845
547
1072
2161
632
3479
1193
2733
449
3740
4051
3329
3205
1942
3620
339
1219
820
1402
559
2115
2239
3060
4142
3090
3538
3958
4113
2164
2776
2023
1449
1992
228
454
992
2458
1524
3762
377
802
1143
3373
2140
2745
2103
3834
2683
4344
3951
2059
4003
3434
3331
443
4118
3654
2404
1669
1555
1161
2042
4211
2712
4303
3640
244
342
828
2157
2351
1134
2308
2089
2762
2836
1907
997
2380
3246
1992
1074
2982
77
1248
1716
150
286
2418
1147
695
2315
901
3651
3451
3453
1240
3359
13
2283
3984
3695
1647
4130
1490
2804
3021
337
527
4390
1673
91
3817
1992
969
2913
4362
287
467
1054
1845
1159
585
2359
4138
2983
765
840
2499
2615
1242
2279
243
571
4051
1311
3046
2766
821
3868
188
2568
3153
3239
1119
1321
3043
29
1287
3582
1156
1362
191
289
2453
2834
3535
602
2171
290
1803
3526
3689
464
1734
2939
4241
4101
2516
3193
4419
105
3774
1919
36
207
2485
2448
284
498
4325
1671
657
2933
3981
871
2962
2181
1217
37
4404
3903
318
346
72
3518
966
2489
3443
4322
699
3802
3393
1081
1926
3940
1891
451
1264
3444
4309
209
4442
4197
3936
2873
1941
2593
1509
143
722
4313
1832
3453
1291
2145
826
1241
3551
3692
3192
1063
461
2952
3946
4456
322
3290
1036
1832
1146
2065
3737
2151
1991
3402
3179
1430
2991
1688
1415
1454
3979
2566
3896
1602
99
754
1088
4097
2743
2141
3488
2606
1211
232
2570
3850
2380
848
4306
1160
2449
215
2376
1053
1785
4345
2057
579
3197
4416
1521
891
2980
3629
4290
1005
870
3837
3588
2885
4542
4014
3980
2898
4486
66
1873
1775
2968
4190
3954
3722
3902
4013
4550
683
1356
3765
4026
2573
4597
339
4530
4449
775
3914
3624
3602
336
678
2616
1767
1253
1147
1843
4582
220
1293
1360
1563
414
980
3773
2985
408
2342
3311
3228
3742
1295
606
4454
3211
1577
3855
1739
4427
294
3977
2355
44
187
1339
2232
387
1075
3645
2996
2311
2874
686
2850
946
2745
2756
410
2017
2626
1988
689
1044
4185
4014
2354
690
2674
2762
4648
3101
2563
3846
791
2200
2870
3238
3093
2608
1243
3274
392
428
701
2655
1377
2609
4555
3846
2337
3876
3465
3568
4473
1090
4176
2761
1571
2358
2806
3605
1457
2911
2900
4670
4157
1563
3068
2195
2108
3141
3088
714
4340
2200
3306
8
587
3177
2117
3284
1836
2459
3351
255
439
2990
3733
943
4213
878
1728
1243
2874
145
1451
4081
1242
3498
116
956
2456
2954
251
4374
713
4239
3830
3279
3495
1721
1806
716
154
980
679
2834
1052
2892
3925
4784
709
1782
1667
2584
946
3006
3023
543
3376
2866
3977
3624
1832
709
3540
4109
1061
681
3288
1506
4274
292
4558
112
4561
318
1408
4640
2891
2278
4726
3933
3028
3912
3414
2333
1509
2871
678
1896
478
764
2748
1760
4381
197
509
4807
1161
2697
3648
3164
2423
3692
4711
2751
877
2278
4478
4713
2998
208
494
2693
1706
1624
2096
1017
3671
3144
392
2669
3444
1815
4127
42
4512
3067
3439
3957
78
4584
3633
38
3556
1139
451
1018
1100
318
848
4273
2679
2309
4370
232
1267
4150
3078
1552
4057
839
1011
2189
2070
412
1533
4400
1628
4712
1364
3990
4217
4710
3582
2015
3393
3091
3944
4639
4602
4026
2848
4416
486
254
2937
1998
1273
1672
1766
3614
1846
439
1146
488
4660
141
2863
4229
2275
2912
3102
3514
635
2175
2512
1891
3664
4099
4199
4816
2070
1756
1135
855
3539
4909
3427
3624
4083
4605
563
408
2384
1467
4455
1151
1519
2432
2359
398
4586
253
2263
1089
1489
4196
2339
2214
1510
948
235
4972
1701
1106
3109
2009
4407
1040
450
533
1705
147
3646
1169
3872
3579
1371
208
1938
284
2494
2769
2888
1057
3114
4212
