5000
0
0
2
0
2
0
5
4
8
0
1
10
1
6
9
13
4
4
8
5
5
15
14
5
2
25
5
24
16
3
22
25
5
23
9
2
7
8
13
6
17
33
18
11
7
25
6
25
12
19
38
28
6
50
38
38
40
30
2
54
4
8
60
34
26
35
56
55
0
69
56
60
31
9
65
7
65
76
33
15
4
9
42
63
63
75
86
33
11
0
22
64
2
0
15
87
85
77
66
39
51
101
57
77
73
62
75
30
37
12
93
65
35
110
30
0
89
28
39
104
33
99
31
116
90
112
124
86
95
118
110
62
120
86
37
129
100
7
97
28
136
23
78
78
7
113
38
113
17
109
74
26
113
125
94
8
51
146
43
33
49
110
118
133
103
83
103
1
163
139
104
65
153
5
161
167
98
53
124
114
54
104
78
79
182
71
18
55
72
84
39
183
152
21
45
15
133
132
59
156
87
196
7
150
194
119
130
90
7
66
157
61
12
65
76
24
93
57
95
110
23
19
41
216
30
88
67
72
4
175
176
2
178
212
213
6
98
216
54
41
173
44
50
112
227
168
75
179
165
157
113
91
21
20
126
197
42
122
257
45
51
26
156
139
74
150
29
29
177
248
43
3
144
201
78
242
264
213
216
202
2
103
91
24
245
158
212
61
146
185
49
24
17
191
253
248
103
67
141
112
26
117
196
185
58
200
102
243
41
125
82
44
139
39
55
128
303
253
44
256
181
99
262
119
130
112
61
8
151
115
28
158
8
222
30
74
127
294
21
272
253
173
38
306
241
229
128
164
263
339
260
46
165
177
187
18
227
260
345
347
238
151
145
283
290
282
54
133
282
87
25
340
290
123
0
187
69
336
172
170
301
370
17
360
93
324
7
303
253
105
114
1
384
295
10
147
339
243
370
381
126
22
185
355
36
170
279
63
12
92
259
368
87
399
30
204
223
220
333
348
17
98
255
235
385
421
414
30
116
39
40
351
72
198
94
353
392
350
79
158
213
96
266
245
392
361
69
124
167
225
147
180
404
217
48
200
237
228
71
25
239
51
200
237
233
383
425
319
44
271
245
328
105
281
240
322
104
426
288
216
383
140
28
51
166
9
246
0
318
361
239
231
272
101
168
166
232
459
422
32
399
90
107
430
266
155
69
161
269
113
494
446
492
466
250
389
146
363
372
227
25
381
353
104
221
15
237
202
155
316
390
24
263
340
390
447
299
76
124
284
44
242
435
144
232
337
27
455
130
450
224
434
430
125
76
197
192
239
101
25
20
225
239
199
301
249
517
187
44
23
515
98
75
267
542
173
154
421
102
32
78
143
234
580
429
314
102
297
519
421
451
4
409
35
472
586
581
51
208
595
4
364
445
316
69
233
333
437
356
543
167
580
121
279
119
161
422
411
593
156
50
457
321
362
542
252
427
423
98
543
605
349
222
263
284
368
529
311
95
457
12
590
356
512
112
180
586
113
626
314
638
566
139
364
465
331
67
275
12
224
654
452
470
307
633
522
658
356
392
282
176
584
27
230
17
442
124
667
428
189
437
460
202
247
242
579
341
439
197
143
191
433
476
430
689
509
454
677
341
575
482
560
175
658
391
253
83
656
48
317
440
507
425
265
312
180
530
174
663
191
717
254
328
264
650
271
117
569
548
680
120
678
684
485
252
103
217
352
447
65
293
526
394
630
82
349
303
436
635
263
69
418
606
582
331
163
218
522
318
137
705
606
454
259
204
57
71
136
664
524
436
226
566
598
661
451
552
441
365
35
535
621
580
384
372
217
278
229
662
778
130
404
239
103
668
132
672
9
4
19
94
749
528
198
313
45
95
244
665
490
294
474
634
720
15
441
478
572
203
499
637
539
705
770
235
230
215
800
389
672
596
106
501
651
345
328
819
632
487
55
500
102
117
508
609
579
832
558
675
46
672
459
821
345
301
532
80
696
364
684
359
808
179
365
853
483
360
739
665
514
809
534
601
215
511
169
779
707
146
814
878
89
348
235
846
437
304
24
33
421
205
834
407
856
866
122
294
866
171
404
580
498
525
121
363
756
191
569
115
372
448
89
173
174
731
566
163
518
588
72
532
583
318
480
138
924
81
755
276
722
530
685
578
436
789
158
170
374
196
744
549
736
665
512
130
271
203
300
846
624
74
491
2
75
461
597
92
766
201
439
223
939
343
701
809
470
367
839
755
49
360
951
374
550
967
545
868
68
977
270
918
329
860
650
633
678
260
386
463
763
309
710
41
334
540
716
783
773
117
803
743
792
989
961
821
427
257
1006
675
633
361
403
438
522
600
964
711
518
458
113
814
830
159
33
107
117
587
450
44
617
358
995
319
447
385
414
72
577
17
646
650
510
312
535
912
752
499
201
642
631
754
296
781
748
754
71
617
753
911
952
838
193
857
133
288
992
934
815
175
502
327
746
639
563
942
566
225
559
323
465
742
111
735
614
171
451
239
1080
833
99
383
1033
545
817
1092
27
1059
980
544
931
109
387
221
200
850
135
1104
641
1094
96
913
156
349
569
520
748
1090
587
508
980
589
229
396
61
208
83
951
452
530
86
604
1062
1004
467
16
210
1036
780
839
567
351
865
965
1139
100
36
523
508
758
388
434
507
387
759
1129
541
523
89
301
729
210
1053
390
948
268
70
30
279
173
591
174
856
606
596
625
245
1010
817
638
720
971
695
500
590
517
758
320
507
128
187
538
1184
1166
316
152
410
42
874
892
88
580
332
342
224
1112
888
402
978
607
840
278
703
261
25
897
172
899
551
1207
825
649
1053
870
67
1173
770
160
62
122
846
277
468
1064
863
885
1063
474
128
1111
3
1009
119
805
922
530
856
397
278
167
92
585
554
1109
304
374
9
130
1006
534
1106
732
654
970
1178
1155
180
650
1230
574
132
1077
1230
190
315
488
431
526
1029
498
394
1257
693
61
423
1092
170
1241
962
609
928
28
758
723
322
74
445
1110
747
214
668
1287
386
1138
5
771
1196
54
476
102
648
879
394
934
5
517
883
907
474
937
1015
931
257
947
528
125
592
114
282
1149
1160
135
410
417
259
1104
368
789
543
692
224
329
201
1280
661
352
391
1182
1298
498
449
902
903
1158
27
1097
26
37
1224
884
867
1166
30
202
722
294
338
1046
605
510
1255
827
1244
279
125
1360
107
164
635
391
604
173
267
1284
410
560
812
1008
495
825
660
1034
1367
57
893
496
794
1247
1207
147
790
291
590
465
651
411
1273
937
1229
648
521
244
901
391
562
1197
504
967
651
1278
987
943
891
543
1174
418
872
824
885
52
534
1341
1218
1073
418
105
244
227
812
1142
1082
48
1381
352
822
535
1194
1110
738
361
1329
715
795
269
142
1387
912
985
1061
1091
1111
766
328
188
17
1137
476
1452
1026
1030
116
215
114
583
1129
1359
426
206
1056
1476
583
1129
996
422
881
1113
989
226
646
750
416
1429
1353
751
214
241
1267
1257
58
400
254
879
1305
1256
693
669
571
1083
1117
124
1357
26
463
959
726
123
1311
317
462
1321
1191
25
754
1152
1270
317
196
1265
785
1222
46
1137
594
1523
1453
19
1475
606
711
50
91
1092
1155
189
858
20
1206
1124
1141
351
24
1296
1011
1524
750
1325
1138
1411
1182
1408
994
1001
30
62
1396
25
11
972
797
279
422
465
241
865
1241
1539
1
635
1073
573
1489
133
1417
1187
1466
1305
1135
1087
157
55
1553
562
358
767
420
321
47
1596
550
782
834
1006
1141
98
1482
48
384
138
947
565
71
1005
741
25
422
212
877
952
281
254
172
1572
874
884
1062
39
1130
793
1360
248
4
908
339
1621
1312
855
546
1141
806
1548
592
1202
445
312
1252
55
360
1405
1051
756
1292
826
830
1637
1551
1169
1105
933
1541
686
541
328
616
1322
366
916
1563
1431
758
988
463
1216
1608
866
475
748
1194
1623
1397
63
1652
1549
690
873
1287
1468
414
901
271
550
501
1357
320
259
1162
1068
1013
211
1199
409
152
1313
964
1503
292
966
705
717
280
1030
1691
396
1208
1096
1064
1165
1043
1322
1361
1620
760
694
495
1569
1596
491
1596
1479
1607
487
1453
841
670
869
1563
913
235
449
1018
1142
136
1390
667
1116
936
1584
1211
1160
547
846
1424
312
388
1389
540
810
870
532
1463
930
1604
94
527
1083
1396
113
830
583
1573
1149
351
1711
1160
915
602
1207
1059
1393
1177
1408
433
963
975
1624
604
1597
1164
1283
836
399
796
1668
973
920
219
1789
1648
84
239
333
962
9
981
1636
1580
122
760
1632
1673
832
703
588
1799
1643
826
546
1351
1283
15
45
92
1178
566
501
544
519
1644
520
688
1092
1358
175
1035
1346
1464
214
1018
1366
5
1413
315
1084
1518
1242
1309
762
850
630
629
965
1286
1491
1513
1819
1199
168
1728
841
1705
1560
811
532
1211
1705
367
228
320
768
264
1634
1188
1462
375
1603
48
1641
1297
778
1622
957
1671
1384
591
514
592
23
395
1388
1258
1257
808
1471
1649
1847
879
1073
1702
191
1073
1054
1861
1278
1768
1855
1727
1665
1511
1137
1329
172
624
746
1731
1729
1407
961
795
1360
1748
703
735
1307
223
646
1894
1384
1844
1204
1008
1729
1468
708
1057
51
1299
732
1010
1415
1043
882
44
1441
1483
1383
1699
888
869
165
1928
234
197
297
1504
224
1679
128
803
402
5
1865
1030
1448
420
746
865
1183
697
779
1185
803
947
479
1707
1118
11
986
439
152
454
335
914
1408
1083
140
492
1288
1415
194
143
370
176
732
1470
528
1189
269
1255
776
9
1219
1146
90
1404
1436
1508
1001
440
1301
1445
1878
333
1995
410
1106
446
103
1955
1553
67
1036
154
629
1
1187
1635
875
1841
779
1009
1383
1445
943
63
1613
1710
322
549
894
809
104
1335
937
401
477
130
2021
1525
278
1702
1721
1185
937
1245
345
1454
881
1386
967
1445
1050
1019
1424
1067
862
1103
191
1392
1150
1845
1200
213
490
52
1494
987
2007
1056
1394
1502
905
1460
1169
766
999
1102
564
1571
1720
1740
1951
980
702
423
5
1937
1309
843
1694
937
1344
464
794
1460
2094
764
1282
2053
1371
1939
1784
131
299
1549
797
1079
1017
1711
1787
32
716
1818
1237
2082
675
143
1277
1283
770
1554
1447
1055
781
1723
1369
266
667
1695
434
1377
1532
128
1998
1175
1265
2129
1557
358
284
1511
905
542
2143
1579
432
518
1038
1730
698
1607
1138
355
1075
196
508
733
1999
260
1808
1198
1318
1096
1994
121
856
147
1898
1825
825
1851
1269
1359
653
1245
1370
96
371
1928
1249
928
1702
702
317
1233
276
2118
250
682
1932
537
1026
256
422
1640
664
1124
263
1718
281
507
1579
759
1896
485
920
1374
108
263
2152
1068
241
222
1370
1541
2010
937
446
1284
2097
1258
1203
269
1757
1781
2165
806
1076
1044
1926
1100
15
1697
1266
2095
128
419
2145
1218
71
2090
781
1045
475
790
362
1710
2203
893
1711
879
1943
926
1877
78
1878
1246
1989
1855
1401
1702
1004
1675
639
819
2094
317
988
1413
1614
487
788
1880
2242
160
1334
1342
2022
1373
42
1164
1183
2073
302
216
291
2189
183
1410
1532
2059
281
2084
20
1129
222
2127
1501
445
1200
1965
497
1215
2269
1874
377
2085
471
1650
2161
2013
733
86
659
1565
766
442
950
17
1165
969
328
1510
496
1441
1717
2311
1494
599
2273
1798
203
2257
446
1808
286
1678
2029
1688
1462
1292
646
1150
1674
1787
445
1067
1455
600
1646
2216
567
499
1364
2123
1633
1433
1860
2102
1630
170
27
1281
1917
1188
773
193
35
766
1506
1835
1909
26
814
1757
1249
2332
684
2157
1870
2352
1479
1502
1100
1768
1285
2370
470
608
1922
734
1242
2088
1651
1760
528
1250
787
2133
1605
2305
1677
1288
540
2215
1653
1423
528
856
1187
879
1964
2188
2175
1640
1650
1345
2060
423
144
1211
270
1822
2287
1458
1765
1963
683
2407
895
1223
2267
920
1441
2041
919
991
801
570
1346
831
2276
683
38
1963
1977
471
1186
2133
1041
2258
2109
245
1270
166
889
1799
1408
1063
1858
700
2203
1793
1483
1337
1789
53
926
1379
1569
1828
1224
1841
906
1955
2183
2482
1393
299
43
588
544
1049
785
1006
1475
860
1910
487
1136
2308
992
192
1144
1447
895
534
705
442
2126
857
632
2182
1139
1567
584
2402
227
1523
364
1608
481
2151
2317
280
256
2494
1884
21
100
2258
606
357
1528
331
245
1074
1597
2350
1487
1428
552
1223
1323
1059
757
2184
355
1726
1072
936
703
2183
2008
420
655
918
2393
174
1075
1006
1223
1737
631
9
924
474
1947
1502
2338
1257
2275
1256
594
2349
50
905
2109
1660
1319
1318
2524
2048
1292
1153
128
565
127
1145
794
1297
1059
1638
1710
1226
968
1556
1488
315
2384
2336
366
1072
582
2391
1046
745
222
2124
1225
1323
1924
1314
119
1427
2479
2102
150
242
1007
2342
2369
1303
609
291
2554
727
2230
1504
1282
1064
393
2042
268
2122
2426
1975
486
1097
2511
2585
2503
662
739
1690
2069
58
1757
366
2327
881
173
718
911
2392
1982
1637
1814
16
609
250
900
1152
48
506
1776
31
1495
1570
2446
212
410
331
400
1756
2561
172
1810
2360
2360
1924
913
1948
1413
2065
1412
2197
808
32
212
1299
522
287
369
2112
458
2136
765
695
673
345
1304
2034
952
998
391
829
129
394
286
1753
2127
2209
51
2042
1089
1471
776
1429
721
417
1798
1058
1551
1417
731
2123
1944
1190
1379
67
1121
697
1986
1520
1602
1406
736
1770
2661
164
2172
2049
1675
831
48
107
286
737
719
1732
2245
135
508
956
242
2350
2090
444
2293
846
2038
610
370
510
3
1988
1237
1636
29
241
2768
2057
816
2605
203
769
824
1095
2321
1891
2762
214
63
1768
1607
2657
177
2581
2633
930
902
1731
394
1548
2334
2259
930
2308
1978
886
875
1828
158
2145
1521
1872
954
675
2503
2727
1376
2577
877
520
1754
2735
719
18
1248
895
1127
790
2185
2081
766
1241
1230
2710
874
2360
1967
240
2227
1762
301
513
2488
50
2179
1911
1840
1642
2008
1473
1837
397
1714
608
1147
174
1270
2308
565
1462
254
1419
2337
1962
631
873
503
1246
2549
378
1567
1324
2065
2701
1258
879
334
2838
185
2856
1263
1863
2706
1849
1987
2677
420
1365
1876
2620
756
2561
1030
1014
2805
1094
268
1875
990
1420
29
1628
1749
304
80
1473
2587
959
890
11
2129
2250
2475
2119
1725
2164
2235
315
2315
2631
1901
844
796
31
2637
1474
1263
325
1216
717
2777
1953
202
1150
2884
2176
844
1301
1924
2227
1367
1930
603
1031
283
2824
980
1019
2184
1369
583
580
2871
1453
2658
284
2058
2925
2765
191
2285
855
1629
309
814
707
2721
1051
1018
1659
1674
2230
2626
1149
1778
815
2049
1227
40
1173
2417
678
2138
173
2192
413
1051
1081
1996
2487
1808
2453
714
1929
1347
1097
2353
1306
2528
402
1203
953
1771
1217
2921
2889
2862
2306
667
2024
981
302
1357
2460
341
1185
724
1232
2353
933
2407
2147
2903
1886
2248
1389
1102
2300
551
1757
1276
1908
2365
498
1203
1466
27
1879
107
1960
2974
2879
2947
670
998
237
1706
2209
1147
1667
576
88
1128
1290
1192
1330
2689
2515
894
2870
2663
2372
1275
1088
996
2116
2878
2867
1266
929
2018
1706
1835
2123
237
1590
621
161
2401
555
2340
901
1966
887
513
678
73
1641
592
1001
420
1299
2926
1914
1559
153
2190
2441
1524
2743
2219
1099
2931
1415
471
2228
1755
469
1145
605
1472
2753
2779
504
2958
1588
1003
3088
1926
1972
131
1570
565
707
467
1819
1530
2588
1672
2860
2979
990
2061
4
50
735
2054
149
1082
1615
553
2046
2915
2914
3003
842
1272
2705
585
2309
1410
513
3029
2916
10
1467
519
1020
1972
2843
72
2756
1406
2733
1263
2961
341
2611
1565
83
541
2584
1731
2432
120
430
381
1922
792
1025
2
2377
2786
1043
985
1965
1573
118
2922
112
535
261
161
2355
957
2323
2212
2776
2286
2833
1706
2914
2409
9
399
2408
1846
1734
1263
2195
835
765
218
2862
2198
2335
715
0
1922
2968
1871
1251
331
842
1608
1386
83
1648
36
1535
1070
1179
2077
2766
91
2925
944
2174
229
2697
1185
3087
2741
1284
2215
3155
1631
775
1067
1050
1860
2598
1125
2975
2178
1018
532
256
1160
1420
649
1324
2093
2361
263
3181
809
712
1704
894
2861
3031
1168
270
2518
1310
2962
368
2615
1937
1160
593
693
403
440
691
1867
246
313
3233
66
1620
2314
1895
2154
1753
2973
2568
2931
3214
2072
2551
1989
528
1513
1749
752
431
2344
3053
2932
2479
1290
1951
2409
2071
1816
1004
821
189
755
443
2900
2195
2575
2782
3070
285
65
202
2218
92
440
384
3300
2836
2541
2429
126
879
1033
3020
3157
865
2688
2025
916
2922
70
510
2058
1279
2241
2796
2276
1693
3079
2961
576
2980
1851
2964
2584
1225
1321
1026
1772
228
568
2
2610
999
604
2149
476
613
2118
1874
151
3052
3202
917
2347
2044
285
1513
2048
2506
1002
215
2510
174
3093
1138
1421
929
1482
1383
2584
1215
1246
1200
2754
1978
1515
1204
82
1853
504
3262
174
350
810
1144
1787
2565
1000
113
502
1239
2008
2833
1030
2203
1147
1168
2999
1444
709
551
2933
2342
1202
288
498
3144
2591
1458
2930
328
804
2324
1993
683
2777
2316
2452
665
27
1950
1590
2850
461
2317
2066
1900
2594
2027
3344
2243
1282
1304
776
791
1495
2423
202
497
339
2209
1081
2607
964
850
2538
3167
2400
1665
668
1496
842
107
2115
3129
2222
1374
398
3288
2621
1879
2760
1401
612
3411
465
2612
854
2851
2190
1494
1357
1976
1428
2984
2958
2858
2931
2331
797
1209
7
674
3095
2251
544
68
2323
2170
704
3199
1861
2305
2140
302
1145
3383
3441
2012
1251
1038
801
234
2
2343
3346
2269
1398
1739
2504
3082
2361
3511
2716
1864
144
2966
2711
789
1007
2135
371
2730
229
3500
3034
118
598
1810
1538
3087
3357
2939
502
165
2707
508
927
2109
2046
104
2849
3420
48
17
442
537
2875
2662
2345
1418
1868
3338
1097
800
236
972
944
378
2773
235
1364
1742
1022
201
1615
60
1487
2251
1600
1649
2354
1223
1238
3041
2890
3069
66
2325
2862
901
2749
3106
3330
1162
3482
2104
2284
1565
3435
949
2748
2038
21
3447
1803
1664
2752
1033
1727
2054
2791
2983
1450
2110
257
3309
2754
1851
969
1821
62
2062
1345
186
1902
2119
722
2413
2251
3542
706
1523
2807
2989
268
2221
790
3550
686
358
2962
361
2063
2641
719
3005
182
649
3163
797
2186
2271
945
3392
3257
3132
341
1137
1122
772
3147
2585
1686
2260
181
2631
2303
237
272
1334
2190
2079
597
1829
29
990
2032
2580
3205
3680
3651
1101
1214
2765
3170
2317
1338
2402
110
2979
563
2887
220
834
1960
2265
2404
49
1301
3128
1913
901
2696
270
1850
712
2958
3358
1451
373
2962
1602
2821
402
1403
1062
3051
3482
3566
711
931
156
761
869
1954
3603
1444
721
3035
398
2463
2575
510
69
3327
3505
3058
727
2099
3218
54
895
2725
888
428
1097
1516
3627
2888
861
2767
3031
509
1520
3521
342
765
188
3025
520
795
818
61
3185
2368
1484
1765
2039
1476
2779
3095
601
3159
2318
1177
2905
1963
964
2213
138
752
1288
2221
2467
328
3685
2134
3507
3257
1191
3263
1858
264
3673
23
2398
1396
2797
156
288
793
3472
3166
179
3674
1342
27
3605
179
1109
3407
1845
1274
3191
3082
2190
3100
2820
3308
3186
595
1315
3649
168
1323
3603
53
1367
1106
3757
2742
2272
2801
444
3699
1528
819
1286
127
1960
1995
3763
2314
155
3810
3344
1181
2168
1297
3524
3547
1637
2854
2652
2606
485
3792
2579
522
251
298
682
2208
3252
659
1675
1282
3113
1917
827
683
914
3046
3368
1083
2781
2014
2561
922
3657
3553
3149
2234
2332
3170
2869
2721
205
3488
1194
616
2538
2195
628
1645
95
1936
2556
2693
253
442
93
2397
1460
1615
3165
2047
314
3616
1373
1161
1934
1784
2845
2563
1045
656
911
2005
636
518
3072
1645
1796
3304
3848
973
261
3906
1602
1940
2100
3859
2830
335
2453
3062
981
1604
3585
1931
1824
3751
1917
572
2825
127
2522
691
872
449
2215
360
364
3293
426
2200
237
3408
819
2561
509
3574
22
3832
2417
875
2693
3333
2800
2265
2213
1402
2321
596
820
2422
148
2233
2738
864
2388
116
1797
1496
1266
528
2842
2239
65
979
3095
1710
680
3393
2404
3787
3613
3075
3645
2709
3998
125
3075
3821
1560
1458
1051
2978
2932
3867
2269
1432
2584
3723
1370
3718
792
1653
2710
3888
890
2021
3983
752
856
3292
3125
565
3348
2624
3668
992
3882
982
3245
1666
2331
2884
500
3072
2137
3648
3707
1891
3097
2261
2814
3282
881
592
3678
1004
3425
1531
1302
1315
1373
1713
1265
3527
1143
3640
1318
3991
2441
1541
1234
3335
1974
2991
3681
3918
2542
3985
2253
3047
1231
3876
954
297
420
2844
688
125
272
2433
3713
3275
1945
3820
2712
1392
3558
4080
419
20
1757
1680
1346
103
3861
204
1149
1370
914
3126
2474
4064
2838
2446
1161
3475
2304
2629
1326
2510
3224
1524
3755
3823
1775
4059
3483
1607
233
642
2303
3198
1032
3703
3133
3808
830
3295
2385
2180
1885
1161
794
2342
3798
2071
3271
1133
2226
3584
439
3583
320
579
2351
220
2417
2397
1313
668
1885
1303
1743
1154
1773
1189
4036
847
1856
3995
3915
3876
765
3915
1446
1713
1684
3353
2908
2078
3161
2209
1291
1165
3536
14
3096
3323
3941
3914
3338
3171
2331
3026
2482
1057
2311
2641
2278
2827
2485
1136
2549
3602
1969
1845
3052
1577
981
188
2161
520
418
2941
3819
2490
3868
1878
3367
2718
2447
4170
646
436
2706
3210
388
1136
1784
3585
2547
2791
480
1221
2362
343
1212
3641
3206
1060
4008
2592
2945
3917
903
1993
2454
403
2723
968
3206
2836
3055
588
3766
928
1419
1772
2694
34
380
237
1595
2546
3921
331
4170
1865
3360
4193
4140
123
355
1048
4276
2830
4277
3330
2700
3048
3436
323
1420
2056
2901
3848
745
895
4091
1852
1447
2196
3002
2581
1919
3614
1168
3511
1586
993
3514
3485
1452
3416
890
4138
986
4172
4128
159
909
1762
2687
1383
3181
4212
1672
2890
2719
580
2409
2189
3267
1567
2496
1486
3982
3235
2061
2038
1701
1433
2426
575
904
1210
3202
3484
120
413
3128
2541
2522
2090
1716
3448
1653
2004
3138
3797
3760
73
849
4126
2242
3605
2690
1977
120
277
690
1615
1787
1686
4102
2118
3391
2043
3365
4287
1621
1747
4084
1804
3505
617
4019
1369
3693
3871
1150
2984
765
2964
3730
2376
3752
2775
2012
3252
4397
4086
895
3554
1860
672
739
4362
4337
3039
2892
2783
3121
4333
815
1690
788
2206
4118
2628
904
3365
617
4226
3556
3351
2140
1205
42
3040
4004
295
3550
2777
2549
973
225
4007
2458
3478
567
50
3836
4364
308
2081
2857
2307
1763
367
1687
1602
2418
4324
2243
132
1744
1725
903
3053
4455
2167
3394
744
1354
524
256
2725
4101
4239
1823
3338
2919
1079
1169
1204
2939
979
3573
1196
3836
937
2250
1441
1648
3000
2308
2239
3078
3905
2672
207
3908
1491
2797
3987
1425
1236
924
172
1540
3855
3756
3976
3195
1085
1849
2925
2861
2318
104
3680
3137
2775
3386
2781
328
2877
3888
3651
3383
1995
4080
1035
3511
208
2004
780
1316
3377
3012
3929
4018
100
2646
1839
2890
4046
3753
2920
1986
3438
833
3800
3793
2282
2010
4423
836
979
3938
2396
4060
3047
4453
3960
2078
2840
3809
3101
1025
2280
1559
111
3591
394
2316
1857
2245
4293
2991
3493
3870
2749
351
4570
3468
831
3098
225
871
1559
1141
3218
2684
296
3677
2229
3296
2699
110
1404
4538
3027
2071
314
2436
133
1004
4254
203
3693
4075
2289
2962
3705
1671
1946
979
2134
80
1151
282
4375
1021
3355
3640
3476
4079
4581
2925
3770
2510
4599
4126
1557
3497
376
2220
3484
1978
1940
1868
2032
3089
4501
1645
290
3427
1242
4357
3208
443
802
196
296
3177
1898
2870
3476
1172
1096
998
3495
549
1215
2126
2607
520
423
36
1228
3451
2195
824
2888
1727
4227
1091
508
466
1062
1858
667
1082
1513
2401
3203
298
3518
2672
2714
3384
3073
4377
3558
3882
2308
3432
872
718
839
1298
2907
3630
1187
1183
3633
3087
4470
3864
3118
4046
1086
1610
1641
1885
3401
81
3706
782
4165
2981
825
1698
7
3316
231
1434
2234
3438
3046
4391
339
1048
3799
3817
128
2626
3285
3664
3888
4397
3551
85
585
4318
1316
80
3377
2292
3789
2459
883
3782
2570
3944
1036
2675
602
1063
1026
735
3853
2817
3252
3661
3714
530
1858
2544
966
1114
3214
2929
1621
2718
4588
1212
4647
2774
2925
3575
1011
2378
4440
1561
2242
2624
2738
116
1144
2341
4148
2652
2204
3013
715
2825
3437
1460
4599
2801
157
4078
4471
2348
1750
4666
1887
2214
3957
1476
62
309
3616
3103
1938
816
2903
1999
2092
1917
3760
1505
560
3460
1116
3220
2297
1653
1730
4038
4119
2142
3890
465
2242
4666
1289
1135
2333
1308
323
1576
3735
4546
3350
3230
3809
2906
4536
570
4144
1485
4418
1454
4754
2534
725
2492
3594
3620
1282
4361
4481
2309
3155
773
1954
2712
732
3164
3311
924
1364
2958
2721
3742
1170
2997
1240
736
3937
4672
1990
2040
2837
4606
3032
3365
713
2104
4441
2278
554
3520
112
1704
3521
368
1884
4361
2763
4656
340
360
3893
4057
4713
2442
3278
550
1950
2624
2726
2570
3528
2595
4852
3511
2195
3054
3939
3411
1968
3999
4767
794
1583
871
4457
2617
306
4585
3614
4188
4901
1407
4263
4198
2189
2621
4109
3101
1001
156
1997
1925
4280
3044
2411
3652
3664
2355
1874
3453
2749
4900
2989
2374
2775
640
4599
3800
2902
96
1652
1203
4930
2785
3148
3897
126
2263
3462
4683
952
4819
2355
3000
1776
4961
107
1120
1873
1859
2462
78
745
3416
2750
1576
972
229
2093
2672
3421
3535
3288
3702
3367
4751
2307
1402
828
1285
4752
1056
3621
4645
