5000
0
1
0
2
2
3
5
6
7
0
10
11
12
13
14
13
12
8
12
5
13
3
8
8
22
24
25
17
12
21
21
19
5
7
24
29
21
33
10
12
10
2
12
25
8
45
32
16
41
29
50
50
1
9
14
4
23
56
51
53
59
46
18
44
48
46
24
8
41
69
53
38
16
61
17
11
13
34
77
15
26
44
21
50
78
76
72
43
58
20
33
9
50
57
28
64
54
8
60
26
30
53
83
19
102
85
60
87
25
83
74
104
70
40
24
66
5
96
27
53
31
42
94
75
36
8
74
111
89
126
60
131
72
99
109
83
82
49
94
95
64
47
46
29
52
8
31
53
67
72
150
99
69
55
33
69
77
7
52
154
141
15
121
68
148
5
46
38
2
154
75
35
119
32
11
13
66
4
83
11
146
73
28
76
54
76
113
106
179
138
169
32
173
91
67
127
96
139
86
197
18
133
107
121
188
142
141
89
126
134
154
200
190
35
110
153
61
77
158
198
10
36
155
193
32
66
121
70
159
141
149
95
145
135
215
163
122
172
109
160
19
19
28
165
64
21
17
120
132
204
35
245
249
69
204
61
78
39
61
129
140
196
191
212
54
207
15
52
125
29
139
178
202
61
216
125
271
274
171
11
73
136
115
204
236
38
59
181
123
193
143
226
85
147
186
140
143
217
31
293
141
81
202
191
180
163
189
28
296
25
180
73
252
192
118
214
237
110
14
200
0
238
224
87
28
274
85
8
147
288
22
304
186
328
214
183
39
226
121
2
290
287
172
314
40
16
279
67
101
95
76
246
238
215
334
327
203
93
248
79
257
86
79
195
21
123
166
187
207
214
110
212
159
99
103
271
15
218
117
240
157
363
131
319
48
68
226
302
76
381
166
225
168
342
46
165
202
135
347
154
167
279
254
209
289
39
165
327
401
225
391
391
14
374
272
100
284
97
24
109
190
196
404
39
389
228
89
98
339
60
371
324
362
35
255
201
274
230
342
170
119
344
424
346
14
259
184
164
212
305
449
290
394
339
15
167
58
88
5
207
170
160
117
170
368
1
9
156
263
382
322
216
286
259
118
184
268
223
53
287
142
183
275
39
354
271
261
283
303
240
65
219
186
484
60
58
414
0
177
355
189
279
491
401
197
84
90
6
79
438
77
245
159
16
241
128
368
470
316
186
157
336
126
82
346
85
324
182
308
259
449
505
517
56
358
238
471
288
87
370
17
433
327
455
144
404
9
347
436
504
549
133
300
148
298
228
195
11
349
174
152
208
126
178
194
156
339
318
468
147
339
34
91
453
17
435
454
453
319
334
343
186
421
330
46
457
474
282
44
170
147
144
313
93
523
223
120
501
292
545
341
392
398
50
47
592
153
156
390
461
577
552
329
33
183
315
204
499
593
102
546
477
294
30
551
439
151
262
295
612
325
384
225
326
240
428
513
464
110
479
336
447
59
573
498
387
298
320
397
369
276
527
263
257
329
295
307
312
2
49
484
232
208
410
545
303
202
402
215
570
626
574
672
292
9
74
240
588
534
135
336
477
507
170
574
636
334
75
277
143
63
543
291
442
50
479
65
521
680
543
2
252
394
311
470
12
183
565
526
137
627
466
19
535
447
324
706
448
401
394
223
265
115
273
656
309
552
223
583
611
651
355
603
234
134
12
277
15
78
180
691
397
617
263
100
271
324
666
507
668
232
389
255
474
634
153
138
250
32
99
655
190
662
242
569
446
317
125
525
416
26
739
78
92
413
169
117
393
217
315
53
175
93
395
312
142
264
349
707
179
87
233
571
188
354
45
391
198
545
264
295
404
0
628
456
442
197
181
69
197
700
644
524
261
233
252
660
644
763
696
236
479
792
611
84
559
485
719
609
780
153
751
545
457
258
133
488
788
115
285
800
434
717
431
672
749
360
649
406
412
619
747
217
658
630
97
726
564
583
596
715
305
91
369
272
100
528
541
565
104
235
512
744
368
0
278
855
413
126
449
843
40
330
576
412
884
131
873
30
278
886
733
447
665
603
463
608
761
257
192
667
872
699
614
253
228
162
144
873
13
192
612
732
800
630
13
630
198
730
261
642
327
902
120
620
451
810
487
618
372
632
55
549
634
333
575
201
768
26
333
203
646
109
146
769
910
205
57
758
313
910
932
842
441
428
711
349
712
35
27
855
196
761
456
328
90
490
844
776
6
554
418
402
799
139
379
793
744
447
449
28
553
309
558
587
495
931
285
12
122
107
10
120
882
369
957
474
962
9
108
380
271
437
194
71
968
516
400
321
891
322
51
665
535
527
652
183
300
329
883
277
143
517
725
854
728
621
466
768
977
346
223
905
464
593
909
583
663
786
176
27
141
140
273
751
892
1004
869
702
416
765
112
1012
935
991
858
1050
732
30
745
660
530
14
461
843
178
96
227
254
251
849
187
207
345
580
566
156
1001
986
393
776
989
557
488
215
933
201
891
264
282
39
440
907
311
846
287
602
1091
224
609
860
313
220
562
696
340
487
95
603
43
987
736
661
486
675
931
773
866
1010
503
833
22
881
706
839
632
163
948
64
903
903
790
41
293
1016
659
592
942
862
282
407
651
642
843
373
240
141
485
739
102
351
526
178
1080
154
11
555
678
597
1020
68
1012
390
1102
590
1093
248
720
540
127
833
1097
776
325
446
720
36
357
44
711
15
202
449
417
309
89
23
660
96
1015
813
335
794
243
712
929
973
62
515
745
241
474
399
199
598
720
76
449
622
325
521
8
677
575
475
847
800
825
248
228
345
510
467
726
171
1091
571
103
1032
631
577
1068
340
1108
1072
893
1037
438
147
1046
23
135
1028
364
361
323
927
1176
1123
1058
703
355
876
1002
300
1088
1048
782
544
41
85
70
550
1259
354
13
630
321
976
875
379
1181
1207
108
332
295
107
730
862
1276
1201
651
81
1213
1023
999
665
1277
1117
697
826
290
569
1273
78
533
1029
827
620
1061
908
206
591
400
1055
906
1140
390
400
826
858
348
328
913
179
1062
451
1039
692
510
132
1047
1122
491
390
665
992
42
1223
420
274
676
312
488
550
662
817
75
1050
512
859
634
1061
279
867
360
8
959
1100
651
1304
1001
89
510
121
194
787
557
935
554
419
395
1335
1111
379
1027
696
1343
347
452
483
681
118
1243
418
1325
213
32
1261
1287
960
1272
453
344
854
374
642
501
573
324
22
806
780
401
830
616
970
212
1340
188
837
900
972
638
176
644
1135
542
1399
398
625
114
715
102
1011
146
604
1379
90
1259
875
991
1373
205
878
375
1109
1013
879
994
1380
1100
1254
591
440
449
488
1019
50
907
709
485
1166
369
805
983
239
1128
1188
234
1212
116
1384
1381
541
431
660
1363
499
841
711
10
51
807
656
445
1033
288
402
652
1112
211
517
1049
674
11
1236
450
1164
784
180
1002
2
1341
939
95
454
13
1318
1443
330
949
1193
349
569
221
1323
313
827
1127
890
1440
28
758
1124
1335
1243
508
932
718
866
492
1490
1361
896
665
438
1471
567
982
736
810
432
47
273
676
567
103
605
628
486
636
1233
557
322
1012
788
1197
408
112
936
3
185
1220
1180
30
192
1352
659
1035
692
698
61
1300
155
1377
588
851
728
875
1418
1488
424
773
308
666
1325
654
243
659
265
1547
651
1201
1084
1350
355
372
1057
214
285
100
529
1481
835
182
1253
1322
250
323
1121
1067
1182
533
158
345
1442
1127
740
1219
987
1026
502
1150
513
171
148
428
1189
1317
1383
1308
1606
493
925
867
1610
3
315
1051
593
970
1080
719
1469
1606
687
220
391
1518
1117
627
1219
1501
38
12
274
1483
368
548
1321
875
1007
133
496
864
505
281
1366
1079
553
1062
1625
800
65
1213
70
228
850
974
726
447
121
1406
917
1072
631
581
88
327
642
873
1514
192
369
1289
835
146
704
122
1313
1204
1000
1393
628
100
923
911
466
515
481
1196
911
888
686
805
1558
1485
1143
1458
739
501
500
992
781
759
596
896
1346
95
122
1382
641
365
992
703
863
589
48
596
1613
1311
908
1625
920
479
578
743
161
1722
1703
574
1178
201
111
155
1470
575
332
179
1156
591
572
414
464
1588
291
1721
378
1141
1543
500
1340
517
278
409
1364
621
1271
836
1525
1511
1614
649
1345
809
466
809
1205
1518
1617
1040
1704
1141
82
1328
634
7
161
1029
1226
1465
623
408
1253
946
668
1220
270
800
1339
1468
688
912
650
1259
469
1514
1790
994
861
1191
1195
621
996
1076
23
206
519
318
1294
829
1628
484
1457
975
1129
1262
17
527
1219
95
896
1232
1253
1074
43
1324
191
1215
1181
110
1269
1626
371
1650
404
456
992
904
1819
1231
794
996
1046
777
568
977
1485
113
1689
329
525
1137
1288
254
68
579
1424
173
319
800
193
1414
845
889
1091
1841
1170
1849
379
1404
11
1582
59
55
1285
927
1732
710
1623
1506
152
1406
175
1740
844
361
1833
1631
520
153
980
1355
919
1633
451
1454
1506
916
734
780
861
812
974
1076
1890
868
1084
157
735
1054
1540
762
921
1571
219
1262
1280
1198
1895
1347
776
1288
708
761
1586
1567
202
525
402
1678
487
1450
112
1927
1094
1099
1615
137
1919
967
1717
330
1056
119
1850
1606
155
709
1904
526
2
478
1622
1447
770
1276
1772
1088
1953
1834
1267
1636
1242
1739
1886
1293
545
58
1263
837
308
620
122
921
1721
849
1304
657
1108
118
56
1866
118
1492
86
1397
1331
1803
1719
733
1021
1132
1450
668
625
563
713
1406
1281
1592
1141
1913
1021
1904
422
1044
1134
1139
736
524
586
1634
993
1153
848
1303
765
1386
1741
2003
1524
1325
1409
1957
189
380
362
235
427
1515
987
483
811
1775
191
691
184
481
1060
1669
456
545
1451
1187
205
84
1464
1992
795
1386
1664
230
1434
1088
146
744
866
1587
1954
1174
571
1027
1620
1937
798
1325
1236
226
1759
914
1331
2030
88
182
110
656
1206
1281
1474
2012
1667
733
304
140
347
15
681
1677
865
2053
1346
1578
1381
1606
1497
281
45
1578
1830
752
162
694
1150
1555
2014
1190
2097
876
379
1162
40
907
1491
140
588
1886
1433
256
1028
2040
18
159
51
1797
1968
1573
144
187
1897
971
2072
1851
1357
1629
55
794
954
585
180
555
2131
14
1569
186
1402
1258
1408
893
30
1165
319
421
129
692
394
346
1276
367
1643
112
1085
886
1980
714
66
816
2115
443
1139
447
1522
1173
820
1838
1588
433
509
1903
576
83
515
1261
858
338
1091
1984
330
1794
165
1972
1512
1859
920
741
901
710
942
1654
1468
2027
1156
601
1696
211
1488
1928
969
372
1610
1336
216
2144
218
1937
1298
415
1298
2171
646
1851
845
788
442
159
418
143
329
270
1401
727
1446
1517
190
1158
1846
561
691
766
1342
1842
889
508
1057
353
1411
1759
1489
1211
1287
2038
1949
1437
1162
927
605
2027
2010
401
1568
891
934
1635
87
119
2196
1814
384
415
845
2159
2130
336
1733
927
528
1116
2036
1289
1440
1796
1844
255
1107
279
397
1590
817
464
787
153
210
1682
261
1130
2133
419
2046
1138
1170
709
54
956
1626
1198
887
697
1158
714
98
926
1503
1495
1520
249
2123
2286
1845
1240
703
367
2259
1385
2066
1879
1080
93
2191
336
892
1240
1249
1473
30
1123
910
996
2250
1294
19
1804
944
311
1496
1590
1278
1041
1518
1204
1543
901
2011
1230
247
780
1318
2301
1227
211
2233
2165
572
1454
2087
309
334
742
1614
74
1554
603
628
23
964
1290
2084
1603
2349
1908
2055
1266
1240
1470
2077
1607
656
1863
2276
480
1310
2373
676
1459
1926
1275
718
1088
1377
1796
52
1480
2049
915
95
1330
2252
2177
143
502
1256
295
230
1974
140
2273
1023
1959
895
472
2169
972
2247
2049
20
2093
1281
180
482
1010
844
1661
1602
1412
647
210
1356
1716
694
2124
2356
459
925
1181
2235
2118
703
928
1156
780
1432
189
941
1072
2352
433
1103
2176
1311
280
2368
974
1958
2162
2374
1001
728
1285
2209
1304
1033
521
1887
570
2414
287
230
203
1776
683
236
1595
1792
917
1439
1321
1760
476
629
7
570
998
1628
347
1339
898
2449
1
1337
1943
703
2098
928
2362
450
614
1805
963
810
2240
220
1680
2276
1703
1818
733
1506
2097
503
770
596
2214
2117
2353
6
1427
1847
493
396
28
2315
388
1535
2232
352
1750
1885
301
2534
23
130
727
486
1889
988
842
174
2343
1953
2247
1537
140
504
429
161
1602
1370
2158
1841
1011
1150
1169
146
2544
807
1837
1521
1941
2239
451
35
990
1791
1530
283
1197
2456
192
1259
1085
1824
2352
2483
920
2364
489
1124
1723
1642
2582
1538
149
1829
1575
2236
107
373
1326
1731
2503
2233
1963
1614
196
685
1004
1808
2580
742
2408
853
1342
2342
2609
2105
121
2232
2337
2006
1979
893
2490
1701
146
591
892
1099
2426
2434
2163
494
333
2547
370
2354
2106
1250
2474
2169
2406
1389
2416
37
2135
213
1619
2645
444
1964
2013
830
2590
1070
1683
1843
586
978
684
880
672
1716
346
1201
910
2303
1848
1348
39
1642
2064
1197
2564
219
78
601
2358
101
385
155
322
2625
387
2437
1680
597
1225
1520
2589
2649
744
1080
177
2154
1724
1861
1746
1287
2514
1557
491
938
470
2606
509
2220
100
650
2289
1166
25
1493
2676
396
468
2330
1098
569
1393
224
1388
594
2697
1951
1322
54
1725
1796
2209
1290
2143
657
378
938
623
2498
273
259
1696
2461
2583
1548
570
1262
2689
2183
547
958
2435
691
2068
1272
982
524
1617
1627
762
1705
2306
188
2516
2466
1015
626
2273
429
2416
2007
2369
1220
1172
1283
1125
2416
1958
27
1777
242
1420
1037
1163
111
1502
1465
507
2634
867
113
2413
263
100
1728
410
2082
450
2575
415
220
1019
1993
2508
822
1389
178
413
511
1583
1772
2469
1868
335
861
2087
1490
383
1085
1019
2130
503
903
1299
1064
43
692
1995
1796
2622
531
64
1185
164
1164
18
1794
255
2645
689
1409
1320
2789
1140
463
2057
1247
41
1789
1717
518
1623
2008
197
514
841
41
2711
1786
2655
1617
290
112
340
2394
2634
1412
1731
2806
787
2523
2828
1658
442
100
2310
169
719
1424
1567
2079
2031
545
1614
2654
1256
2652
129
2232
1597
2636
423
551
2123
2333
1975
630
1246
1872
2879
874
818
1737
1963
71
2727
1652
1091
1023
347
1802
952
2838
2664
1407
448
2475
281
575
637
715
522
2567
1074
17
2663
825
2170
2362
2638
2763
2519
576
1786
2754
1024
866
1682
640
748
1097
535
2161
313
184
493
1622
2573
1249
27
1910
2449
1388
2088
384
1504
552
1137
283
2376
2469
2952
708
1578
1582
2877
336
1765
999
446
548
359
1786
2358
1566
2465
435
74
352
886
2690
83
1590
2835
131
313
1870
2978
160
354
2092
1006
2951
1252
1377
344
26
1882
1722
2190
2324
2396
2584
2830
1781
1447
1822
140
1626
2729
1670
2937
1869
480
1970
2933
498
1538
1831
1350
18
2568
2049
362
1708
2008
1419
1010
325
2765
3005
1345
380
249
2231
1401
1024
3028
871
326
2581
473
37
505
249
67
195
754
1851
975
2794
774
687
555
952
2090
866
1666
440
1894
2524
1808
1368
2076
260
1538
1008
2334
1226
2337
420
1539
1032
1846
325
2771
3068
1864
875
1770
2495
697
1892
561
1247
809
1496
2397
643
1882
52
1110
352
665
2429
2737
700
813
2973
2679
2680
2053
1956
2232
1451
1503
115
1321
735
2522
671
1774
1188
2171
920
1216
2070
1253
2217
1131
194
101
2432
2114
1509
878
127
2803
2863
2403
2363
1483
672
1943
956
784
736
388
1383
793
1726
2789
823
1788
2516
1936
731
121
2566
2878
2963
2201
214
870
1509
1624
233
2751
1053
1631
2202
630
2671
2370
1679
487
108
1063
394
1105
1138
1285
833
1041
2451
614
1652
1215
2054
950
6
2566
1511
518
398
1515
2557
2506
1223
2263
2463
2511
2697
2646
948
149
2393
1339
2221
657
2673
3140
340
205
1861
1707
1367
1036
653
1017
672
1654
1642
2940
2374
2038
2080
2409
2065
1943
1792
2056
199
957
298
2636
611
907
701
250
478
2767
591
3185
1972
2639
743
2348
1319
2164
126
2039
519
698
1804
1710
2425
2085
3212
2902
169
1311
1290
3159
184
1836
920
127
2912
980
1216
867
1765
372
2814
532
2625
1965
1188
470
1247
756
1165
2883
2182
1856
290
1520
528
960
413
826
1475
2994
1365
421
2392
913
3183
499
3162
3280
2397
2282
1714
1948
1138
626
878
2150
2027
3007
1578
2255
2742
473
1846
922
3027
2708
1967
1478
935
1144
732
2513
3021
2972
131
726
1796
93
2412
696
995
1525
1483
1792
2790
2927
512
379
1021
2156
3101
1505
862
1594
2250
904
1189
460
1887
975
328
1983
1757
1371
635
2804
2450
2873
1377
281
547
3274
3318
3319
2561
950
2646
118
1850
1546
1095
692
3249
2063
3327
931
3287
1168
2282
1890
2385
375
1483
1385
2606
1712
2840
784
798
1653
1476
1199
1557
1864
419
1565
933
1496
2015
276
443
1909
2790
1081
2596
2447
2533
1922
1275
2868
2490
3013
16
1755
263
1242
621
2817
3122
671
1444
703
2428
1311
2197
858
3217
2087
2717
1986
674
2705
2470
475
2645
2070
2789
2519
2673
123
1481
3187
2118
1203
673
1073
2263
577
2625
733
1409
1543
3268
1113
896
1037
3378
62
2310
1587
1761
1422
1695
1181
3370
2013
121
2327
1713
151
3270
1395
1400
789
1290
309
974
439
2727
785
2494
2739
2774
376
547
2085
910
2373
2830
2358
347
460
2311
3474
2299
1746
916
1369
1724
2682
2917
1389
981
1580
2925
818
3048
431
1907
3369
1593
956
1872
2086
199
1870
2661
2286
460
3508
2952
1209
1448
2544
685
3293
488
1297
2090
2737
2912
1150
142
1815
3018
1067
1014
211
1398
989
2913
2885
1424
698
2033
1203
2854
3350
2976
2593
2871
1324
2246
1735
1990
28
2014
2183
605
3241
1154
3428
604
2522
434
1088
1188
1591
2940
1711
137
1335
2284
3221
2294
1446
3444
3548
2332
2583
2052
1244
1638
335
3257
913
3169
461
1458
1880
650
80
905
1266
2827
591
629
2572
1075
3520
171
1734
964
2691
2663
1688
3233
1277
3513
1600
2784
3432
2234
893
2688
602
2068
830
3154
2879
2437
1661
2411
491
1349
2012
326
2554
1402
3200
260
2216
966
928
892
261
3060
715
1443
2175
8
1023
2085
1787
2985
2627
3156
1230
2177
1398
2613
3556
1344
385
2169
1165
2697
1889
761
2250
2398
2514
3272
840
1157
646
2374
2934
2420
2996
2888
3060
1998
3274
231
2560
3409
555
615
1129
683
1777
1342
661
2125
2376
3228
1704
1260
2561
1813
3512
1749
1592
2154
3415
1242
359
2758
3232
1630
3589
2533
2793
579
1215
2541
3116
1582
1127
2646
3088
1112
1055
3110
1477
1522
1723
1160
1280
3077
1724
1556
3704
2063
78
398
947
1042
3155
3228
3454
813
2993
3245
2909
2076
800
378
543
2971
265
1043
1047
138
3569
187
662
2074
3648
1179
1852
2288
2515
2365
2525
947
3334
42
1658
1688
1098
155
2954
444
140
859
2208
540
3052
2995
2568
2668
3396
1014
2172
3486
590
3334
1782
3433
2689
3748
3578
393
1029
573
1595
2242
2906
3042
3363
3303
2445
893
744
1560
483
3008
682
2354
964
1294
1728
462
937
1705
3199
1769
3359
3113
2780
980
1449
2368
2294
1355
3730
919
3388
150
869
1783
152
1898
3123
642
3392
1399
2317
1279
438
3812
2471
2003
2395
1429
3814
2519
360
152
842
3217
1329
3311
2373
2219
2750
156
314
1895
1593
3762
3387
960
502
3177
3740
3594
2540
762
2338
630
823
2863
2501
2293
643
758
66
1443
2731
886
2913
862
2743
224
2363
3792
900
1454
94
3563
1427
1934
3677
2311
2786
3598
2889
2244
1990
3501
3098
1401
3309
2159
3406
2395
3701
2102
1461
1050
3729
79
899
1337
3884
2458
1889
2415
2086
1777
221
2177
3688
2836
1541
269
2475
1998
1808
3702
1835
2986
3394
1948
897
2007
386
2513
1865
1391
3571
1593
1280
1589
3240
1430
2603
3916
775
3721
1519
2904
2359
1680
2093
528
189
222
3610
101
1067
2837
2411
3208
2416
2132
1495
3494
578
3786
991
3582
3317
1793
1324
3933
3273
1392
347
2449
2903
2534
2551
2634
2796
3327
3698
1071
2593
1565
3432
560
1121
3073
1544
1492
3011
435
2733
1292
125
378
1349
690
302
64
3010
2583
3541
1539
788
593
1667
107
2603
48
1821
1643
2679
316
435
4000
1730
435
1139
2560
2213
3181
308
1224
2254
2718
1539
1951
2811
3681
1034
2015
3923
3338
1932
1461
1508
3145
546
1694
1733
2275
1705
2682
2587
3148
449
3782
974
1380
3815
1917
3995
1055
3124
3115
539
22
3093
3453
3521
2360
749
1587
2515
282
998
298
218
2321
3300
3510
3082
649
3216
3093
2475
1231
3830
618
3408
2146
2303
2533
2280
75
3608
291
3170
3921
1313
1345
1840
1716
2708
3917
2311
1688
2483
2927
3225
2772
1193
2837
1409
3430
2642
210
1569
3078
1306
4081
1473
3960
3146
1953
469
1139
1547
2410
2103
1491
1977
2779
120
1797
1282
2573
501
1479
1388
624
657
3753
2654
2884
1173
3858
1520
1243
2741
339
3758
903
2642
3795
1353
2441
2001
3830
3598
631
3911
1649
3021
2564
2628
2450
2291
1539
3321
437
640
2346
2046
1948
2758
2620
3311
226
3817
3255
634
3005
3324
1801
3051
1005
3194
4035
1196
1263
723
9
4153
413
2123
2277
2671
1199
3439
1858
655
2413
3888
3102
3033
2794
3877
918
4114
1085
3389
2967
3551
2119
526
662
2560
151
719
3434
3892
1039
1588
3326
1953
1431
549
3120
1791
1049
2423
4130
2211
2028
1754
2466
429
1941
3948
1484
1832
3420
2796
1881
4137
967
900
829
3828
3711
1736
4057
2549
2332
284
3594
2101
339
4090
2043
4008
3556
3198
2327
1567
665
3256
1645
3566
2287
3821
243
2756
3694
695
2885
152
1945
1288
1509
1231
3218
2339
3162
856
3163
3399
2682
502
3746
1162
1781
3309
378
1340
276
2108
1722
3457
139
1994
3381
4038
743
421
2018
220
156
1220
493
752
4041
4210
2962
1002
1736
3584
3427
558
2837
2041
1380
614
3560
3151
1646
3577
3125
3102
3465
3149
1755
2912
63
530
4238
703
734
2974
1006
657
479
3735
717
866
1458
3516
552
2581
3377
1536
3056
1594
649
2220
2840
2054
3792
2226
1958
835
1727
2101
4266
2009
3387
3962
3648
3150
2371
826
2666
3956
859
1889
3291
363
3097
2121
3493
2734
1762
3489
2434
3423
4133
1182
4322
2846
4001
1182
1695
2258
3561
871
673
399
3337
201
2096
1794
2128
1329
3018
4180
3991
3783
2793
2323
3325
3289
127
4294
1664
2445
4096
4085
1355
4235
82
229
124
1725
3202
3034
1045
926
1367
1854
4199
2743
4115
3320
234
324
2350
1213
257
4136
3635
2161
1347
1357
1929
2483
2115
501
598
3813
2880
2260
3420
590
2411
2455
4164
2147
2326
351
3905
3317
4065
1704
1145
4369
4413
210
373
2481
1695
4432
2764
120
1316
2332
1455
2409
2189
344
2565
1093
1341
3864
1359
2886
1108
3477
3227
2540
230
2155
2072
1397
3
624
101
1896
2978
2620
2499
1409
2180
1991
1096
700
2976
46
3935
860
122
746
1055
2925
1566
983
2841
2712
3100
3170
3922
2813
83
947
4369
2878
2797
656
146
1945
1230
2240
384
4470
109
1913
2808
4245
446
859
1741
4083
3919
3435
3825
2217
2228
4145
2171
1214
3446
2398
582
946
3127
3550
3987
3882
2203
2779
2235
1184
3503
224
1482
4204
3868
1247
3115
3044
3876
4156
2315
3345
766
1047
3392
453
1794
4454
1494
692
319
4265
187
3293
3045
1052
864
4552
2190
4369
1754
3246
1546
2299
3463
790
1111
3192
2587
1003
729
184
2183
54
3091
1835
3743
1179
2917
103
3829
4215
1972
992
2662
3476
2226
2670
2483
1687
3818
2334
1713
4243
4357
1266
4202
2208
1481
3100
4136
3225
428
1775
354
2665
548
1170
558
4507
228
1395
1249
4403
3591
470
364
1091
1258
1371
65
253
1946
1035
3754
1470
569
131
3739
3832
1464
2604
2293
3637
3846
3649
4074
1785
4039
2093
3178
3754
3516
666
2148
107
2303
275
4220
2825
3550
2235
708
1586
756
991
2506
123
3764
1648
3519
1839
1396
2679
2012
4408
3306
3711
1599
2237
1913
3874
2803
3117
2480
2189
1368
840
4575
3751
2137
2368
4198
3310
19
4601
4062
4258
4167
970
2861
2840
3103
1584
2680
4505
3129
3617
2822
928
4226
2746
4430
4219
879
314
313
2586
4696
4332
752
1983
1102
3118
3013
2741
2125
3063
2380
4681
1404
3109
1212
1628
1113
4347
1970
3646
1037
2767
4155
980
1052
2785
525
2271
1591
3028
3149
99
1172
815
2867
3598
1329
4208
807
3518
4486
3060
4628
2350
1293
1944
2118
3130
500
1902
4010
3338
1968
1
2388
2316
3136
3488
3222
1574
1717
3167
1622
1352
4694
1344
1114
3052
526
2823
716
2915
2442
4390
4244
3467
2998
1789
2408
1076
3214
2573
4635
4030
3856
1573
187
3326
1134
3502
1463
3365
3524
803
2411
2471
1498
4783
1437
385
691
781
4595
4628
4041
2416
4649
280
3295
3233
4326
1545
3091
4360
1440
3585
2358
535
3116
4716
4600
4351
1809
523
3325
3533
1876
450
2359
2392
2950
458
290
3997
4131
4215
3922
3663
339
3319
954
2370
617
633
1844
521
3579
199
819
1886
2246
4349
1452
3424
3345
332
785
2240
2058
1048
4338
4001
3717
3582
4344
2949
4599
4518
1532
2621
3508
194
1848
2429
1597
3397
332
4885
3705
3025
4102
2029
3388
962
815
3045
1547
692
2270
3200
4057
1401
4810
2768
573
3225
1386
2647
4818
304
2140
2400
4073
1292
4068
1989
2950
1836
3776
2296
4780
1254
641
942
3626
2273
866
2300
1218
4588
1200
815
879
4758
1147
1509
1659
3383
189
1241
2903
829
1090
2781
4458
1849
645
204
3835
2766
3307
722
2192
3582
2637
4393
2869
1876
1844
4469
4378
251
3882
2264
2488
2573
691
3675
3627
4949
2
4747
933
1278
4697
2446
4671
1693
3454
840
1190
4683
2514
4986
2962
2353
631
1201
783
2018
