1
1
2
2
2
2
3
4
4
4
5
5
6
7
7
7
7
8
8
8
9
9
9
9
9
9
9
9
9
9
10
11
11
11
11
11
12
13
13
13
14
15
15
15
15
15
15
16
17
17
17
18
19
19
19
20
21
21
21
21
21
22
23
23
24
24
25
25
25
25
25
25
25
26
26
27
27
28
29
29
29
30
31
31
31
32
32
33
33
34
34
34
34
35
35
36
36
36
36
36
37
37
38
39
39
39
39
40
41
41
42
42
43
43
44
45
46
46
46
46
46
46
47
48
49
49
49
49
50
51
51
52
52
53
54
54
54
54
54
54
54
54
54
55
55
56
56
56
56
56
57
57
58
59
60
61
61
62
63
63
64
65
65
65
65
65
65
65
65
65
66
67
68
68
68
69
69
69
69
69
69
70
71
72
73
74
74
75
75
76
77
77
77
78
79
79
79
79
79
79
80
80
80
81
81
82
83
83
83
83
83
83
84
84
84
84
85
86
86
86
87
87
87
88
89
90
90
90
90
91
92
93
94
94
95
95
96
96
96
96
97
98
98
98
98
99
99
100
100
100
101
101
101
101
102
103
103
103
104
104
105
105
105
105
106
106
106
107
107
108
108
109
109
109
110
111
111
111
112
112
112
112
113
113
113
114
115
115
116
116
117
117
117
117
118
119
120
121
121
121
122
122
122
123
123
123
123
124
124
124
124
124
124
125
125
125
126
126
127
128
129
130
130
130
130
131
131
132
132
132
133
134
134
135
136
137
138
138
138
138
139
139
139
139
139
139
140
141
141
141
141
142
142
142
142
143
143
144
145
145
145
145
145
145
146
147
147
148
149
150
150
150
150
150
150
150
151
152
153
154
154
154
155
156
156
156
156
156
156
156
157
157
157
157
158
159
159
159
159
159
160
161
161
162
162
163
164
164
164
164
164
164
164
164
165
165
165
165
165
165
166
167
167
167
168
168
168
168
168
168
168
168
169
169
169
170
170
170
170
170
170
171
171
172
172
172
172
173
174
175
175
175
176
177
177
177
178
179
180
181
182
183
183
183
183
183
183
183
184
184
185
186
187
188
188
188
189
189
189
189
189
190
190
190
190
191
191
191
192
192
192
192
192
192
192
193
194
194
195
195
195
195
196
196
197
197
198
199
200
201
201
202
202
203
203
204
205
205
206
206
207
207
207
207
208
208
208
208
208
209
210
211
211
211
211
211
211
212
213
213
213
213
214
215
215
215
216
217
218
218
219
220
220
220
221
221
221
221
222
222
222
222
222
222
223
223
223
224
224
225
225
225
225
226
227
227
227
227
228
228
228
229
230
231
232
233
234
234
235
235
235
236
236
236
237
237
238
238
238
239
239
239
240
240
241
241
241
241
241
242
242
242
242
243
243
243
243
243
244
244
244
244
244
244
244
244
244
245
246
246
246
246
246
247
247
247
247
248
249
249
249
249
250
250
251
251
251
252
252
253
253
253
253
253
254
254
254
254
254
254
255
255
256
257
257
257
257
257
257
258
258
259
259
259
259
259
259
259
260
260
260
261
261
261
262
263
263
264
264
264
264
264
264
264
264
265
265
266
266
266
267
267
267
267
268
268
269
269
270
271
271
271
271
272
272
272
273
273
273
273
274
274
274
274
274
275
275
275
276
276
276
276
276
276
277
278
278
279
279
280
281
281
281
281
281
281
282
283
283
283
283
284
284
284
284
285
285
285
286
287
287
287
288
288
288
288
289
289
290
290
291
291
292
293
293
293
293
293
293
293
293
294
294
295
296
297
297
298
298
299
299
299
300
301
302
302
303
304
305
306
307
308
308
309
310
311
311
311
311
311
312
312
312
312
312
313
313
314
315
315
315
316
317
317
317
317
317
318
318
318
319
319
319
320
321
321
321
321
322
322
323
323
323
324
324
325
326
326
327
327
327
328
329
330
331
331
332
333
334
334
335
335
335
335
336
336
336
336
337
337
337
338
339
339
339
340
341
341
342
343
344
344
344
344
344
344
344
345
345
346
346
346
347
347
348
349
349
350
350
350
351
352
353
354
354
354
354
354
355
355
355
356
357
357
357
357
358
359
359
359
359
360
361
361
362
363
363
363
363
363
363
363
364
364
364
364
364
364
365
366
366
366
367
368
368
368
368
369
369
370
370
370
370
370
371
371
372
372
372
372
372
372
373
373
374
375
375
376
376
376
376
377
377
378
378
379
379
379
379
380
380
380
380
381
382
382
382
382
383
383
383
384
384
385
386
387
387
388
389
390
390
391
392
392
392
393
393
394
395
395
395
395
396
396
396
396
397
397
397
397
397
398
398
398
398
399
399
400
401
402
402
402
402
403
404
404
404
405
406
406
406
407
407
408
409
410
410
411
412
412
412
412
413
414
414
415
416
416
417
417
417
417
417
417
417
417
417
418
418
418
418
418
418
418
419
420
421
421
421
421
421
421
421
421
421
421
422
422
422
423
424
424
425
425
425
425
426
426
427
427
428
428
428
428
429
430
431
432
432
432
433
434
434
434
434
434
434
434
434
434
435
435
435
435
435
436
436
437
437
438
439
440
440
441
441
442
442
442
442
442
442
443
443
443
444
444
445
445
446
447
447
447
448
449
450
450
451
452
452
452
453
454
454
454
455
456
456
456
456
456
457
458
459
459
459
459
459
459
460
461
461
461
462
463
464
465
466
467
468
469
469
469
470
470
471
472
472
473
473
474
474
475
475
475
475
475
476
477
477
477
478
478
479
480
480
481
482
482
482
483
483
483
484
484
484
484
484
485
486
486
487
487
488
489
489
489
489
489
490
490
491
492
492
492
492
493
493
493
493
493
494
494
494
494
495
495
495
496
496
497
498
498
498
498
498
499
499
500
501
501
501
501
501
502
502
502
502
502
502
502
503
503
504
504
504
505
505
505
505
506
506
507
508
509
510
510
511
512
512
513
514
514
514
514
514
515
516
516
516
517
518
519
519
520
521
521
522
523
523
523
523
524
524
524
524
525
526
526
526
526
526
526
526
527
528
528
528
529
529
530
531
532
532
533
533
533
533
534
535
535
535
536
536
536
537
537
538
539
540
541
541
542
543
543
544
544
545
545
545
545
545
545
545
546
547
548
549
550
550
551
551
551
552
552
553
554
555
555
556
557
558
558
559
559
560
560
560
560
560
560
560
561
561
561
561
561
562
562
563
564
565
565
565
566
567
567
567
568
568
568
568
569
569
569
569
569
570
570
570
570
570
570
570
570
571
571
572
572
573
573
574
574
575
576
577
578
578
578
579
579
580
581
582
582
583
584
584
584
584
585
585
586
587
588
589
589
590
591
591
591
591
592
592
592
593
594
595
595
596
596
597
598
598
599
599
600
601
601
601
601
601
601
602
602
602
602
602
603
603
603
604
605
606
606
606
607
607
607
607
608
609
610
610
610
610
611
611
611
611
612
613
614
615
616
617
618
619
620
621
621
622
622
622
622
622
623
624
624
624
625
625
625
625
625
625
625
626
627
627
628
628
628
628
628
629
629
629
629
630
630
630
630
630
630
630
631
632
632
632
632
632
632
633
634
634
634
635
636
637
637
637
637
637
638
638
638
638
639
639
639
639
639
640
641
641
642
642
643
643
644
645
645
646
646
646
647
648
649
649
649
650
651
652
652
653
653
653
653
653
653
654
655
656
656
656
656
657
658
658
658
658
658
658
658
659
659
659
659
659
659
660
660
661
661
661
661
662
662
662
662
662
663
663
664
665
665
665
666
667
667
667
667
668
668
668
668
668
668
668
668
669
669
669
670
671
671
671
671
672
672
672
673
674
675
676
676
677
677
677
677
677
677
677
678
679
680
680
681
681
681
681
682
683
683
683
683
683
683
683
683
684
684
684
685
686
686
686
687
687
687
687
688
688
688
689
690
691
692
693
694
694
694
694
694
695
696
697
697
697
697
698
698
699
700
701
702
702
702
702
703
704
704
705
705
706
706
706
706
707
708
708
708
708
709
709
709
709
709
710
710
710
710
710
711
712
712
712
713
713
713
713
714
715
715
715
715
716
717
717
718
719
720
720
720
720
720
721
721
722
723
724
724
724
724
725
726
726
727
727
727
727
727
727
728
729
729
730
730
730
730
730
731
731
731
731
731
731
731
731
731
731
732
732
733
733
734
735
736
737
738
738
738
738
739
739
740
741
742
743
743
743
743
743
744
745
745
745
746
747
748
748
748
748
748
748
749
749
750
750
751
751
752
752
753
754
754
755
756
756
756
756
757
757
758
758
758
758
759
759
759
759
759
760
761
761
761
762
763
763
763
763
763
763
763
763
764
764
764
765
766
767
767
767
768
769
769
770
771
772
772
772
772
773
774
774
775
776
776
776
776
777
777
777
778
778
779
780
780
780
780
780
780
780
780
780
780
780
781
782
783
784
784
784
785
786
787
788
788
789
789
790
790
791
791
791
791
792
792
793
794
794
795
796
797
797
797
798
798
798
799
799
800
800
800
800
800
801
801
801
801
801
802
802
803
803
804
804
804
805
805
805
805
805
805
806
807
808
808
808
808
809
810
811
811
812
813
813
814
814
815
815
815
815
815
815
816
816
816
817
818
819
819
819
819
819
819
819
819
820
820
820
820
821
822
822
822
822
823
823
823
824
824
824
824
825
825
825
826
827
827
827
828
829
829
829
829
830
831
831
831
832
832
832
832
833
834
834
834
834
834
835
835
835
835
835
836
837
838
839
840
840
840
841
842
842
842
842
842
842
842
842
842
842
842
842
843
844
845
846
846
846
846
846
846
846
847
848
848
848
848
849
849
849
849
849
849
850
851
851
851
851
851
851
851
852
853
853
853
853
853
854
854
854
854
855
855
856
857
857
858
859
860
861
861
862
862
863
863
863
864
865
865
866
866
866
867
868
869
870
870
870
871
872
872
873
874
875
876
876
876
876
877
878
879
879
879
879
879
879
879
879
880
880
880
880
880
880
880
880
881
881
881
881
882
882
882
883
884
884
884
885
885
886
886
887
888
889
890
890
890
891
892
893
894
894
894
894
895
896
896
896
897
897
897
897
898
899
900
900
900
901
902
902
902
902
902
902
902
902
903
903
903
904
904
905
905
905
905
905
906
906
907
908
909
910
911
911
912
912
913
914
914
914
914
915
916
916
916
916
916
917
917
918
918
918
919
919
920
921
921
921
922
923
923
923
923
923
924
924
925
925
926
926
926
927
928
929
930
931
931
931
931
932
933
933
933
934
934
934
934
934
934
935
935
935
936
937
937
937
937
937
937
938
938
938
938
939
939
939
940
941
941
942
942
943
944
944
945
945
945
945
945
946
946
946
946
947
947
948
948
948
948
949
949
949
950
950
950
950
950
951
952
952
953
954
954
954
954
955
956
956
956
956
957
958
958
958
959
959
960
961
961
961
961
962
962
962
962
962
962
962
962
962
962
963
963
964
965
966
966
966
966
967
967
967
967
968
969
970
971
972
973
973
973
974
975
975
976
977
977
978
979
979
979
979
979
979
979
980
981
981
982
982
982
983
984
985
985
986
986
987
987
987
987
987
987
988
988
988
988
988
988
989
990
990
991
991
992
992
992
993
993
993
993
993
994
995
996
997
998
999
999
999
999
999
999
1000
1000
1000
1000
1001
1001
1002
1002
1002
1003
1003
1003
1004
1005
1006
1007
1007
1007
1008
1009
1009
1009
1010
1010
1010
1010
1011
1011
1012
1012
1013
1014
1014
1014
1014
1015
1015
1016
1017
1018
1018
1019
1020
1021
1021
1021
1022
1022
1022
1023
1024
1024
1024
1024
1024
1025
1026
1026
1026
1027
1027
1027
1028
1028
1028
1029
1030
1031
1032
1032
1032
1032
1033
1034
1035
1035
1036
1037
1037
1038
1039
1039
1040
1041
1041
1042
1043
1043
1043
1043
1044
1045
1045
1045
1046
1046
1046
1046
1047
1048
1049
1049
1049
1049
1050
1051
1051
1051
1052
1052
1053
1053
1054
1054
1055
1055
1055
1055
1055
1056
1056
1057
1057
1058
1059
1059
1059
1059
1059
1059
1060
1061
1062
1063
1063
1063
1063
1064
1064
1064
1064
1065
1066
1066
1066
1067
1068
1068
1069
1070
1070
1070
1070
1070
1070
1071
1071
1072
1072
1073
1073
1073
1074
1074
1074
1075
1075
1075
1075
1075
1076
1076
1076
1076
1076
1076
1077
1078
1078
1078
1078
1078
1078
1078
1079
1079
1079
1080
1080
1080
1081
1082
1082
1082
1083
1083
1084
1084
1085
1085
1086
1086
1086
1086
1087
1088
1089
1089
1089
1089
1089
1090
1091
1091
1092
1092
1093
1093
1094
1095
1096
1097
1097
1097
1098
1098
1099
1100
1100
1101
1101
1102
1102
1102
1102
1103
1104
1104
1104
1104
1104
1104
1105
1105
