1
1
2
2
2
2
2
3
4
5
5
5
6
7
7
7
8
8
8
9
9
10
10
11
11
11
12
12
12
12
13
13
13
13
13
13
14
15
16
16
16
16
16
16
16
17
17
18
18
18
19
19
19
20
20
20
20
21
21
22
23
23
24
25
25
25
26
26
27
28
28
29
30
30
31
31
32
33
33
33
34
34
34
34
34
34
35
35
35
35
35
36
37
37
38
39
39
39
40
41
42
42
42
42
42
42
42
43
43
44
44
44
44
44
44
45
45
45
45
45
46
46
46
47
48
49
50
51
51
52
52
52
52
52
52
52
53
53
53
53
54
54
54
55
55
56
57
58
58
59
59
59
59
60
60
60
61
61
62
63
63
64
64
64
65
65
65
66
66
66
67
68
69
70
70
71
71
72
72
72
72
72
72
73
73
73
74
74
74
75
75
75
76
76
77
77
77
78
79
79
79
79
80
80
81
82
83
83
84
85
86
86
87
87
87
88
88
89
90
90
90
90
90
91
92
93
93
93
94
95
96
96
96
96
96
96
96
97
97
97
97
97
97
97
97
98
98
98
99
99
100
100
100
101
102
102
102
102
102
103
103
103
104
104
104
104
104
105
106
106
107
108
108
109
109
110
110
110
110
110
110
111
112
113
114
114
114
114
114
115
115
115
115
115
115
115
116
117
118
118
118
118
118
119
120
121
122
122
122
122
123
123
123
123
124
125
126
127
128
128
128
129
130
130
130
131
132
133
134
134
134
134
135
135
135
135
136
136
137
138
138
138
138
139
140
140
141
142
142
143
143
143
144
144
144
144
144
144
145
146
146
146
146
146
146
147
147
148
149
150
151
151
152
152
153
153
153
153
153
153
154
154
154
154
154
154
155
155
156
156
156
157
158
159
160
160
160
160
160
161
161
161
161
162
163
163
164
164
165
165
165
165
165
165
166
166
166
166
166
166
166
166
166
167
167
167
168
169
170
170
170
171
171
172
173
173
174
174
175
175
175
176
177
177
177
178
178
179
179
179
180
180
181
182
182
182
182
183
183
184
185
185
185
185
185
185
185
185
185
186
186
187
188
188
188
189
189
189
189
189
190
190
190
190
191
192
192
192
193
194
195
195
196
197
198
199
199
200
200
200
201
202
203
203
203
204
204
204
204
204
205
206
206
207
208
208
209
210
210
210
211
212
213
213
214
214
214
214
214
214
214
215
215
215
215
215
215
215
215
215
216
216
216
217
218
218
218
219
220
220
220
220
221
221
222
223
224
224
225
226
227
227
227
228
228
229
230
231
231
232
232
232
232
233
233
233
233
233
233
233
234
235
236
236
236
237
238
238
238
239
240
241
242
242
243
243
243
243
243
244
244
244
244
245
245
245
245
245
245
245
245
246
246
247
248
248
248
249
249
249
250
250
250
251
251
252
252
252
252
252
253
254
254
255
256
256
256
257
257
258
258
259
260
260
261
261
261
261
261
261
261
262
262
263
263
264
265
266
267
267
268
269
269
270
270
271
271
271
271
271
272
272
273
273
274
275
275
275
275
275
276
276
276
276
276
276
276
277
278
279
280
280
280
281
282
282
282
282
283
283
284
284
284
285
285
285
286
287
288
289
289
290
290
291
291
291
292
292
293
293
293
294
295
295
296
296
297
298
299
299
299
299
299
299
299
299
299
300
300
301
302
303
303
303
303
303
304
305
306
306
306
306
306
307
307
307
308
308
308
308
308
308
309
309
309
309
310
310
311
311
311
311
311
311
312
312
312
313
313
313
314
315
315
315
315
315
316
316
317
317
317
318
319
319
319
319
319
319
319
319
319
319
320
321
321
322
323
323
324
325
325
326
326
326
326
327
328
329
329
329
329
330
330
331
332
332
333
333
334
334
335
336
336
337
337
338
338
339
340
340
341
341
341
342
342
343
344
344
344
345
346
346
346
346
347
347
347
347
347
348
348
348
348
348
349
349
349
349
350
350
350
351
351
351
351
351
351
352
353
353
354
354
355
355
355
355
355
355
355
356
357
357
358
359
359
359
360
360
360
361
362
362
362
362
362
362
363
363
363
364
364
365
366
366
366
366
366
366
367
368
368
368
369
370
370
371
371
371
371
371
371
371
371
372
372
372
372
372
372
373
374
375
376
376
376
376
377
378
378
378
379
379
380
380
381
382
383
384
384
385
385
385
385
385
385
385
385
386
387
388
389
390
391
391
391
392
392
392
393
393
393
394
394
395
395
396
397
398
398
398
399
399
399
399
400
400
400
400
400
400
400
401
402
402
402
402
403
404
404
405
405
406
407
407
407
408
409
410
410
410
411
411
411
411
411
412
412
412
412
412
412
413
414
414
414
414
415
416
416
416
416
416
416
417
417
418
418
419
420
420
421
421
421
421
422
423
423
424
424
425
425
426
426
427
428
429
429
430
431
431
432
432
433
433
433
433
433
434
434
435
435
435
435
435
435
435
435
436
437
438
438
438
438
438
439
440
441
441
441
442
442
442
442
443
444
445
446
447
447
448
448
448
448
449
449
449
449
449
449
450
450
451
451
452
453
453
454
454
454
454
454
454
454
455
456
457
458
458
458
458
458
459
459
459
460
461
462
463
464
464
464
465
466
467
468
469
469
470
471
472
473
474
475
475
475
475
475
476
476
477
478
478
478
478
478
478
478
478
479
479
480
480
481
481
481
481
481
481
481
482
483
484
484
484
485
486
486
486
486
486
487
488
488
488
488
489
489
490
491
491
491
491
491
491
491
491
492
493
493
494
494
494
495
496
496
496
496
496
496
496
497
497
498
498
499
499
500
500
500
501
502
503
504
504
504
504
505
505
505
505
505
505
506
506
506
506
506
507
507
508
508
509
509
509
509
509
510
510
510
510
510
511
511
511
512
513
513
513
514
515
516
517
517
517
518
518
518
518
519
519
519
520
520
520
520
520
520
520
520
520
520
521
521
522
523
523
524
524
524
525
526
526
526
527
527
528
529
530
530
530
530
530
531
532
532
532
532
533
534
534
534
535
535
536
536
537
537
537
537
538
538
538
539
539
539
540
540
541
542
542
542
543
543
543
543
544
544
545
546
546
547
547
547
548
548
548
549
549
549
549
549
550
550
551
552
552
552
552
552
553
553
553
554
555
556
556
556
556
556
556
556
556
556
557
558
558
558
558
558
558
558
559
559
560
560
560
560
561
561
561
562
562
563
563
563
564
564
565
565
565
565
565
566
567
568
569
569
570
571
571
572
572
573
574
575
576
576
576
576
577
577
578
579
580
581
581
581
582
582
583
584
585
585
586
587
587
588
589
590
591
591
591
592
593
594
594
594
594
594
594
594
595
595
595
595
596
596
597
597
597
597
597
598
598
598
599
599
599
599
599
599
599
600
600
600
600
601
601
601
602
602
603
603
603
604
604
604
604
604
604
605
605
606
606
606
607
608
608
608
609
610
611
611
611
612
613
614
614
615
615
616
617
617
618
618
618
618
619
619
619
620
621
621
622
623
623
624
624
625
625
626
627
628
628
628
629
630
630
631
631
632
632
633
633
633
633
633
633
634
634
634
634
635
635
635
635
635
635
635
635
635
635
636
637
637
637
637
637
637
637
637
637
637
638
638
639
640
640
640
641
641
641
641
641
641
641
642
642
642
643
644
645
646
646
646
647
647
647
648
648
648
648
648
648
648
649
649
649
650
650
651
652
653
654
654
655
655
656
656
656
656
656
656
656
657
658
658
659
659
659
659
660
661
662
662
662
662
662
663
664
664
665
665
666
666
667
668
668
669
670
670
670
670
671
672
672
673
673
673
674
675
675
675
675
676
676
677
677
677
678
678
678
678
679
680
681
681
681
681
682
682
683
684
684
684
684
685
685
686
687
688
688
688
688
688
688
689
689
689
689
689
690
690
691
691
691
691
691
692
693
694
694
695
695
696
697
697
698
699
700
700
701
702
702
702
703
704
704
704
704
705
706
707
707
707
707
708
708
708
708
708
709
709
709
709
709
709
709
709
709
710
710
710
711
711
712
712
712
712
713
713
713
714
715
715
715
715
715
715
715
715
715
716
716
