23 221
1 2 3 4 5 6 7 8 9 10 11 12 13 14 15 16 17 18 19 20 21 22 23
1 2
2 3
1 4
2 5
1 6
3 7
7 8
4 9
6 10
5 11
8 12
8 13
7 14
13 15
1 16
6 17
13 18
4 19
3 20
16 21
9 22
9 23
3 9
16 20
20 1
17 15
20 13
12 21
6 5
19 11
21 10
23 21
2 9
10 16
16 18
10 20
9 6
16 6
15 22
14 17
3 13
15 23
13 14
15 9
11 20
15 18
14 20
22 20
18 4
2 7
21 5
6 3
16 17
9 10
16 5
22 10
21 3
17 10
20 12
16 12
13 21
15 11
20 6
22 3
11 3
8 5
4 15
10 7
22 2
3 23
14 18
22 8
7 15
4 12
10 13
4 7
19 14
6 8
21 1
13 22
14 16
20 8
21 15
13 6
5 23
8 14
11 7
21 17
3 16
11 22
13 9
18 20
21 11
17 8
4 10
1 19
2 12
17 11
7 1
2 6
11 16
12 6
12 7
19 3
4 13
2 11
9 7
7 6
20 15
1 17
17 18
6 15
8 3
17 7
12 13
6 21
10 19
23 16
12 5
12 19
9 21
17 12
18 7
5 1
4 17
17 3
18 21
13 19
3 1
5 15
22 7
13 16
7 16
11 9
1 11
15 16
23 14
13 23
10 5
16 2
3 5
17 5
12 22
10 11
17 22
9 19
8 16
10 14
9 18
15 2
5 20
18 11
5 4
6 4
2 23
7 21
12 10
20 17
14 22
23 22
2 4
8 19
1 23
2 21
13 11
19 21
23 11
6 18
1 12
6 14
5 13
12 11
16 19
21 8
10 2
8 2
23 17
22 4
14 4
4 21
16 4
14 9
1 14
7 5
20 7
23 7
4 3
16 22
2 18
21 20
8 15
10 3
3 18
19 20
8 1
7 19
18 22
3 15
9 8
6 22
15 1
19 6
18 5
23 8
12 3
19 17
22 21
23 18
6 11
15 19
1 22
20 4
23 12
11 14
12 18
20 2
19 18
8 11
6 23
19 5
10 15
