1546309147
1545562036
1546091893
1545973959
1545681997
1546019026
1545596485
1546306082
1546243545
1545568666
1545450438
1545823229
1545603577
1545908156
1545612602
1546151616
1545902805
1545553335
1545513356
1545435935
1545705470
1545777300
1545826965
1546040537
1545408690
1546093544
1546001753
1545792505
1545501533
1545857428
1545754954
1546088599
1545485716
1546318343
1545725442
1546332822
1546220698
1545613944
1545555275
1545681702
1545701788
1546307374
1545762712
1546333313
1545412727
1545722170
1546064587
1545706800
1546270767
1545487034
1545518896
1545528133
1545560504
1546194070
1545731902
1545961888
1545748527
1545875205
1545903835
1545834092
1546036960
1545484999
1545584343
1546158113
1546105856
1545960234
1545992429
1546012546
1545546545
1546193351
1545559879
1545547167
1546213059
1545504900
1545586873
1546229522
1546137967
1546053073
1546027332
1545791491
1545632924
1546066158
1546021138
1545648359
1546029405
1545579746
1546234302
1546331131
1546015791
1545859907
1545557323
1546321867
1545577149
1545733298
1545855594
1546286703
1545796766
1545695710
1546337783
1545694410
1545707731
1545624766
1546236987
1545685452
1545623564
1545737626
1545681577
1546154287
1546164962
1545942977
1546399331
1546218492
1545659484
1545851538
1546160372
1546133957
1545878125
1545665589
1545663445
1545924138
1546293618
1545442465
1546196651
1546338775
1546266550
1545704022
1546286597
1545601986
1545975279
1546333858
1545591392
1546352751
1545660289
1545586463
1545797285
1546210798
1546147256
1545890609
1546109800
1546051098
1546104464
1546246922
1545466793
1546358233
1545813999
1546255719
1546021588
1546231585
1545999271
1545713682
1545510851
1545482991
1546333623
1545765280
1545861560
1545851536
1546113097
1546257587
1546225446
1545770842
1545889459
1545532280
1546043368
1546267121
1545553528
1545749416
1545530310
1545698629
1546287943
1545464776
1546148917
1545825105
1545660025
1545631531
1545639125
1546358044
1545609108
1545858349
1546359283
1545439353
1545949516
1545935480
1545494279
1545598664
1545683903
1545506432
1545614325
1545814709
1545546807
1545898889
1545899918
1546165686
1546042794
1546163870
1545476366
1545452496
1545654971
1546228378
1545433246
1546128721
1545886712
1545584289
1546240977
1545535253
1545975196
1546226917
1546323112
1546111619
1546310285
1545525731
1545484177
1545815886
1545672604
1545648358
1545476322
1546208758
1546296138
1545549569
1545792800
1546199111
1545821952
1546335639
1546309181
1546091416
1545878036
1546173781
1546351571
1546056395
1546091272
1545625140
1545577708
1545750737
1546008972
1546114618
1545814908
1546347237
1546325498
1545622968
1546193059
1546256846
1545942167
1545505163
1545962413
1546231840
1546208151
1545794653
1546105620
1546047161
1545417176
1546353955
1546361211
1546148678
1545774627
1545422046
1545876722
1546407550
1545647408
1545893021
1545669623
1545955747
1546070625
1545739255
1546095921
1545412743
1545873283
1546082836
1546118581
1546372610
1546281235
1546299427
1546263555
1546268991
1545657397
1545896739
1545462088
1546217966
1545565949
1546194332
1545475804
1545705617
1546072424
1545883621
1545848003
1545759474
1546358497
1545429918
1545611566
1545664169
1546262719
1546107381
1545864633
1546310040
1546233219
1546067171
1545610541
1546144625
1545534301
1545574254
1545982717
1545974765
1546205606
1545493735
1545512267
1545745364
1545460837
1546291820
1545646690
1546093306
1545890253
1545907621
1545932987
1546038461
1545791547
1545722888
1545492923
1545692426
1545782586
1545644823
1545534257
1545847768
1546298753
1546214622
1546186395
1545744874
1546347249
1545860472
1545896160
1545894799
1545748954
1545734666
1545995732
1546184867
1546092853
1546044420
1546217465
1545861390
1545837673
1545607717
1545869947
1546165890
1546047240
1546152758
1545704369
1546100478
1545776657
1545680844
1545706145
1545425936
1545628974
1545816072
1546218683
1546094028
1545742901
1546328856
1545881627
1545706520
1546026985
1546375606
1545442313
1546060451
1545792569
1545626406
1545849594
1545430631
1545582526
1545845626
1545867662
1545587116
1546372030
1546171792
1546215826
1546185606
1545973294
1545419216
1545824318
1546357780
1545910121
1545773296
1546245687
1546040001
1546053628
1545568882
1545645964
1546184261
1545930396
1546243491
1545840570
1545675427
1545524524
1545640156
1545948713
1545796331
1545869179
1546210499
1546396079
1545824183
1545669185
1546173960
1546043274
1545659824
1546027559
1546039979
1546200873
1545416840
1545826302
1546163634
1546284258
1545497215
1545537797
1545900149
1546033914
1546105952
1546299301
1545725909
1546028771
1545446915
1545553590
1546276350
1546284535
1546304075
1546118074
1545820779
1545858304
1545481960
1545738911
1545648736
1545569458
1545598484
1545981056
1545748208
1546170221
1546251288
1546286947
1545508790
1546209406
1546345478
1546027001
1545653918
1545611228
1546350014
1545614755
1545945947
1545529197
1545468204
1546146153
1545908529
1545476097
1545962054
1545501443
1546389035
1545999572
1545464592
1545938771
1546034787
1546406478
1545906714
1545410407
1545633343
1546009732
1545851070
1546023993
1545778416
1545754230
1545653157
1545934449
1545678515
1546019729
1545431617
1545898847
1546317266
1545622189
1546268178
1546186692
1545688930
1545628302
1545534308
1546361224
1545893445
1546076837
1546404941
1545843203
1545880360
1546315983
1546089137
1545716726
1545715715
1545950034
1545762624
1546196113
1546056670
1545745765
1545459189
1545789933
1545887304
1545809382
1546002518
1545721426
1545715808
1546083300
1546300409
1545688880
1545778127
1546387925
1546196283
1546215719
1546264074
1546344607
1546208009
1545927617
1545888914
1546141777
1545887641
1546333365
1545820917
1545782888
1545617839
1546217380
1545837837
1545794957
1545673051
1546112734
1546137150
1545745620
1545465784
1545559964
1545932794
1546001789
1546390061
1546277317
1546320766
1545670325
1546137005
1545807660
1545657365
1545897107
1545647929
1545839950
1545541010
1546222301
1545662746
1545874582
1545795992
1545836035
1546225770
1546178650
1545814676
1545936161
1546121674
1545896925
1546027583
1546046655
1545972715
1546256462
1545451486
1546247058
1545619144
1545462726
1546035012
1546015099
1545588392
1546385100
1545468621
1546206853
1545622878
1545464402
1545733539
1545601385
1546326411
1545776119
1545468475
1546029963
1545861785
1546125701
1545585239
1545844220
1546072447
1546180082
1545818499
1545806712
1545649538
1545844961
1545729754
1545659176
1545416432
1546004448
1545992448
1545753503
1546008677
1545705386
1545910247
1545774943
1546190152
1545604645
1545654989
1545647315
1546328396
1546133475
1545684154
1546296533
1545785970
1545936930
1546253253
1546328039
1546100036
1546294286
1545681294
1546290108
1545761882
1546283260
1546289475
1545550126
1546199830
1546250799
1545885917
1545540359
1545666793
1545533461
1546035170
1545498491
1546115598
1546227785
1545923171
1545542186
1545530572
1546158097
1545667517
1545421153
1546137719
1545940510
1545861594
1545871640
1546307374
1545864017
1545996975
1545991027
1545521436
1545823539
1545889214
1545880514
1545992185
1545587258
1546011924
1546224067
1546387463
1545769672
1546272009
1546023837
1546000920
1545527661
1546109061
1545738342
1545461317
1546034275
1546171383
1546293788
1546369718
1546074511
1546342942
1545719469
1546250911
1545662789
1545769603
1545537393
1545682494
1545861442
1546297851
1546188268
1546383777
1545774450
1545524135
1546252880
1546382108
1546340522
1545690357
1546191351
1546085653
1545532780
1545758302
1546397354
1546384443
1545694888
1546305000
1545750879
1545459144
1546359287
1545441893
1546196277
1546013636
1546291937
1546126768
1545691064
1545535939
1546062166
1545486964
1545414497
1545741988
1545851830
1546137255
1546301717
1545596178
1546038860
1546395528
1545701091
1545702725
1546219276
1545577895
1546086473
1545581504
1545936667
1545508700
1545979566
1546367378
1546000838
1545413517
1546332199
1545480728
1545444807
1546096683
1546026804
1546092727
1545907653
1545785011
1545563202
1546384612
1545588754
1546370542
1545802152
1545460190
1545628461
1546040563
1546062764
1546336944
1545485120
1546141347
1545838270
1545618162
1545960930
1546272938
1545959034
1545514887
1546127252
1545799811
1545524648
1545641951
1546238150
1545753266
1545727230
1546284980
1546270161
1545676553
1546284122
1546357839
1545988284
1546125414
1546008650
1546089794
1545552313
1545929713
1546305478
1545769645
1545948199
1545923169
1545734387
1545990971
1545513936
1545942390
1545964448
1545831780
1546322154
1545634814
1545668554
1545474923
1545932248
1545436946
1545427930
1546071648
1545656169
1545876184
1545932643
1546315805
1545415382
1545592833
1546299559
1546269515
1545494981
1545656010
1545493009
1545441692
1545931530
1546045949
1545690683
1546192400
1545878947
1546347439
1545950887
1545563891
1545664634
1545508930
1546064648
1545562139
1545967205
1546157282
1546408120
1545941612
1545884583
1545744202
1545515458
1546213974
1545980782
1546151295
1545597079
1545680275
1545531349
1545504273
1545592667
1546240108
1546254690
1545550623
1546213847
1545949043
1546145479
1546335825
1546070790
1545483529
1546240482
1545894750
1545804299
1546201431
1545617023
1545988934
1546141111
1545790039
1546400403
1546340055
1546064134
1545561994
1545862465
1545487147
1546383200
1545767553
1545971287
1545850470
1546321690
1545700886
1546145231
1545978810
1546148085
1545417266
1546144977
1546189220
1546226204
1545455879
1545968110
1546133807
1545959784
1546161558
1545543716
1545699822
1546238109
1545769448
1545739743
1545783684
1545619565
1545634007
1546076275
1545961821
1545490546
1546061828
1546190821
1545832564
1545693302
1546349408
1545742434
1545729870
1546371244
1545704614
1545642052
1546195132
1546325558
1546031261
1545581459
1546181339
1545477471
1545473048
1545718143
1546283540
1546394913
1546230008
1545446889
1546283742
1545448863
1545655782
1545510169
1546183738
1545820137
1545959452
1545553863
1545939956
1545697213
1546131291
1545750228
1545731751
1545875778
1546342388
1545668816
1545609015
1546387981
1545693762
1545782900
1546176534
1545418910
1545553964
1545410663
1546100290
1546197282
1545825318
1545722812
1546216387
1545661424
1546284654
1545712176
1545861360
1546025358
1546357777
1545667566
1546325609
1546076012
1546064614
1545548557
1546404956
1546169446
1545820111
1545725326
1545737218
1545525253
1546146045
1546256161
1545846625
1546039676
1545661419
1545814943
1546308489
1545568428
1546371616
1545754831
1545738266
1545537187
1545844592
1545789475
1545674555
1546132375
1545675962
1545752506
1545844514
1545483437
1546346792
1545902110
1545583440
1545421430
1546133300
1546215238
1546371028
1546142255
1545935072
1545502163
1545846598
1545964350
1545666683
1545566996
1545632459
1546254778
1545456161
1546178756
1546405845
1546257186
1545824825
1545547401
1546221154
1546317922
1546379511
1545485749
1545857787
1545985876
1545825178
1546062151
1545867316
1545687674
1545812141
1545935145
1545878321
1546198919
1546124551
1546230065
1545649373
1545692950
1546124685
1545525346
1545934002
1545708591
1545766829
1545724330
1545881590
1545540679
1545931236
1545686116
1546392314
1546159998
1545611831
1545412886
1546074523
1545896033
1546243195
1545674162
1545980228
1546407783
1545828046
1545430614
1545838248
1546066231
1545855774
1546210958
1545964362
1545553054
1545666655
1546071247
1545997494
1545995291
1545624599
1546016124
1546362247
1545415126
1546211157
1545966947
1545916322
1545674722
1545484595
1546332927
1546080056
1546020353
1545410841
1545811893
1546396358
1546394590
1545519931
1545822233
1546298517
1545530386
1546155864
1545607657
1545504828
1546389921
1546069563
1545853326
1545815644
1545848957
1545621756
1545425888
1545487969
1546109888
1545690174
1545827169
1545734149
1545967028
1545950065
1545626687
1546194191
1545992140
1545603279
1545492756
1545552078
1545829546
1545995680
1545792936
1546253216
1545408666
1545683128
1546245164
1545913328
1545950291
1545463286
1545529790
1545639281
1545793595
1545732742
1546317097
1546003302
1546093154
1545692638
1545926244
1546141980
1545694211
1545452226
1546251281
1546063852
1546255752
1545763393
1545634493
1545604924
1545845381
1546237176
1545704165
1546178621
1545438843
1546117772
1545980653
1545532652
1546233685
1545544242
1545577065
1546127251
1546072171
1546287017
1545698070
1545871943
1545453955
1546157501
1545505887
1546369706
1545994317
1546092932
1546101083
1546169256
1545566437
1546019810
1546337163
1546072252
1545553044
1545860807
1545860575
1545653930
1546282509
1546210221
1545937136
1545958981
1546068402
1546165917
1545544709
1546289704
1545545294
1545897129
1545764240
1545702207
1546287002
1546299249
1545621296
1546149949
1545613691
1545609057
1546108847
1546145894
1545920384
1546174383
1545529988
1546019653
1545740134
1545814687
1546297808
1546088820
1545721302
1546115329
1546285539
1545822297
1545798884
1545573680
1546400886
1545825509
1545884752
1546116050
1546228208
1546009109
1546101702
1546300701
1545785827
1545882419
1545612896
1545616270
1545649678
1545769237
1546229344
1546152818
1545748699
1546310939
1546357625
1546104543
1545857376
1546233010
1545570054
1546265913
1546198624
1545593685
1545829775
1545802416
1546352777
1545420489
1545592009
1545523647
1546298870
1546030366
1545665364
1545866348
1545767341
1545715379
1545622525
1545786317
1546256608
1546019441
1545586108
1546031423
1545415662
1545649229
1545992309
1545516527
1546404000
1546356744
1545678649
1546257235
1546310063
1545558512
1546167428
1545945328
1546222779
1545457503
1545672255
1545671956
1546071827
1546404217
1545797053
1545883162
1546382065
1545951088
1546346176
1545894635
1545748797
1546031298
1545432819
1546156986
1545805256
1545718839
1546380591
1546026629
1545543889
1545805734
1545848632
1546136025
1545476417
1545891694
1545772864
1546033677
1545544624
1546036223
1545935841
1545838979
1546137120
1546359441
1545856869
1546100652
1545882175
1546109546
1545651072
1545671811
1546280808
1545517531
1546179858
1545956367
1546270944
1545791169
1545525927
1546243620
1545991579
1545976262
1546154873
1545783520
1546155062
1546305695
1546307243
1546163952
1545430077
1546319950
1546386189
1545797067
1546293412
1546169631
1545797789
1546391987
1546396752
1546161005
1545545602
1545886649
1546081294
1546116828
1545627665
1546033464
1545630168
1545861022
1545915339
1546220375
1545597142
1545830193
1545719322
1545692810
1546163864
1545719710
1546131417
1545767056
1545732318
1546359865
1546256844
1545953652
1545467987
1546278821
1545814561
1545714189
1546406155
1545916175
1545979960
1545646400
1546034123
1545704241
1545523606
1546389691
1545817280
1545829775
1546079921
1546355514
1546260356
1545953275
1545445034
1546155973
1545945758
1545665490
1545412108
1546243565
1545552256
1545522430
1546179921
1545547540
1546010442
1545816564
1546014491
1545442980
1545861700
1545479222
1546251132
1545581269
1545979429
1546184849
1545667697
1546069354
1545695057
1546187934
1546384737
1546197298
1546168980
1546379202
1545513376
1546138313
1545987178
1546038832
1545827952
1545900374
1546375161
1545507300
1546247165
1545915405
1545790803
1546273639
1545763487
1545424429
1546116471
1546158608
1545906074
1546122049
1545844431
1546057151
1545570398
1546227425
1545494002
1545562339
1546236681
1545706288
1545427745
1545739635
1546112290
1546113246
1545999947
1545451894
1545576862
1545714085
1546346571
1545822845
1546148894
1545891277
1545953575
1546199654
1546053036
1545894634
1545817361
1546314585
1545449027
1546077339
1546020776
1545807949
1545523719
1545840203
1545839862
1546167873
1545645447
1546255026
1545984497
1545944197
1545843968
1546185235
1546179388
1545891953
1545851226
1545942718
1546331301
1545907115
1546146347
1545675469
1545523751
1546387364
1545722417
1545516777
1545685032
1545528281
1545976539
1546354820
1546342458
1546358676
1545482687
1545930206
1545909723
1545770346
1546233379
1546159106
1545909623
1545966652
1545746358
1546183496
1545584931
1546164857
1546372437
1545544979
1545834594
1545895320
1546164233
1546226259
1546202786
1545832033
1546252742
1545788290
1545724862
1546404323
1545743212
1545460329
1545479867
1545766077
1545669320
1545524314
1545801997
1546186647
1545643025
1546197877
1545676561
1546156328
1546336493
1545582885
1545699603
1546364080
1546046572
1545925283
1545607752
1546047229
1546173514
1546232240
1545462611
1546061096
1546128623
1545901212
1545869505
1546057751
1546027440
1545609220
1546244431
1546190139
1545525517
1545769102
1545433313
1546399441
1546165939
1545526829
1546020363
1545493795
1545977978
1545925217
1546347274
1545959431
1546191847
1545936438
1545454410
1545798364
1545963369
1545549442
1545540127
1546380626
1545570333
1545745449
1545698510
1545557793
1546365835
1545864667
1545740996
1545861710
1545637609
1545975378
1546316123
1545720108
1545903701
1545977111
1546383066
1545522071
1545685086
1545998205
1545465332
1545849528
1545856634
1545928098
1546223942
1546355718
1545566735
1545603059
1546190619
1546007617
1546301356
1546077158
1545732522
1545725304
1546182414
1545493631
1546096020
1546083970
1545420446
1545997390
1545482217
1545972678
1545425584
1545760302
1546205026
1545521461
1546164740
1546334726
1546054310
1545652301
1546210567
1545541641
1545701959
1545443734
1545965457
1546363639
1545854340
1546091174
1546186726
1545895260
1545559559
1545472351
1546278134
1545766991
1545500967
1545476654
1545902431
1545835762
1545997285
1545662092
1545610792
1545752374
1545458928
1545877567
1545939910
1546361174
1546360611
1546367831
1545821530
1546181593
1546297348
1546152116
1545468271
1546346834
1546206597
1545754364
1545549566
1546276002
1545664261
1546358439
1546013547
1546234483
1545565070
1546119990
1546113799
1546127100
1545933846
1546027125
1545644046
1545642178
1546195777
1545598655
1545624681
1546087763
1545612123
1545544312
1546170475
1546157707
1546118944
1545847634
1545472086
1545991761
1545617973
1545444811
1546233302
1546222040
1545430702
1546399404
1546078786
1545804129
1546017737
1545962377
1545409888
1546322934
1545708400
1545419461
1546091679
1545749358
1546095033
1545739789
1545873052
1545953710
1546037735
1545794202
1546077664
1546123172
1546238312
1545655794
1545899487
1545492684
1545492759
1546219686
1546248185
1545613421
1545931641
1546071507
1545669435
1546276251
1546355202
1546338723
1545861277
1545613685
1545436048
1546166476
1546195459
1546199590
1546231980
1545985229
1545505597
1545427557
1545767630
1546294262
1545478153
1545409527
1546344344
1546219999
1546247439
1545639978
1545501080
1545498605
1545490594
1546347930
1545755080
1545530451
1545938947
1546054383
1545642704
1546266189
1546152415
1545444955
1545715457
1546257188
1545795854
1545966493
1545819481
1546014831
1545967829
1545410050
1545879363
1545444942
1546226915
1546376865
1546112982
1546214255
1546174037
1545745117
1546095124
1545777292
1546362611
1545782565
1545821291
1545587817
1545817075
1545720054
1545483829
1546313624
1545819700
1546406997
1545751609
1545720246
1545541634
1545935511
1545623786
1545660910
1546080982
1545767131
1545593061
1546246323
1545969749
1545895884
1546126389
1545625416
1546402383
1546404834
1545981393
1546276538
1545566015
1546353696
1545828826
1545682978
1546377295
1546392341
1546008032
1546323685
1545665235
1545933533
1546334556
1545952054
1545816139
1546271136
1545646517
1545636241
1545590116
1545591760
1545502078
1546099200
1546100662
1545536621
1545837684
1546165848
1545828037
1545625474
1546014018
1545969530
1546182337
1546236839
1546228350
1545685844
1545522760
1545678207
1546329196
1545867872
1545612514
1545608506
1545875384
1546324450
1545921858
1545702034
1545863230
1545585773
1546194505
1545582991
1545820420
1546280476
1545820996
1545767686
1546117629
1545552795
1545710251
1545877076
1546279813
1546261405
1546287331
1546153573
1545606057
1546303781
1545509563
1546208369
1545929503
1546126080
1545724784
1546135611
1546383624
1545912007
1545626539
1545826579
1545749235
1546090528
1545582783
1545919827
1546366747
1545466812
1545957422
1546363492
1545670246
1546089944
1546010403
1546301176
1546046886
1545527742
1545610936
1546186127
1545573530
1545601347
1545792944
1546095733
1546207724
1545865097
1545887291
1545610560
1546263858
1545577853
1546324023
1545539220
1546335343
1545450007
1546372843
1545608865
1545483985
1545853471
1545597196
1546299937
1546376307
1546317988
1545957242
1546188957
1545878682
1546161861
1546154561
1545413287
1545923258
1546221419
1546021275
1545899744
1546232305
1546061386
1545479147
1545746161
1545563720
1545649958
1546029762
1545778067
1545872184
1545573386
1545686556
1546183754
1546297952
1546355792
1545586593
1546131939
1545999697
1545905630
1545513703
1546019388
1546243013
1546105765
1546251692
1545750779
1545609249
1545657699
1545534622
1545820691
1546318905
1545861088
1546109205
1546335109
1545427595
1546195442
1545693718
1546302362
1545691456
1545892347
1545736208
1546076844
1545415152
1545683880
1545956448
1545948124
1545765917
1545893810
1545622671
1545842587
1546029685
1545559454
1545971984
1545438116
1545989010
1545663807
1546214853
1545547902
1545726587
1545504689
1545779514
1545823292
1546234083
1546013726
1545867686
1545636350
1546137319
1546119867
1545656431
1546120496
1545655955
1545513353
1546052452
1545956937
1545728027
1545865814
1545800835
1546340299
1545868900
1545621244
1545998579
1546159431
1545767995
1545923167
1545963529
1545429400
1545759898
1545692018
1545746245
1545612389
1546311464
1545653296
1546129748
1545578210
1545999415
1546337124
1545927309
1546209229
1545989383
1546223140
1546374071
1546138995
1545667456
1545722832
1545661439
1546176682
1546166841
1545894742
1546167620
1545509079
1546302198
1546199599
1546300238
1545607976
1545511395
1545890401
1545703504
1546128729
1545995420
1545428541
1545626476
1545517105
1545850727
1545710944
1546240621
1545960836
1546178167
1546340852
1545658508
1546075056
1546276969
1545916526
1545586157
1545453858
1546372872
1545504080
1545855713
1546324369
1546269770
1546386918
1546313061
1545740096
1545994770
1546276427
1545498335
1545599870
1546281647
1546114851
1545800870
1545682663
1546342874
1546185057
1545597881
1546295138
1545427642
1546224705
1546111492
1545649699
1545710433
1545948620
1545860449
1545569768
1545827278
1545986393
1545977043
1545641407
1546197674
1545704072
1545981130
1546180732
1546395278
1545936007
1545697764
1545726853
1545434490
1545780751
1545791080
1545527752
1545591197
1546221350
1546296523
1545551681
1545984210
1545655901
1546344685
1545558200
1546040286
1545995090
1546167963
1545886655
1546195637
1545961773
1546304525
1545634805
1546379317
1545669540
1546146855
1546346183
1546299688
1545730105
1545520058
1545532972
1546194372
1545852217
1546137602
1545970983
1545623404
1545545149
1545530087
1546116616
1546324334
1545680042
1546012286
1546349673
1545481285
1545642483
1546238728
1546043314
1545990486
1546006100
1545594608
1545914775
1545805045
1545531031
1545720335
1546251799
1545969183
1545428689
1545793258
1546236093
1545422400
1545946979
1546172208
1545884769
1545886637
1546357307
1545926654
1546335782
1546274921
1545566099
1545514269
1545891003
1546342114
1546319663
1545858561
1546149533
1545656946
1546112993
1545934281
1546126801
1546232928
1546101511
1546288708
1546264556
1546216735
1546131401
1546406952
1546096333
1546398477
1546188958
1545979867
1545592672
1546065459
1545683718
1545454381
1545567387
1545646217
1546326094
1545700889
1545901954
1545897136
1545623698
1545698634
1545644964
1545814264
1545418036
1545475282
1545964894
1545984794
1545853928
1546378162
1546214549
1545915006
1546318378
1545981015
1545693374
1545946164
1545587908
1545856408
1545899352
1545818556
1545461259
1545753788
1545727215
1545705601
1545796641
1545428656
1545923673
1546379415
1546161522
1545815251
1545884026
1545922243
1546264249
1545994861
1545939586
1546279985
1546021882
1545816945
1545707819
1546023869
1545919880
1546205569
1545790270
1545579758
1546150015
1545915240
1545773901
1545890676
1546398408
1545918943
1546398008
1546131183
1546132762
1545562187
1545558443
1545861545
1545973557
1545430587
1545464092
1545899096
1545888807
1546111980
1546216591
1546245728
1545697737
1546108551
1546126932
1546201677
1545913601
1545871584
1545887621
1545866715
1545839424
1546206071
1546173387
1545992944
1545690372
1546069688
1546055000
1546083230
1545892501
1546293309
1546241581
1546028260
1546008329
1545918281
1546129491
1545929196
1546120706
1546280844
1545594852
1546180621
1546028141
1546267364
1545735105
1546232072
1545979394
1545800408
1545719131
1545798796
1545830217
1546112221
1545477548
1545833716
1545800530
1545908563
1545985341
1545721478
1545834362
1546297351
1545549665
1546267252
1545944810
1546114801
1545458486
1545581596
1546056857
1545470005
1545968873
1545670090
1546351751
1545497252
1545411440
1546206835
1545467011
1546235002
1546213264
1545886714
1545516324
1545781792
1545699543
1545861229
1546045201
1545792681
1545419744
1545829767
1545886396
1545656791
1545927956
1545650414
1545442336
1545540053
1545581094
1545521908
1545449096
1545896700
1545533204
1545831895
1545683594
1546154577
1545627563
1546011139
1545961798
1545634883
1545756545
1545946253
1545428650
1546267887
1545863355
1546060344
1545677359
1546267870
1545790983
1545487410
1546196571
1546013700
1545970657
1545769877
1545815230
1546015041
1546365200
1546362409
1545519927
1546354273
1545814375
1546096222
1546328239
1545662430
1546402823
1546315477
1546278299
1545577243
1545911514
1545759638
1546020797
1545916136
1545628247
1545737433
1545598881
1546368771
1546343683
1546273344
1546222050
1546155667
1545840172
1545965465
1546002276
1546058925
1545666606
1545494558
1545463322
1546219538
1545958128
1545914358
1545670143
1546286060
1545427622
1545414964
1546225439
1545571798
1546130511
1546398741
1545966286
1545598868
1545748918
1545657924
1545929517
1546386837
1545623282
1546335320
1545905450
1545529334
1545676968
1546104083
1545693438
1545687551
1546148614
1546116130
1545413359
1545612326
1545918984
1546132385
1545634766
1545581385
1545763189
1545476119
1545877624
1546147830
1545617633
1546149172
1546106007
1546144166
1545413483
1545797400
1546121505
1545609083
1546036990
1545750093
1546403413
1546015176
1546305042
1545647882
1546352899
1546220743
1545522154
1545431408
1546270211
1545463010
1545751445
1545466255
1545961722
1545998445
1546014895
1546353440
1545499035
1545945448
1546393567
1545585866
1545524578
1546095807
1546044889
1546121567
1545426905
1546078540
1545543708
1545460190
1546321300
1546181650
1545917427
1545948465
1546217335
1546144897
1546364726
1545719790
1545804269
1546143863
1545501000
1546157849
1546147248
1545548539
1546176600
1545953822
1545892807
1546369474
1545971619
1546202329
1545829185
1545997549
1545885422
1546375504
1546288892
1546385543
1545621710
1545528373
1546156962
1546156808
1546404450
1545548711
1546393769
1546121047
1546014037
1545496047
1545580241
1545503234
1545576031
1545471430
1545906600
1545624454
1545701571
1545603404
1545974471
1545655307
1545824145
1546028944
1545903827
1545952999
1546179875
1545699533
1545802303
1546295448
1545917537
1545501352
1545784583
1545429261
1546179071
1545987765
1546172981
1545645788
1546101180
1545729714
1545805534
1546339659
1545944228
1546278089
1546297572
1545455497
1545780173
1546035216
1546202803
1545622643
1546395291
1546133002
1545758662
1546377490
1546292414
1546071653
1545936801
1545451034
1545714160
1545410043
1545496982
1546130027
1546236666
1546044500
1545583235
1546095122
1546163758
1546306209
1545955281
1546164998
1545648044
1545451648
1545729588
1546108077
1545544415
1546184444
1545793327
1545879447
1545558463
1545781836
1546115087
1545480768
1545565648
1545487250
1545556846
1545465680
1545732127
1545784860
1545644143
1546327580
1546038666
1546056932
1545527494
1546235940
1545552118
1545537234
1545622768
1545981653
1545919833
1545809014
1545958197
1546212423
1545750064
1545846865
1546150571
1545569791
1546351559
1545876619
1546303156
1545684268
1545443895
1546271228
1546157308
1545902891
1545698145
1545472934
1546305214
1546160964
1546212726
1546315062
1546333375
1545663917
1545829424
1546143177
1546062927
1545487301
1545472536
1545487907
1545793101
1546117336
1546247488
1546212279
1545625570
1545979103
1546099145
1545688228
1545449154
1545731839
1546190684
1545470069
1546057201
1545780679
1545750131
1546313886
1545593722
1546153013
1546301519
1545782340
1546267831
1546186224
1545484673
1545816691
1546046990
1546368140
1545878820
1546315815
1546005105
1545769099
1546206622
1546039750
1545785819
1545423769
1546014309
1545923107
1545529943
1545905230
1546201590
1545512763
1545434427
1545468462
1546327006
1546303993
1545536231
1545761065
1545986803
1545919475
1546331400
1545611805
1546373018
1545517484
1546180761
1545651921
1546058561
1546275347
1545832223
1545916603
1545691172
1546078401
1546010475
1546128761
1546086602
1546012285
1545803162
1546085465
1546361478
1546161337
1545745430
1546323731
1545923513
1546356820
1546131988
1546284811
1546050700
1546293464
1546012245
1545675730
1545769273
1545814011
1545614056
1545692708
1545805762
1545946784
1546343012
1546203818
1546320054
1546364501
1546173553
1545939320
1546062576
1545545621
1545763774
1545803981
1546140506
1545889926
1546354889
1545474008
1546116068
1545743226
1545830493
1546313071
1545670992
1546008176
1545678029
1545705944
1545901928
1546225617
1545578045
1546383234
1545634627
1545703286
1545967640
1546133899
1545547078
1546124638
1545483288
1546361786
1546004575
1546331771
1546264835
1545548099
1546164682
1546316900
1545581482
1545830152
1546089614
1546314146
1545581546
1545968597
1546158399
1546182694
1545679917
1545764386
1545718780
1546224654
1545666536
1546136659
1545996336
1545492390
1546077917
1545988600
1546369106
1545858211
1545901656
1545819023
1546363623
1546262760
1546287092
1546118272
1546014781
1546180291
1545986326
1545629598
1545505136
1545966638
1546262702
1545808554
1546124072
1545966480
1545651387
1546358929
1545580182
1545981692
1545864965
1546166123
1545476348
1546142640
1546101283
1545579901
1545466788
1545678677
1545774710
1545662518
1546330790
1545604803
1545408746
1545459251
1545717221
1546347387
1546074361
1545937469
1546313680
1545716525
1545954601
1545526471
1546144931
1545804339
1546377419
1545609523
1546379430
1546297490
1545992637
1545892300
1546212651
1546149501
1545837991
1545855180
1545501394
1545825492
1546123647
1546227477
1545927174
1546264735
1545670983
1546147706
1545981119
1545556886
1546172300
1546051509
1545948416
1545807706
1546339175
1546371120
1546394200
1545537403
1546366398
1546239423
1545918115
1545702514
1545787585
1545821090
1545490441
1546374310
1545533999
1546394374
1545744892
1545435177
1545597649
1546239683
1546123644
1545833210
1546233724
1546377437
1546365268
1546174532
1545697361
1546361028
1545816732
1546393307
1546325695
1546316246
1545948215
1545994755
1546054653
1545634523
1545968596
1545916971
1545831827
1546166278
1546352048
1546153900
1545676112
1545444280
1545541200
1546181709
1545902227
1546336766
1546296905
1545549376
1546273732
1545589136
1545604922
1546375652
1545856986
1546031891
1546309071
1546364291
1546320917
1545462102
1545931326
1545700179
1545410499
1546236054
1546092235
1546081144
1546154749
1545701052
1545576326
1545819134
1546140201
1545498267
1545572297
1546134817
1545883575
1545770037
1546248573
1545481863
1546304487
1546063030
1546306260
1546180482
1545449984
1546020789
1545812622
1545468880
1546137496
1546316344
1546372151
1545899997
1545567248
1545795054
1545786725
1545465982
1546221207
1545664821
1546237500
1545472566
1545551909
1546240660
1545882988
1546282356
1546330047
1546097408
1546285551
1546383824
1545995512
1545525273
1545867022
1546402643
1546177067
1546111147
1545869851
1545914222
1545801732
1545437936
1545951862
1546189247
1545506935
1546346635
1546128011
1546044754
1546210821
1546244365
1545875216
1546047132
1545962428
1545607090
1545872906
1545518016
1546036918
1545636770
1545515142
1545906380
1545550295
1545782067
1546392546
1545847035
1545774865
1545906211
1546210884
1545514482
1546364833
1546371360
1545473759
1546355013
1546005393
1545826370
1545914291
1546242673
1545485303
1546323214
1546105804
1546043938
1545486962
1545557235
1545684096
1546146925
1545544754
1545955278
1545834292
1545694740
1545649583
1545619432
1546029078
1546332679
1546281967
1546277236
1545903201
1546249120
1546218946
1545469908
1546118302
1545556580
1545444871
1545546964
1545758560
1546016007
1546215335
1545905451
1545727749
1546375142
1546405975
1546232191
1545821498
1546101836
1546232153
1545930719
1546154678
1545591984
1546066617
1545673673
1545419451
1545600947
1546290961
1546078500
1545725530
1545607461
1546178888
1545470149
1545682734
1545633983
1545508045
1546001324
1545526686
1546226921
1545412638
1546337734
1546115613
1545493235
1545451718
1545688939
1545799468
1546375005
1546242008
1545559007
1545589205
1545703441
1545734327
1546294290
1546140527
1545888038
1546364688
1545915874
1545969631
1546344477
1546058972
1546016727
1546162579
1546015142
1545772833
1545768356
1546014151
1545802586
1545644720
1545833131
1545490242
1545895872
1545630118
1545837303
1545613528
1546105866
1546309037
1546348033
1546078503
1546377879
1545469498
1546047405
1546260380
1546321201
1546389711
1545685004
1545966574
1545638991
1545624184
1545702491
1545931744
1545500050
1545923664
1545725441
1545798977
1546017801
1545848892
1545919570
1545729709
1545795695
1545465068
1545901520
1546061963
1546244906
1546126239
1545938790
1545657487
1545521484
1546341597
1546298222
1546306423
1545838612
1546251261
1545743275
1545476048
1546187948
1545517663
1546227853
1546263217
1546109802
1546193649
1545615410
1546170365
1545659473
1545780717
1545894049
1545748963
1546129232
1546391767
1545647119
1545831711
1545553151
1546144449
1546381212
1546177593
1546071207
1545724296
1545580501
1546147394
1546361273
1546288214
1545644274
1545489820
1545445716
1545545249
1545942359
1545680241
1545525313
1546183784
1545705173
1546238201
1545512377
1545991547
1546150440
1545677303
1546157211
1545922610
1545629304
1545931898
1546201913
1545958771
1545892570
1546308767
1546043978
1545473518
1545496591
1545413899
1546283767
1545939298
1545789058
1545615923
1545477393
1545843416
1546358092
1545672278
1545970006
1546234661
1546199026
1545584191
1545696498
1545521450
1545964899
1545999302
1546210682
1545655574
1545507708
1546147982
1546207280
1545613408
1545945414
1546245126
1546046532
1545744719
1545524469
1546371243
1546344080
1545431732
1545925033
1545585794
1545617369
1546321709
1545600430
