4116572879
4115967176
4115635622
4116513741
4115829404
4116443980
4116025021
4115887531
4116443316
4115767550
4115862425
4115787252
4116009086
4115890501
4115732408
4116267159
4116112110
4116166515
4116266979
4116144618
4115840131
4116140166
4116334062
4116349043
4115844744
4116207146
4115745981
4115925922
4116432020
4116480885
4115629755
4116487698
4115987660
4116157096
4116087202
4115904077
4115646623
4116545266
4115737656
4115913671
4116538055
4116589806
4115946318
4116009056
4116372492
4116172385
4115675074
4116235685
4116597314
4116123199
4115630652
4116171022
4116581960
4115677286
4115702322
4116567231
4116287177
4115881312
4116481190
4116196041
4116037884
4115722339
4115856804
4116163496
4116447270
4116304978
4116512647
4116110084
4116378326
4116117691
4116282932
4116583347
4115636390
4115786393
4116210908
4116416115
4116293950
4116511697
4116087548
4116283122
4115628882
4115872695
4116562077
4115937161
4116157601
4115868680
4116518742
4115794874
4116497462
4115993264
4115868936
4116415927
4115988713
4116413188
4115836447
4116464349
4116390301
4115994503
4116141397
4116217650
4116109250
4116095719
4116507185
4116538093
4115829714
4115827262
4116250306
4116200301
4115744981
4116403667
4116564198
4115759358
4116350303
4116187225
4116338440
4116396762
4116454799
4115712749
4115970203
4115911908
4116233745
4116007003
4115606754
4116166060
4116092251
4116293400
4115863786
4115820912
4116142321
4116472582
4116003596
4116012631
4115852962
4116034677
4115619694
4115926518
4116328395
4115991262
4116176449
4115613709
4116189777
4116596265
4115745858
4116265161
4116025321
4116451558
4116538235
4115889730
4116305299
4115748501
4115818497
4116526588
4115845144
4115914593
4116505910
4116415528
4116537553
4116194206
4116489158
4116538594
4116036001
4116105809
4116449324
4116173490
4116082104
4116153062
4116068844
4116536206
4115956112
4115670009
4116026329
4116084756
4116096434
4115905040
4115718734
4116238675
4116032176
4116366302
4116527991
4116368065
4116261930
4116007424
4115788104
4116601667
4116373068
4116001217
4116258946
4115977962
4116171980
4116230999
4115635507
4116149811
4116307438
4115751398
4116257268
4116038789
4116462722
4115685306
4115854443
4116054068
4116059875
4116306511
4115677897
4116248770
4116516343
4115783307
4115663115
4116106139
4115744756
4116215424
4115961596
4115666710
4116267351
4115661165
4116253423
4115625913
4115698221
4116302908
4116438535
4116252340
4115823500
4115746435
4116097584
4116569634
4116523608
4116346822
4115992805
4115747021
4115704449
4116103345
4116401131
4116419690
4116170626
4115697056
4116423570
4116197271
4115981154
4116008537
4115796025
4116296674
4116010676
4116184206
4116059785
4116306306
4116134040
4116068765
4116339319
4115700894
4116397626
4116346386
4115738628
4116298692
4115892880
4115734626
4116077374
4115632049
4115816351
4116339056
4115758911
4116570701
4116226677
4115710922
4115906155
4116294894
4116578350
4115960171
4116019700
4115768210
4116155056
4116502329
4116289432
4116581735
4115843313
4115956550
4116205215
4116257350
4115691758
4116230480
4116470048
4116312561
4116117812
4116435395
4116177403
4116599386
4115640922
4115623476
4115741597
4115724318
4115934338
4116052390
4116136193
4115708676
4115721885
4115693767
4115948396
4116054208
4115770854
4116130097
4115990575
4116596276
4115658468
4116280812
4116177831
4115830636
4116285227
4115861928
4116527294
4115730719
4115662745
4116416966
4116379177
4115966899
4116037019
4115682894
4116018474
4116174648
4116460328
4115663416
4115834765
4115695594
4116534978
4116185446
4116483053
4116108785
4115791482
4116361638
4116488238
4116508962
4115820139
4115614706
4116400514
4116115901
4116269948
4115693041
4115951399
4116128175
4115714849
4115863158
4115738790
4116337424
4115998297
4115690878
4116010771
4116231012
4115946031
4116337588
4115863121
4115893084
4116067578
4116001711
4115705550
4116479060
4116239135
4116302705
4115807553
4115892565
4115828684
4116331687
4115927729
4115998610
4115977213
4115847277
4116440367
4116188397
4115948474
4115980938
4116105816
4116369009
4116259156
4115967342
4115942102
4116329495
4115723629
4116178681
4115826782
4116005892
4115684783
4115939445
4116551026
4115710919
4115651090
4115676377
4116282335
4115801565
4115696089
4115618758
4116200766
4116185391
4115914387
4116309516
4116009588
4116537617
4116481628
4115867364
4116388340
4116112451
4115869084
4116454645
4116579386
4115821298
4116190980
4115622225
4115917007
4116047349
4115954518
4116294775
4116149130
4116177426
4116291740
4115737233
4115829707
4115956921
4115886958
4116412725
4116167745
4116206085
4116509807
4116179751
4115777187
4116286657
4116309199
4116056211
4116005816
4115993055
4116378120
4116247189
4116601937
4115992000
4116158306
4115667123
4116398604
4115662769
4116409457
4115975839
4116344977
4116036970
4116346964
4116151992
4116053783
4116186255
4115815606
4115790855
4115640606
4116597233
4115875535
4116030597
4115737523
4116496972
4116147874
4116121234
4116576561
4115847817
4115996671
4116390845
4116493373
4116112507
4115978240
4116501505
4115685640
4115608036
4115670158
4116367683
4116374543
4115897391
4115774683
4115909975
4116454684
4115648565
4116247015
4115788091
4116005188
4116064123
4115729085
4116446809
4116080488
4115910384
4116378613
4116145543
4116073911
4116213170
4115887858
4115879944
4116455848
4115918856
4116440100
4116061770
4115666115
4115830119
4115959493
4116076647
4116326423
4116214767
4116298398
4116472871
4116002947
4116337068
4116459713
4115756090
4116598959
4116068248
4116208590
4116208641
4116065170
4115645974
4115612144
4115858948
4116591788
4116077174
4116295392
4115764411
4115936075
4116010806
4115701023
4116076168
4115792840
4116222077
4116402749
4115812153
4116052553
4115642785
4115665431
4116020040
4115627711
4115955552
4116152851
4116447901
4116513255
4115689704
4116478692
4116232648
4115738763
4115974225
4116337162
4116265994
4116567553
4116155551
4115792721
4116246859
4116150952
4116044803
4115660111
4115699683
4116569776
4116264473
4116332264
4116489107
4115790673
4116317162
4116548236
4116057419
4116109904
4116207785
4116343478
4115682021
4115783744
4116021560
4116335788
4115690854
4115940093
4115696930
4115966340
4116284737
4116121392
4115762721
4115636571
4115900757
4115810896
4116583767
4116316830
4116595885
4116516701
4115604951
4115745283
4115626045
4115796774
4115933659
4116148366
4116137834
4116577026
4116411213
4115983759
4116570176
4116075416
4116404161
4116110113
4116579195
4116406041
4116284407
4115905899
4115818369
4116164419
4116061019
4116391264
4115772005
4116177374
4116211655
4116102913
4116560164
4116529024
4115621822
4116297303
4115857577
4116420747
4115928497
4115618428
4115766602
4116093612
4116363004
4116079633
4115959562
4116473564
4115959975
4116067335
4115921240
4116142369
4116600551
4116168217
4116411469
4115849868
4116359452
4115657422
4116253552
4116436154
4115612947
4115968249
4115655795
4116233748
4115726660
4116489787
4115764597
4116530577
4116205844
4115667198
4116241152
4115758130
4116393810
4116369017
4116574346
4115766531
4116038011
4115803057
4116062006
4115643999
4116447160
4115860020
4116138962
4115630954
4116101916
4116022046
4115610201
4115636823
4116212841
4116454870
4116209841
4115740385
4116017482
4116509455
4116493228
4116086292
4115624536
4116208330
4116341577
4116232963
4116419672
4115614033
4115817393
4115808273
4116184505
4116508795
4115901820
4115813931
4115785625
4116260781
4116366188
4116263050
4115993535
4116328725
4115896112
4116199732
4115719584
4116533039
4116226784
4116194234
4115829212
4116389250
4116178053
4116223866
4115649280
4115834338
4115664528
4115851100
4116442307
4116318638
4116363039
4115939030
4116251467
4115663377
4115621374
4116286633
4115657128
4116097859
4116292130
4115678116
4115658390
4115714822
4116080622
4116489183
4116483773
4115785836
4115834288
4116172927
4115845234
4115819982
4115926818
4116350647
4116597686
4115931924
4116534763
4115690051
4115944948
4116141746
4116340702
4116169196
4115643461
4115908902
4116517625
4115798921
4115868845
4116017341
4116323749
4115961338
4115721821
4115689486
4116151354
4116137709
4116351729
4116197372
4116439865
4116061852
4116598706
4115651126
4116244114
4115693579
4116000852
4115662713
4116264031
4115778124
4116397238
4116387914
4116419813
4115957436
4116496231
4116329214
4115652951
4116191686
4116602333
4116028916
4116181525
4116472477
4115695422
4115658263
4115883111
4116062596
4116310873
4116276959
4116260997
4116581064
4116581804
4115825167
4115830800
4115901506
4115612382
4115982390
4116453080
4116464151
4115947780
4116563056
4115785174
4116271034
4116536670
4115959141
4115682353
4116394791
4116348888
4116128647
4115985403
4116436456
4115690956
4116356054
4115750579
4115761298
4115608317
4116382237
4116149124
4116115654
4116069468
4116384564
4115602882
4115989299
4115780165
4115864446
4115725425
4115621328
4116212352
4116556907
4116376896
4115869348
4116196482
4115927093
4116286600
4116498433
4115702060
4116419173
4116317456
4115786178
4116322441
4116427981
4115841930
4116471507
4115952978
4116289933
4116358101
4116600551
4115638827
4115857872
4116479419
4115871873
4116378213
4116470670
4115738034
4116539502
4115974781
4116528778
4115729117
4116134343
4116317209
4115736980
4115970379
4115691506
4116145936
4115609926
4116220981
4115678048
4115800609
4116234761
4116026817
4116578574
4115745208
4116026255
4116217284
4116489158
4116309486
4116009240
4115789305
4116371486
4115812552
4115951792
4116219789
4116275253
4116308278
4116058541
4116334485
4116384059
4116018963
4115915571
4115754964
4115760103
4115866537
4116408370
4115869817
4115767681
4115923180
4115772516
4115951516
4116008728
4116434492
4115892690
4116199494
4116142475
4116174374
4115653454
4116297640
4116538627
4116235298
4116077433
4116163680
4116109941
4116273236
4115860284
4116355770
4115735906
4115860621
4116416784
4116591467
4115649048
4115825416
4116221945
4115933718
4116456304
4116127024
4116109829
4115631881
4115974160
4116520343
4116522575
4116151551
4115687209
4115639103
4115701376
4115605789
4116231481
4116067987
4115705098
4116085879
4115835848
4116294572
4115660718
4116403402
4115662444
4116503118
4116099893
4115723714
4115655687
4115830506
4116151161
4116021364
4116249030
4116476189
4116291163
4115954018
4116250146
4116381933
4116231180
4115975676
4116564000
4115734673
4115708359
4116491420
4116035603
4116518056
4116110611
4115819271
4116091223
4116530238
4116095811
4116137585
4116063830
4116033804
4116398520
4116464951
4116378565
4116411703
4115712347
4116352292
4116250917
4115782351
4115658086
4115899503
4116069061
4116547727
4115672090
4115970361
4115878524
4116141089
4116560904
4116127250
4116166513
4115746841
4115786123
4115605043
4116047318
4115983800
4116515146
4115890180
4116113190
4115789608
4115958841
4116511381
4116035501
4115613188
4116067094
4116598694
4116334782
4116087247
4116285102
4116086881
4116388092
4116238906
4115905559
4116113885
4115908308
4116125089
4116424886
4116197467
4115745407
4116505676
4116355769
4116185355
4115819843
4116226865
4115938972
4115948166
4115980273
4116297262
4115834086
4116349395
4116001574
4115755025
4116600491
4116502180
4116258060
4116548690
4115611145
4116565144
4116598936
4115714518
4115995117
4116180473
4116260044
4115892908
4116052942
4116136254
4116384692
4116577745
4116238767
4115732360
4116204651
4116189486
4116077535
4115627110
4116061461
4116438807
4116357242
4115920979
4115643557
4115903819
4115672231
4115771125
4116298647
4115622841
4116584602
4115878750
4116528052
4115690551
4115651410
4115859085
4116040787
4116187979
4115659738
4116000812
4116116052
4116554725
4116261833
4116481745
4116417509
4115833440
4115983172
4115945023
4116580031
4116399494
4115628473
4115615461
4115668392
4115656779
4116103204
4116597915
4116366130
4116068688
4116246989
4115947882
4116526392
4115817951
4115624326
4115979843
4116329829
4116285683
4115700270
4116503045
4116276526
4115658799
4116105139
4116127993
4116454549
4116142180
4115636169
4116125591
4116452391
4116085838
4115762486
4115947841
4115964605
4116396886
4116249609
4116142725
4115908860
4115687695
4116585308
4116208030
4115618007
4116131322
4115940183
4116357810
4115643722
4116117317
4116248558
4116135378
4116082335
4116580678
4115681568
4115979071
4116182251
4116276482
4116056440
4116474530
4116405327
4115701098
4115942094
4115811472
4116432121
4116234651
4116399045
4116114702
4115789987
4116193243
4116337805
4116148553
4116088657
4115622177
4116322016
4115665820
4116331989
4116273996
4116391238
4115626508
4116344525
4116233704
4115975443
4115999373
4115628577
4116450799
4115783718
4116253884
4115966920
4116106628
4116049899
4115652452
4116073538
4115705207
4116573272
4115685308
4115696924
4115721734
4116168305
4116076454
4116431474
4116048536
4115724613
4116273392
4116586086
4116055106
4115844337
4116381396
4116167084
4116418820
4116429210
4115865913
4116587776
4116558219
4116570997
4116510514
4115938668
4116136943
4115944449
4116123964
4116020741
4116305588
4116363210
4115637506
4115639789
4116509707
4115633638
4116578011
4116285072
4116291152
4115606521
4115966152
4115938857
4116543180
4115949235
4115661625
4116128829
4116456306
4115965966
4116237319
4115893276
4116124387
4116163603
4116391033
4115789989
4116550573
4115860116
4116096257
4116180480
4115657542
4115781553
4116247806
4115942820
4115619795
4115920598
4115937275
4115958673
4115769766
4116282937
4115959212
4116049877
4116402105
4116140318
4116421621
4116223113
4116345142
4116348245
4116379749
4116345427
4116164144
4115917496
4115751413
4116465828
4115677033
4116410096
4116262156
4115848634
4115987917
4115823664
4115902908
4115677597
4116177907
4116219062
4116451204
4115971491
4116099809
4116421710
4115683662
4116011118
4116022535
4116401425
4116086832
4116411435
4116225792
4116126048
4116291693
4115817555
4116279255
4116124844
4116549684
4115694251
4116267646
4115936496
4115645405
4115729990
4115891734
4116521714
4116601265
4115649792
4115750316
4116099400
4116403169
4115654914
4116424888
4116080335
4116346188
4115954051
4115700510
4115758132
4116344764
4116543492
4116085167
4116167085
4115678311
4116415313
4116181671
4115612543
4115911024
4116263492
4115638830
4115609592
4116222821
4115788419
4115804186
4116077043
4116159041
4115689536
4116364521
4115708953
4116562921
4115963126
4116034505
4115701981
4116474545
4115750576
4116325331
4116323773
4116245847
4115708932
4116548745
4116401926
4115913476
4115605842
4115624605
4115707727
4116506192
4115804232
4116118316
4115892282
4116042749
4116214175
4116028413
4115873784
4115795449
4116060381
4115689668
4115905028
4116359071
4116049938
4116303715
4116163301
4115942260
4116344733
4116371046
4115961647
4116458028
4115923111
4115698116
4116174912
4115780900
4115932389
4116181411
4115791813
4116070120
4116487705
4116361747
4116307829
4115651309
4116270991
4116320528
4116420178
4116287253
4116575778
4115747906
4115889709
4116049072
4115608118
4115610878
4116109089
4116461239
4116068862
4115658628
4115903381
4115909458
4116150710
4116218305
4115788349
4116425617
4116539815
4115666061
4116500824
4115761333
4115875880
4116361964
4116303281
4115957734
4116034905
4115816975
4116015711
4116133436
4116079016
4115841490
4116278855
4115754936
4115898574
4115698366
4116413143
4115656458
4116408977
4116140038
4115707339
4116169227
4116162370
4116522892
4116344490
4116111426
4115895870
4115622235
4116537544
4116180706
4116221231
4116397612
4116037956
4116294536
4116396171
4115615588
4116277385
4116468415
4115960849
4115628178
4116562767
4116386301
4115924817
4115852659
4115669529
4115641254
4115828003
4116333488
4115710582
4115939846
4116125292
4115657117
4116048386
4116573465
4116140767
4115784442
4116459940
4116562309
4116395768
4116276084
4115641936
4116004317
4116347585
4116141666
4115725957
4115944030
4116199310
4115748618
4116212686
4116212467
4116012035
4115976348
4116552579
4116082098
4115818187
4116030708
4115828039
4116257630
4116288993
4115615066
4115902729
4116341925
4115910409
4115859971
4116507014
4116590946
4116139861
4116110799
4116166211
4116463067
4115674658
4115742027
4116437077
4116204738
4115971035
4116495663
4116401627
4116462262
4116024307
4115965663
4116030464
4116031297
4116145773
4116041900
4115705212
4116319257
4116143638
4116091794
4116528338
4115668769
4116345223
4116120890
4116432082
4115662375
4115791142
4116487671
4116225558
4115992486
4116181475
4116273995
4116257734
4116598276
4115983805
4116102689
4115730071
4116090323
4115642429
4116223315
4115699718
4116367377
4116184568
4116101795
4115642143
4116417706
4116403728
4115805764
4115847354
4116089587
4115658801
4115684816
4116242810
4116268079
4116413782
4116020689
4116273231
4116087948
4115919427
4116215995
4116577907
4116097061
4116069642
4116007406
4116336559
4115896447
4115893449
4116092150
4115688213
4116390670
4116418921
4115603469
4116590469
4116378928
4116257502
4116414614
4116511594
4115839662
4115998635
4115770081
4116131388
4116014912
4115984157
4115872492
4116101631
4115805448
4116295438
4116070175
4116533632
4116416788
4115794018
4115803917
4116329309
4116380638
4116271050
4116202231
4116006011
4116259853
4115921030
4115795530
4116377360
4116587188
4115856989
4116512606
4116413977
4116203472
4116213029
4115781367
4115903010
4116377293
4115895872
4116373958
4116597252
4115685760
4116566362
4116475751
4116438816
4115614763
4116124910
4115677987
4116535463
4115839102
4115977473
4116407149
4116243411
4115724882
4116141027
4115603175
4116190829
4115981422
4116317811
4116306012
4115816839
4115681797
4116204442
4115841478
4116410242
4116247668
4116226893
4115722695
4115757639
4115993862
4116089293
4115673970
4115847376
4116302258
4116263336
4116327873
4116015582
4116143257
4116524855
4115640094
4116441986
4116387659
4116272929
4115694685
4116327959
4115668225
4115698389
4116581758
4116361540
4115838946
4115750289
4116072174
4115669116
4115885248
4115694879
4116187140
4116438335
4115887322
4116297365
4116307398
4116009817
4115870170
4116408979
4116346596
4115938721
4116043159
4115829254
4115999482
4116017529
4116284626
4115666474
4116340304
4115930834
4116547834
4115919809
4115706075
4116013927
4115969386
4116083103
4116385980
4115977535
4116224744
4116406752
4116350910
4116553965
4115617511
4115705006
4116529241
4115625426
4116122563
4115640510
4115884212
4115882136
4116585289
4115641425
4116404189
4116493494
4115928559
4116071350
4116284369
4115910385
4116298838
4115897476
4116346361
4116299095
4115720333
4116142947
4116353704
4116357892
4115642127
4115787010
4116299360
4115784735
4115620481
4115648352
4116436172
4116040347
4115767800
4115779589
4115984710
4116289657
4115783855
4116556680
4115923536
4116432771
4115841043
4115722249
4115801821
4116379216
4115971833
4116244278
4115926855
4116001029
4116296548
4115701832
4116071064
4115834768
4116402946
4116046469
4116292292
4116563949
4116581422
4115710782
4116434347
4116419811
4116112173
4115768144
4115661146
4115981062
4115763123
4115866405
4115869768
4116362229
4116048862
4115968818
4115648347
4116488155
4116154167
4116597113
4116352227
4115620847
4116428086
4116335366
4116427548
4116094646
4115843709
4116345076
4115726126
4116200830
4115754522
4116192872
4115698542
4115921699
4116048968
4116533714
4115866141
4116344973
4115877228
4115989681
4116581670
4116310381
4115704986
4116530702
4116456994
4116560069
4116043663
4115664445
4116462997
4115646175
4115807735
4116122466
4116106096
4115755795
4116452390
4115909736
4116216719
4116468676
4115864417
4116527113
4116517563
4115892577
4115740885
4116406283
4115853416
4116564966
4116068060
4116319551
4116292917
4115618843
4115949245
4116513283
4116023729
4115713618
4116168043
4116449023
4116493202
4116170411
4115646851
4116443881
4115777982
4116496081
4116311248
4116573443
4116455748
4116234620
4116038153
4116295066
4115757154
4115635567
4116373968
4115772999
4115868671
4115876217
4116411954
4116190384
4115891440
4116505142
4116080107
4116112453
4116554997
4115735118
4116052578
4116368453
4116292090
4115828211
4116185895
4116425081
4115822937
4116351909
4115957562
4116537974
4115753557
4116334447
4116140485
4115995742
4116429919
4115932457
4115733663
4115695837
4115916499
4115637046
4116411657
4116541614
4116552761
4116343301
4116208818
4116108501
4115932230
4116448211
4115916341
4115760292
4116171355
4115680677
4116543256
4116054713
4115706371
4116023632
4115981966
4116115260
4116221559
4116267124
4116471540
4116164900
4116290779
4116097850
4115736981
4116005489
4116014144
4115907099
4115610407
4116463985
4116440483
4116317914
4115613069
4115744893
4116001642
4116571143
4115658901
4115979707
4116023660
4116157884
4116031162
4115676507
4116080616
4116328610
4115881058
4116466909
4115998794
4116141867
4116176351
4115850248
4115774059
4115685463
4116200048
4115884466
4115969360
4116197426
4115632831
4116078461
4116573609
4116235474
4116435490
4115631573
4116305169
4115693211
4116406876
4115854133
4116188946
4115875837
4116391067
4115639521
4115910880
4116270258
4116285114
4116539692
4115983707
4116292227
4115796990
4116571506
4116207632
4115700482
4116590363
4116096540
4116186871
4115785871
4116442479
4115611169
4116554484
4116010646
4116163332
4116276673
4116531672
4115867469
4115801488
4115805578
4116580255
4115958009
4115935030
4115613078
4115974065
4116208679
4116122756
4116465801
4116248611
4116228661
4116366964
4115982933
4115895734
4116264905
4115987182
4116263735
4116367317
4115663062
4116412802
4115645305
4116552025
4115757405
4115912369
4116026417
4115899974
4116385703
4116528739
4116386302
4116313997
4116006542
4116104624
4115917264
4116577611
4116141427
4115798810
4116403487
4116393286
4115751431
4115743247
4115683569
4116395765
4116050245
4115873769
4116043606
4115710455
4115806323
4115899760
4116298413
4116296280
4116420839
4115749972
4115734239
4115722002
4116380094
4116427637
4116276385
4116003975
4116589541
4116438750
4116249461
4116210698
4116157395
4116508355
4115666599
4116039637
4115642826
4115882889
4115633553
4116366611
4116300763
4115811837
4116314074
4116209301
4115926305
4116534361
4116522929
4115623711
4115800899
4116234884
4116411477
4116075098
4116079284
4116248209
4116412558
4116305569
4116529781
4116016125
4116087538
4116209207
4115880016
4116466611
4115651939
4115935501
4115640156
4116153610
4115825230
4116164095
4116107646
4115623043
4116461229
4115893141
4115884004
4115639117
4116313347
4116196613
4115990858
4116127876
4116564196
4116340141
4115742455
4115631148
4115701548
4115920219
4115848319
4116406712
4116431173
4115810951
4116434304
4116280775
4115723364
4115732630
4116053607
4116182179
4115937483
4115789719
4116126635
4115703938
4115734087
4115986311
4115960847
4116565832
4116469488
4115783119
4116080546
4115726849
4116070510
4116531203
4116475328
4116032297
4116276720
4115728291
4115643408
4116036774
4116263285
4116533659
4115761542
4116142538
4115993029
4116289028
4115825312
4116568212
4116042359
4116578083
4116385195
4116040302
4115832875
4115947176
4116235262
4115679086
4116165455
4115910702
4116149564
4116442071
4116523229
4116445119
4116579668
4116589591
4115908825
4116431631
4116338818
4116112649
4116278997
4116417791
4116209102
4116393651
4116314030
4116498009
4116479753
4116203911
4116033742
4116352792
4116514389
4115850467
4115928363
4115942623
4116107612
4115689619
4115648516
4116560255
4116402262
4116161676
4116014441
4116422772
4116459846
4115986161
4116409458
4116540071
4116199739
4115902992
4116445701
4116272939
4116042194
4116584740
4115740690
4116535233
4115983408
4116086546
4116600600
4116497687
4116302538
4116312046
4115745376
4116355203
4116542879
4116087414
4116098751
4116154762
4116573626
4116083155
4116259926
4116369501
4116118835
4116138269
4116541652
4116557593
4115840877
4116273942
4116177648
4115809029
4116327447
4116360108
4116446385
4116038485
4116372206
4116134649
4116119657
4116477483
4115684215
4115773317
4115752883
4116225363
4115969031
4116282496
4116209338
4116523716
4116218237
4116143563
4115658484
4116344804
4115971524
4115686254
4116567969
4116326210
4115673876
4115875873
4115613519
4116347420
4116359217
4116595205
4115618775
4115986073
4115967336
4115615978
4116004703
4116484558
4116437398
4116555914
4115883992
4115775995
4115669347
4115705674
4115818687
4115890445
4115896449
4116323005
4116535198
4115995100
4115999856
4116176098
4116200650
4116599788
4116600956
4115720356
4116472484
4116554670
4115683515
4115844951
4115690843
4115909566
4116263761
4115831360
4116411815
4116137893
4116435566
4115965067
4116029517
4116211606
4115976076
4116549461
4115858975
4116371699
4116339444
4115763490
4115713467
4116488007
4116272824
4116200165
4116304458
4115980299
4116401848
4116591485
4115974784
4116482915
4115727200
4116555316
4116509024
4116103201
4116050534
4116388289
4115940279
4115924735
4116110990
4116587589
4115960159
4116354855
4115930728
4115666063
4115619324
4116378092
4116550798
4115806042
4116011776
4115884368
4115820969
4115734988
4116593640
4115987327
4116550059
4116212216
4115696766
4116559312
4116049877
4116267610
4115793559
4115634121
4116148592
4116423647
4116006485
4116160922
4116309526
4115903261
4116281189
4116525535
4116406760
4116334101
4115891136
4115957024
4115701207
4115906550
4116074731
4115890322
4116367773
4116453915
4115964665
4115978517
4116540483
4116260426
4115664070
4116429814
4115801052
4116151989
4115946300
4116473709
4116450758
4115671546
4116422928
4115773342
4115819502
4115992101
4116431107
4116045210
4116392842
4115928747
4116411235
4116590813
4115882847
4115681327
4115698186
4116444879
4116600634
4115780288
4115742300
4116259334
4115665593
4115723222
4116361675
4115849472
4116358018
4116263962
4116226709
4116245996
4115658761
4115899101
4116077506
4115989664
4115981132
4116051357
4116458472
4116210081
4115873624
4115811526
4116033449
4115766369
4116197187
4116353005
4115742514
4116042746
4115768370
4116317461
4116275836
4116581622
4116593299
4115889004
4116525069
4116143752
4116443618
4116423628
4115920822
4116311890
4115970342
4116488381
4116162644
4116332960
4115637874
4116156335
4116102225
4116534057
4116501031
4116360003
4115979938
4116386067
4116178799
4116550401
4115806664
4116204206
4116249089
4115835105
4116407058
4116148278
4115764130
4116286021
4116461015
4115883283
4116027104
4116387835
4115850111
4115871770
4115810519
4115873085
4116229049
4115923339
4115701934
4116275250
4116600900
4115910739
4116021081
4115623789
4116430376
4116265162
4116339799
4115641003
4115611580
4116228404
4116428466
4116601112
4116513696
4116296834
4116283716
4115715720
4116447106
4115692880
4116157615
4115832768
4115953372
4116451239
4116529442
4116173804
4116106161
4116411898
4115677593
4116527145
4115791701
4116107883
4116386587
4116293499
4116135717
4115957125
4115621628
4116545749
4116260937
4116542849
4116491611
4116239574
4116118775
4116208772
4116306019
4115661384
4116134513
4115756637
4116192460
4115726178
4115780803
4116428170
4116150361
4115610373
4115929864
4116586033
4115721049
4116536065
4116333797
4115706217
4115703848
4116204431
4115726986
4116244593
4116254125
4116069782
4116366902
4115930870
4116256284
4115648808
4115612402
4116572175
4116533620
4115868356
4116110611
4115633538
4116545920
4115954836
4116087162
4116584127
4116599768
4116392175
4116600917
4115996258
4116489119
4116298390
4115957214
4116458739
4116255300
4116178104
4116371097
4115764455
4116168579
4116554800
4116341848
4116503902
4116361252
4116574020
4116059193
4116503589
4115986617
4115691110
4116580196
4116286516
4116282082
4116078197
4115699535
4115700207
4116390410
4116530299
4115831036
4115911975
4116429737
4116408302
4116104120
4115767832
4116440578
4115979313
4116352348
4116470251
4116000932
4116207634
4116012302
4116443251
4116143020
4116277708
4116234239
4115742258
4116574015
4115920772
4115866604
4115766419
4116047826
4115767694
4115911263
4116054576
4116342884
4116517352
4115916717
4116594059
4116484353
4116185276
4115674999
4115750935
4116541247
4116245856
4115887340
4115632942
4116158146
4115881879
4115867907
4116597594
4116317753
4116567375
4116110531
4115973263
4116309729
4116214498
4115806334
4115854637
4116393855
4116536728
4116499280
4116211712
4116541161
4116034274
4115946658
4116411842
4116420156
4116427870
4116177835
4115864150
4116399716
4116183320
4115990187
4116340173
4116558937
4116136517
4116104944
4116126306
4115668895
4116530567
4115728019
4116335168
4116400515
4115694766
4116308154
4116338105
4115636195
4115723188
4115663894
4115956430
4116020836
4115788798
4115964004
4116044908
4115780412
4115636704
4115609070
4116012267
4116355368
4115814167
4115826889
4116396623
4115691956
4115829966
4116310103
4116321097
4116150585
4115967772
4116217733
4116580597
4115742296
4115678019
4116540364
4116454364
4115963202
4116390896
4115739569
4116065841
4115878641
4116244352
4116514823
4116061014
4115613102
4115902583
4116527337
4116421142
4116402763
4115797640
4116156675
4115951531
4115712937
4116586387
4115828553
4116470775
4116066737
4115827232
4115863740
4116113293
4115790301
4116399782
4115825450
4116468839
4115660078
4115887177
4115787821
4116153647
4116207029
4116047189
4116171369
4115839609
4116291085
4115824454
4116047248
4116198597
4116347356
4116424195
4116515231
4116016384
4116362648
4116242460
4115812897
4116454337
4115635710
4115918097
4116375017
4116112590
4116504091
4116076492
4116257242
4116511127
4115688005
4116080739
4116156129
4116564792
4115699233
4116129178
4115770871
4115959225
4115923165
4116451293
4116179106
4116561359
4116089333
4116117512
4116021938
4115960219
4115605424
4116589089
4116147718
4115906280
4116306977
4116489626
4115938311
4115779631
4116465641
4116321874
4115734762
4115886804
4116427889
4116171283
4115813169
4115903656
4115774451
4116149459
4116545960
4116386215
4116600432
4116493941
4115998378
4116598138
4116294458
4116016136
4116438747
4116143732
4116549737
4115948612
4116349357
4116525975
4116500455
4116305938
4116297950
4115981262
4115906663
4115989763
4116214774
4116396083
4116236392
4116565718
4115614732
4116136584
4116112117
4115930677
4115964928
4116274688
4115917925
4115714742
4116510592
4115627509
4115969885
4116351900
4115679237
4115835889
4115771211
4116397077
4116237973
4116243624
4116415659
4115990907
4115829441
4116496250
4115859780
4115714198
4115848550
4116397108
4116183786
4115894359
4115973358
4115716685
4116390139
4115615452
4116258510
4116352427
4116011492
4115829425
4116014088
4115794654
4115944348
4116098699
4116544937
4115620322
4116412838
4116042509
4116601737
4116014623
4116006865
4116386053
4116158480
4116112363
4116278329
4116550573
4115636845
4116141380
4116327941
4116459949
4116224095
4115806040
4116415209
4115683413
4116282735
4116089855
4116179172
4115833254
4116221810
4115628925
4116568065
4116314248
4116550409
4116267075
4115954840
4115850387
4116262242
4115698414
4116260492
4115791305
4115753655
4115711876
4115965068
4115830551
4116443468
4116205564
4116335956
4116223706
4115675379
4116530357
4116137580
4116251094
4116422409
4116482619
4115882534
4115992447
4116372856
4116307463
4115964641
4115927538
4115772854
4115713342
4116240011
4115806074
4115669763
4116488751
4115731161
4116432014
4116383020
4116295384
4116164110
4116498895
4116068044
4116331552
4115646524
4116558477
4115627144
4116391068
4115623292
4115860161
4115916689
4116165836
4115845239
4116266770
4116297252
4116453981
4115969951
4115728723
4116081098
4116457638
4116096884
4115607361
4115823898
4115666477
4116179393
4116467079
4116293301
4116151714
4116597406
4115958331
4115974983
4116513633
4115935790
4116033889
4115980683
4115863538
4115815840
4115672229
4116511749
4116075339
4115665137
4116354019
4115742471
4116591178
4115819750
4115677089
4115965487
4115628093
4116070228
4116026321
4116245605
4116150300
4115730330
4116366034
4115716960
4116254027
4115941028
4116145006
4116224608
4115818460
4116238760
4115885212
4116570035
4116471497
4115897898
4115673981
4115724722
4115865147
4116543994
4116425504
4116116995
4115660424
4116418674
4115778432
4116215383
4116000623
4116461499
4116470979
4115737131
4115664732
4115821255
4115617275
4116368137
4116148521
4116318486
4115997223
4116387398
4116292248
4115840691
4115815536
4116181252
4115853852
4115842167
4115915311
4116205615
4116426191
4115683651
4115877604
4115923202
4115802299
4116535240
4116318782
4115790658
4116416212
4116256768
4116327383
4115652543
4116297082
4115777076
4116267895
4116015832
4115718394
4116513206
4115892239
4115949493
4116259148
4115688486
4116139006
4116333261
4116097620
4116366512
4115649549
4115680928
4116468515
4115963530
4115613748
4116455805
4115861685
4116299320
4116311701
4116362811
4115663730
4116578570
4115837438
4116444865
4116398383
4116122267
4116125866
4116221504
4116306733
4116578066
4115858430
4116347509
4115890839
4116211618
4116357134
4116346219
4116424774
4116243723
4116230871
4115688245
4115774206
4116511961
4116304581
4115669942
4115900144
4116086434
4115779501
4115815451
4116314553
4115763659
4116238034
4116522973
4115603999
4115937666
4116171745
4115604033
4116438873
4115873794
4116473463
4116483418
4116040902
4116052948
4115915544
4116393732
4116490546
4116091659
4116280888
4115977577
4115808599
4115713349
4116601908
4115936509
4116371351
4116282991
4116596887
4115877828
4116141701
4116501567
4116141848
4115607561
4116091100
4116233146
4115626841
4116385063
4115723972
4116061998
4115761127
4115736898
4116224978
4116601207
4115675007
4115878668
4116165190
4116384316
4115789317
4115678531
4115800460
4116465456
4116313228
4116212591
4116201214
4116236692
4115730003
4116333543
4115617055
4116373810
4115696773
4116355211
4115737760
4116274017
4115641142
4115697609
4116267357
4116354182
4116064426
4116505626
4116046751
4116202959
4116581136
4115727236
4116199577
4115744824
4116576129
4115604567
4116450092
4115738824
4116482948
4116022387
4115634149
4115829139
4116386955
4115634943
4116112956
4116548535
4115738229
4116366449
4116050070
4116018785
4115901516
4115606602
4116374018
4116250760
4116230855
4116257497
4116353405
4116511662
4116355399
4115636470
4115904560
4116249061
4116578972
4116357574
4115604399
4115866758
4116373822
4115972539
4115892602
4115980153
4116094486
4116099923
4116526717
4115882674
4116020533
4116138839
4116435218
4115846831
4116114650
4116237468
4115718203
4115781693
4116314543
4115765763
4115713835
4115909747
4116206410
4116454266
4115650748
4115992436
4116432622
4115954298
4115771641
4116092271
4115910410
4115792137
4116284884
4115631456
4116200054
4115890616
4116454062
4115956046
4116364923
4116085861
4116475348
4115682893
4116470154
4116181688
4116207741
4115625340
4116108226
4116130791
4116252495
4115788230
4115807085
4116025588
4116148890
4115714915
4115631745
4116058028
4116549018
4116586518
4116106017
4115650471
4116456888
4115843438
4115869019
4116183885
4116086087
4116000583
4116201449
4116031502
4115856713
4116559177
4116253491
4115673703
4115973801
4116337894
4116193482
4116270049
4116063232
4116566558
4115829228
4116380883
4116389394
4115990844
4115825797
4115838686
4116437137
4115738712
4116058602
4115926958
4116344343
4116369941
4116400413
4116425022
4116070318
4116524066
4116447758
4115767378
4116173705
4115804987
4116410519
4116448636
4115903498
4115754536
4116230845
4116401369
4116110333
4116026875
4115850036
4116215060
4115664857
4116283732
4116334681
4116273568
4116155268
4115897694
4116591224
4116354752
4116035022
4115921361
4115744261
4116043137
4116183410
4116485232
4116022245
4115708796
4116147930
4115760075
4115769765
4116019799
4116465434
4115856828
4115784767
4115960963
4115926707
4115713196
4116524954
4116335357
4115884687
4116145677
4115954441
4116129807
4115662281
4116435231
4116104649
4116128462
4116414180
4116031725
4115860101
4116553372
4116065233
4116531856
4115831444
4116382885
4116131244
4116193385
4115619383
4115618468
4115657982
4116196200
4116120798
4116297949
4116402746
4116501450
4115772962
4116579875
4116483650
4116449621
4115935562
4115632785
4116056609
4115628444
4116574601
4116172947
4115693008
4116020927
4116074492
4116195805
4115667059
4115639145
4116065902
4115645936
4116515740
4115823187
4115928917
4116557402
4116510469
4115787902
4116512213
4116143220
4116113624
4115663739
4116367418
4116001636
4116347177
4116016356
4115659584
4115705243
4116036599
4116209570
4115951245
4116391830
4115651569
4115758247
4115903795
4116576800
4115998765
4115937460
4116393265
4116152204
4116573873
4115977106
4116078769
4115921213
4116003437
4116054810
4116404873
4116405727
4115901309
4116082928
4115988924
4116009133
4116072873
4116335298
4116505977
4116470316
4115835558
4116352203
4116170905
4115899884
4116389204
4115848148
4116141090
4116322508
4116423936
4115715695
4115989576
4116164021
4116340962
4116221437
4116388201
4116103068
4116221662
4116576552
4116123855
4116215426
4116280517
4115810215
4116330032
4116464373
4116183763
4115661822
4115897903
4115694863
4116439984
4115703805
4116443290
4116335220
4116366770
4116516415
4115985708
4116022550
4115663511
4116290603
4116110602
4115876083
4116327630
4115817460
4115937864
4115924947
4115937005
4116018011
4115821540
4116360461
4116173113
4116167402
4116506568
4115815745
4116219556
4116208504
4116488906
4116403868
4115844552
4115778602
4115726316
4116391386
4116000879
4115991406
4115767454
4115899837
4115785421
4116062784
4115618746
4116131225
4115985794
4115711399
4116124677
4115614026
4116047066
4115767798
4116397555
4116503930
4116564879
4116083342
4116061857
4115929374
4115736963
4115724313
4116397339
4116320824
4115886857
4116536782
4116595158
4116047636
4116001948
4116389810
4116059316
4116325005
4116497572
4116239187
4116329541
4116149255
4116524470
4115749325
4116523267
4115623221
4115882002
4116544263
4116411411
4116531282
4116530853
4116151605
4115860361
4116353514
4115735879
4116012821
4116517026
4116522000
4115719484
4115837876
4116017481
4116284648
4116091765
4116474345
4115829269
4116249437
4115851022
4116464151
4116272903
4116284073
4116511504
4115820077
4116311503
4115725202
4116523182
4116128359
4116490630
4115612073
4115937994
4116336204
4116012019
4116339339
4116263471
4115791536
4116198217
4116578530
4116076566
4115834162
4115933989
4115872995
4116183460
4115861245
4115771858
4116014416
4116588456
4115619081
4116159495
4115864182
4116172320
4115885912
4116416293
4115967214
4115746803
4115835132
4116062395
4116363677
4116159669
4115837134
4115964805
4116332406
4116127208
4115661814
4115900263
4116160245
4115932152
4116402216
4116233012
4116218723
4116219388
4115827427
4115721003
4116527191
4115902586
4116147762
4115956022
4116539057
4115841570
4116424813
4115698283
4115776672
4115610832
4115902903
4115827149
4116368603
4115770188
4115989311
4115654859
4116456681
4116138507
4116550401
4115781630
4116383259
4116538669
4116115973
4116207852
4116078799
4115696191
4116224733
4116205450
4116510893
4115733497
4116269417
4116068531
4116035884
4116160639
4116069140
4115624500
4115946124
4116361954
4116402646
4116003138
4116580058
4116028255
4116125618
4116348480
4116370865
4116007004
4116222199
4116041277
4116575734
4116602544
4116235586
4116158641
4116233434
4115730265
4116210424
4115795013
4116123802
4115851462
4116081166
4115795914
4115786176
4115975181
4115999171
4116105215
4115792993
4116591219
4116260579
4116529613
4115652894
4116081834
4116350276
4116375116
4115934758
4116391884
4115706058
4116525822
4116034609
4116072931
4115666916
4116313169
4116204612
4115841251
4116042703
4115739296
4115724465
4116589932
4116117072
4116390000
4115888406
4115681290
4116268348
4115694197
4115762523
4116059255
4116159987
4116114509
4116374775
4116488342
4116304030
4116150913
4116413098
4116408056
4115785398
4116398857
4116178754
4115905048
4116502782
4116204743
4115843416
4116238881
4115955782
4116355785
4116026450
4116367461
4115655272
4115894473
4115694561
4115915493
4116479053
4116058799
4116181186
4115932238
4116534759
4116448971
4116542463
4115902968
4116127415
4115753694
4116116334
4115943271
4116111622
4116593808
4116230254
4116464076
4116227821
4115805305
4116590767
4116084740
4116010320
4116533786
4115850345
4115830485
4116297436
4115865955
4116341281
4116071734
4116149519
4116530669
4116110826
4115792773
4115906991
4115659839
4115873440
4116367889
4116434895
4115853516
4115641580
4116288400
4115888783
4116338289
4116345733
4116311527
4115961947
4116336889
4116250924
4115883560
4116345641
4116233563
4115638061
4116212365
4116227134
4116405944
4116136482
4116541696
4116473192
4115789984
4115678193
4115749461
4116151810
4116103884
4116194763
4116363788
4116386997
4115834979
4116174766
4116345106
4115794740
4116246327
4115764066
4116455614
4116197757
4115806919
4115967997
4115959254
4116399645
4116324414
4116431777
4115727690
4115955242
4115960048
4115962235
4116456310
4115970377
4116295329
4115940100
4116565154
4115878312
4116054272
4116074562
4116202819
4116083202
4115616934
4116206982
4116366394
4115802528
4115630106
4115790061
4116272082
4116245397
4115828686
4116450976
4115718660
4116377023
4116091233
4116467542
4115709748
4116362315
4116547356
4115958864
4115800051
4116225392
4115635128
4115974938
4116020477
4116260400
4116154517
4116281487
4115716667
4116543964
4116285314
4115919507
4116306880
4116571023
4116537594
4116443865
4116270094
4116372336
4115708323
4116356636
4116341008
4116219699
4116448719
4116418024
4115799840
4115629271
4115831356
4116466960
4115937728
4116475686
4115717846
4116342583
4115631715
4116417978
4116583986
4116065098
4116297571
4116511797
4115608979
4116520003
4115857546
4115858566
4115799975
4115978981
4115622604
4115701289
4116070153
4116534084
4116573769
4115726309
4116542271
4116417213
4115928206
4115959438
4116566714
4116253496
4116148242
4116071170
4116355739
4115923307
4115718780
4115855470
4115983787
4115819991
4116232281
4116061769
4116457760
4115688331
4115739880
4115653526
4116033308
4116382367
4115979280
4116050340
4116360559
4116521336
4116415271
4116236047
4116107027
4115825353
4116299627
4115986046
4116480749
4116045774
4115837834
4116547429
4116227921
4116431376
4115697180
4115654275
4115720892
4115870886
4116482341
4116465571
4116142298
4116069168
4116578518
4115662813
4116297600
4115861404
4116289932
4116131220
4115664880
4115761252
4116249997
4115672247
4116102042
4115606796
4115637840
4116120322
4115620503
4115809382
4115816948
4115651580
4115807855
4116299279
4115961669
4115725625
4115811154
4116384754
4115867900
4115775832
4116465056
4115816514
4115612286
4115660676
4116044260
4116006722
4116511578
4115782453
4116160594
4116211455
4116422670
4116281454
4116191503
4115992978
4116124737
4115764607
4116280039
4115855648
4116279176
4115729794
4115841303
4116254492
4116164643
4115865951
4115895491
4115752898
4116137471
4116209290
4115709246
4116334940
4116379827
4115851778
4116224775
4116162367
4115863493
4115901843
4115860936
4115850060
4116391909
4116287123
4116601880
4116477938
4116147823
4115659110
4116409208
4115943336
4115777259
4116440507
4116434072
4115636469
4115737871
4116571599
4116146769
4116459179
4116490041
4116014695
4115957162
4115790565
4116287095
4116349080
4116126101
4116591439
4115710529
4116187201
4116462961
4116215900
4116460476
4115722254
4115813576
4115748623
4116424375
4116111157
4116587792
4115853813
4115830255
4116283194
4116298476
4115909799
4115764301
4115625644
4116063019
4115683403
4116032164
4115834216
4116163397
4116233426
4116149622
4116386003
4116090147
4116137465
4116025838
4116540963
4116330838
4116345994
4115875238
4116149013
4115919581
4116408603
4116539552
4116463285
4115998754
4115727563
4115940815
4115831643
4115887355
4116387018
4116036301
4116573739
4116384939
4116569040
4116127588
4116351378
4115818720
4115664994
4115634376
4115715534
4116287797
4116117202
4116336537
4116183141
4116031664
4116213630
4116470372
4115988778
4116470211
4115806287
4116403361
4115950525
4115981964
4116023802
4116015796
4116570058
4116586839
4116442688
4115868590
4116264967
4116393625
4115739695
4116313931
4116441592
4116472821
4116072992
4116551411
4115660461
4116548665
4115929529
4115869947
4115952641
4115922399
4116036715
4116375588
4115952922
4116372047
4115734580
4115719641
4116200046
4116273882
4115614492
4116536435
4116602298
4115661886
4115997369
4116098102
4116367691
4116108327
4116312877
4116201876
4116202807
4116177129
4116493925
4116265639
4115960547
4116222345
4116484954
4116135225
4116062013
4116444660
4116333521
4115656125
4116016320
4115741892
4116170269
4116227029
4116479925
4116233281
4115679578
4115861772
4115919919
4116332187
4116585778
4115907164
4115974092
4116537587
4115736154
4116125800
4115830457
4115841041
4116577235
4115921344
4115819948
4115986477
4115853036
4116008674
4116459882
4116525800
4116097468
4116548469
4115849793
4116055186
4115825898
4116543246
4115867405
4116276836
4116055656
4116517165
4115726005
4115975493
4116534129
4115737087
4116563564
4115625672
4116058705
4116296475
4116141299
4115990506
4116117659
4116169607
4115771347
4116295446
4116289202
4115981619
4115823206
4116561443
4115612419
4115927995
4115979790
4115676370
4115936199
4115684584
4116209658
4116408851
4116278852
4116007789
4115799014
4115860159
4116294475
4116558699
4116432537
4115933789
4115961529
4115892207
4116208422
4116067231
4116225528
4116408306
4115640366
4115794660
4115661117
4116067222
4115918171
4116566774
4116081354
4116523309
4115632677
4115785291
4116031851
4115746419
4116248078
4116414407
4115977339
4116453329
4116245863
4115827766
4116457374
4115813211
4116185035
4115918420
4115722567
4115869905
4115613922
4116547527
4116347570
4116521951
4116313821
4115739297
4115830504
4115974559
4116102846
4115705633
4115781696
4116227987
4116577103
4115845553
4116270234
4116437294
4116029096
4116547495
4116000548
4115919435
4115667116
4116154566
4115686552
4116595954
4116534154
4115987964
4116356794
4115945624
4115816062
4116155108
4116504796
4116383709
4116054223
4116580996
4115889755
4116370254
4115916945
4116410766
4116016353
4115952674
4115994275
4116216608
4116389475
4116071936
4116514544
4115623174
4116155427
4115677237
4115673136
4115850741
4115929582
4115675392
4115839398
4115983632
4116332125
4115933385
4115735137
4116473509
4115610069
4115878883
4116126589
4115665775
4116078921
4116067728
4115873570
4116217619
4116550581
4116188603
4116541570
4116341157
4115861411
4116147133
4115605596
4115719075
4115617640
4115743450
4116048574
4115610998
4115832037
4115887300
4115689341
4115653174
4116027656
4115833493
4115799165
4116427045
4116133835
4115725527
4115696237
4116577265
4116430130
4116578045
4116243721
4116030324
4116247631
4116355177
4116312025
4115801526
4116028160
4116428135
4115877487
4116165159
4116064941
4115890862
4116243563
4116555944
4115849357
4115777252
4115853560
4116396673
4115829792
4116356505
4115716942
4115912746
4116513460
4116392840
4115807472
4115630725
4116101730
4116594779
4116254190
4116250591
4116584143
4116024102
4116108770
4115627509
4116157870
4115991466
4116489845
4115990059
4116094843
4116365137
4116588761
4116339028
4116005568
4116313718
4116574414
4115698800
4115831314
4115945244
4115670623
4116179239
4116525203
4116430132
4116088740
4116509841
4116556527
4116015898
4115903361
4115986159
4115659361
4115831767
4115694755
4115826097
4116101038
4116046046
4115729672
4116069616
4116067814
4115762193
4116221685
4115825523
4116467368
4116294715
4115771328
4115662636
4116386396
4116311125
4116400966
4115765562
4116431481
4116494596
4116087027
4115833639
4116132927
4116161879
4116019839
4115959082
4115960444
4116176267
4116412078
4116103396
4116064137
4116246345
4116328269
4115946853
4115687052
4115694693
4115851834
4116239590
4116454646
4116392927
4116358811
4116076045
4115633669
4116593251
4116315235
4116088367
4115940801
4116329099
4115671762
4116405768
4115966208
4115903961
4116393204
4115784131
4115770788
4116180736
4116046175
4116511222
4115927578
4116294619
4115969848
4116410916
4116098331
4116536370
4116307116
4115674875
4116518764
4115618490
4116034425
4116204822
4115658208
4115831187
4116217573
4115758459
4116141459
4116111050
4116317315
4115825116
4115631534
4116139031
4116363764
4116194520
4115777128
4116571934
4116215585
4116192504
4115743106
4115996016
4116561156
4116249909
4116198152
4115836425
4116011614
4116098287
4116197844
4116299474
4115936896
4116150837
4115807180
4115921182
4116179781
4116601793
4116336290
4115793583
4116307348
4115607995
4116127953
4116423536
4115936736
4115850100
4115671717
4115821306
4116110890
4115627691
4116313585
4116052369
4115978428
4116184137
4116532440
4115949735
4115812909
4116397670
4116112071
4116132694
4115919522
4116409092
4116341431
4116377000
4115660169
4116425169
4115840174
4116054161
4116597469
4115786279
4115919548
4115886641
4116018279
4116220174
4116036353
4115937044
4116324218
4116113335
4116305507
4116210292
4116298677
4116340544
4116384474
4115652212
4116178882
4115655605
4116441063
4116108324
4115652891
4115924106
4116539158
4115611266
4116377090
4115610788
4116363842
4116021813
4116075270
4116536208
4116539087
4115965714
4116175939
4116439816
4116064048
4116244569
4115860640
4115611508
4115853601
4116039159
4115726993
4116150308
4116579691
4115880708
4116470996
4115838552
4116294245
4116182596
4116440630
4116372283
4116426287
4116185064
4116381838
4116106401
4116247927
4116489100
4116076799
4116008271
4116492406
4116179193
4116375928
4116524914
4115803378
4116444898
4115945013
4116138340
4116043132
4115750953
4115903165
4116036716
4116118833
4115725785
4115873892
4116437756
4116177532
4115949995
4116590985
4115947699
4116597904
4115811588
4116033623
4116025756
4116318767
4116068915
4116178437
4115724203
4115828712
4115897974
4115935960
4116435397
4115989971
4116521460
4116428382
4115843190
4116485270
4116043841
4115781812
4115671034
4116039201
4116192671
4116261823
4116430455
4116153651
4116132090
4116574004
4116336127
4116001237
4116095018
4116188114
4115870353
4116219291
4115719538
4115650340
4116011095
4116075881
4115656325
4115610370
4116453864
4115830378
4115709950
4116128975
4116341061
4115946009
4115927461
4115633786
4116534877
4115628794
4115774255
4115784511
4115924171
4115663647
4116517052
4116026726
4115731221
4115718309
4116068569
4115635649
4116092717
4116073975
4116482878
4115677423
4115758898
4116345160
4116052304
4116464542
4116136750
4116549275
4116218910
4115846275
4116257559
4116373757
4115922725
4116534882
4115651472
4116108295
4115874957
4115778762
4116243367
4115965727
4116261420
4116559831
4115950551
4116152885
4115786816
4116365553
4115675718
4116314504
4115970424
4116243594
4116000838
4116147169
4116331754
4116229218
4115741269
4115956373
4116340187
4116325956
4116361631
4116352902
4115686013
4116491848
4115653817
4116018848
4116295978
4116571026
4115840870
4115676766
4115842476
4115960847
4115979668
4116577796
4115760631
4116112957
4115817886
4116465508
4116401771
4116251489
4115938761
4116249756
4116430869
4115918224
4115831241
4116096597
4115788908
4115912169
4116328699
4116374083
4116239190
4116476248
4116545195
4116015913
4116108131
4115793939
4115809550
4116156436
4116533007
4116343134
4115884422
4115689182
4116199746
4115736137
4116202915
4115871339
4115948689
4116296942
4116260191
4115901100
4116487164
4115662390
4116056095
4115789281
4116120560
4115847443
4116245431
4116194769
4115805957
4116018885
4115644964
4115821266
4115778943
4115731096
4115947730
4115853062
4116161295
4115834786
4115971733
4116396953
4115662546
4115687816
4115611442
4115900870
4115826638
4116485623
4115865814
4116339986
4115793786
4116442605
4115878811
4115648525
4116326964
4115610928
4115813704
4116147094
4116575051
4116596435
4116000528
4115644950
4116528693
4116221238
4115635152
4116059906
4116527128
4116553925
4116376019
4116306715
4115650691
4116284982
4116053136
4115664623
4115839795
4116539726
4116025512
4116406807
4115852305
4116439515
4115726443
4116597626
4115629489
4116193272
4115660626
4115762119
4116240787
4116008846
4115949188
4115897532
4115799396
4116376528
4116430739
4116529251
4116217659
4116556668
4116582142
4115637330
4116129374
4116469663
4115713967
4116562729
4115722685
4115824271
4116280701
4115911381
4116459124
4116293617
4115874793
4115743186
4115971915
4115630258
4115625762
4115951970
4116306743
4115946320
4115611715
4116216665
4116183449
4115956369
4116510354
4116361555
4116436220
4116425161
4116354753
4115629498
4115849177
4116267926
4116383535
4116100227
4116335380
4115808677
4116387814
4116572527
4115781758
4116247533
4116423516
4115755149
4115934611
4116277488
4115848436
4115731316
4116248828
4115614655
4116202493
4116281100
4116443980
4115619381
4116230640
4115606212
4115838597
4116034745
4116395827
4116104155
4116082706
4115763327
4116406298
4116191321
4116595405
4115983621
4116458211
4115659413
4116425336
4116445208
4116516536
4116273775
4116261638
4115756751
4115710703
4116135829
4116548369
4115686349
4115756427
4116198592
4115640163
4116238145
4115734458
4116501814
4116412848
4116351527
4116205143
4116350344
4115968856
4115714246
4116547367
4116552339
4116003176
4115993586
4116349342
4116274561
4115679896
4116172617
4115819546
4116050823
4115966540
4116450680
4115823076
4115680231
4116141908
4116392054
4115691764
4116278253
4115611694
4115768134
4115854828
4115754612
4116501890
4115910903
4116173786
4116382753
4115842851
4116141029
4115968184
4116297252
4115632786
4116522999
4115880558
4115719100
4115743164
4116382561
4116000845
4116118642
4116177209
4116223714
4116573779
4115978842
4116111373
4116240325
4116426987
4115918424
4115665962
4116354018
4116456684
4116466775
4116166826
4116054940
4115934616
4116509393
4116106902
4115911138
4115849565
4116080908
4116249700
4116478384
4116601493
4115619929
4116308467
4116036941
4116550407
4116010518
4115998031
4116492685
4116439974
4115808171
4116128113
4115963087
4116083855
4116483598
4116192766
4115944382
4115763149
4116332865
4115953350
4115787346
4116007319
4116338385
4116496004
4116470542
4116475534
4115628055
4115764770
4116346370
4116220930
4115891705
4115934772
4116024648
4116295852
4116172967
4116150650
4116433992
4116443891
4115919392
4116519393
4115944758
4116512810
4116532717
4115696960
4116517265
4116241230
4115681379
4116095069
4115813988
4116600970
4115759524
4116186600
4116072839
4116180788
4115785372
4116007229
4116602206
4116551312
4116308294
4116319332
4116388950
4115647498
4116521126
4116583507
4116395372
4116299966
4115821390
4116298344
4115799208
4115911282
4116320924
4116303665
4116057180
4116278360
4116040440
4115835750
4115981864
4116478415
4115615769
4115809324
4116192055
4116142369
4115923007
4115825234
4116389249
4116065797
4116180664
4116372565
4115619082
4116429532
4115911901
4116064734
4116398111
4115906037
4116324372
4116311424
4116070622
4115793675
4115991694
4116204861
4116532396
4115807940
4115869256
4116150592
4115815358
4115654322
4115694156
4115822115
4116319636
4116154260
4116219503
4116058664
4116324599
4115866836
4116380243
4116107394
4116549760
4116110024
4116320676
4116374092
4115984915
4116572211
4116426077
4115852558
4116573917
4116225283
4115608322
4116017468
4116564636
4115605139
4116025894
4115839801
4115771861
4116180328
4116066597
4116358478
4116336798
4116235830
4115703144
4116220470
4116162772
4116251675
4116042278
4115865812
4115679140
4115649504
4115920031
4116354873
4115817988
4116020285
4116217633
4115941345
4116028920
4116275860
4115919622
4116408180
4116245584
4115772275
4115839858
4115848455
4116141607
4116250709
4116253847
4115671195
4116449379
4115610015
4115737394
4115803995
4115833018
4115873061
4115635085
4116379808
4116446569
4116541093
4116532542
4115717870
4116360829
4115735048
4116542181
4116542519
4116233036
4115685542
4115956527
4115873557
4116366139
4116276865
4116455383
4115813394
4115971063
4116390087
4116525154
4116063841
4115992830
4115845586
4116279520
4116477412
4116169814
4115803945
4115982000
4115705190
4116296466
4115931263
4116542267
4116533153
4115733011
4116079217
4116342134
4116486456
4115695235
4116283659
4115821603
4116185211
4116236761
4116196033
4115686414
4116360936
4116339866
4116361592
4116286801
4115727014
4115828116
4115998269
4115743059
4115754698
4116295266
4116206730
4116186499
4115780052
4115608877
4116477446
4116018464
4116240689
4115726824
4116170179
4116541298
4115648376
4116388561
4116440641
4115680975
4116468783
4115974261
4115659752
4115693593
4116363142
4115729323
4116123663
4115973821
4116513049
4115925845
4115782266
4116417717
4115650801
4115707749
4116383765
4115835268
4115786113
4115970643
4116383292
4116046078
4116307946
4116021994
4116209269
4115713023
4116324922
4115684346
4116291315
4116302193
4116519783
4116298213
4116050323
4116516105
4116086358
4116096853
4115948000
4115951497
4116147800
4116545153
4116543504
4115745982
4115811946
4116396142
4115696070
4115605056
4115880562
4116121450
4115827921
4115609911
4116279751
4115756241
4115905706
4115704722
4116516328
4116017930
4115644151
4115998736
4116373889
4116327433
4115623501
4116031162
4116210732
4116461325
4115674471
4115999268
4116432364
4116532001
4115916978
4115701809
4116471217
4115763037
4116218820
4115641871
4116063705
4116263523
4115752414
4116014389
4116391851
4116333861
4116199599
4116001386
4116525916
4115634204
4116524946
4116584127
4115702540
4115873424
4115864396
4115997777
4116349512
4116411605
4116405777
4116135818
4116264199
4116353034
4115629695
4116336160
4115748528
4115845594
4116121888
4116448915
4115811216
4116562301
4115876714
4116335664
4116433510
4116489846
4116048192
4116416466
4115728026
4115713748
4115892272
4115981982
4116304959
4115605235
4116486836
4115657796
4115686743
4115772538
4116015604
4116460547
4116074637
4116269149
4116064769
4116462500
4116600890
4116157595
4115911385
4116505980
4116007971
4116557824
4116478120
4115678636
4116058295
4115900897
4116456195
4116540259
4116296339
4115815396
4116155949
4115971224
4115971456
4115743352
4116017620
4116523538
4115638193
4115639191
4115624338
4116193187
4115794440
4116585418
4115610094
4116310758
4116428689
4115866403
4116008603
4116019399
4115737283
4116557698
4116377270
4116231545
4115706884
4115770898
4116295819
4115711295
4116105124
4116041419
4115970895
4115678246
4116236958
4115937328
4116572836
4115683975
4116097692
4116530513
4115989978
4116360904
4115635314
4116133960
4115961258
4115884314
4115796065
4116442174
4116444988
4116087290
4115637076
4115818085
4116350688
4116188658
4115764515
4115965437
4115709910
4115920663
4116454869
4116023697
4116342025
4115713162
4116453783
4115647225
4116268173
4116122234
4115814728
4116289752
4116265319
4116284767
4115747696
4116296734
4115979587
4116386622
4116125122
4115760070
4116087037
4115820457
4116317792
4115640086
4115608539
4116393534
4115983765
4116059619
4115841936
4115736742
4116289434
4116598861
4116181817
4115834837
4115736276
4115725629
4115779489
4115995534
4116420306
4116507820
4115992702
4116208607
4116266513
4115869534
4116558644
4116103007
4116574522
4116088288
4116101455
4116384053
4116268129
4116594896
4115735243
4116490706
4115960390
4116051604
4115826126
4116588659
4116518357
4116344927
4115783274
4116154978
4115929640
4116589233
4115653406
4115985717
4116034818
4116336342
4116544020
4116155019
4115869971
4115884004
4115950370
4116064532
4115624121
4116336319
4116180364
4115888904
4116448571
4116261527
4116034878
4115699436
4116403982
4116460967
4115828180
4115979219
4116394834
4115749046
4116043411
4116020249
4116285204
4116495575
4116376304
4116448104
4116340428
4116372779
4116106438
4116545333
4116033054
4115731419
4115935394
4115860801
4116326107
4115918433
4116597881
4115656794
4116162687
4115966782
4116235694
4115806298
4115922867
4116355523
4115995599
4115791013
4115755082
4116085003
4116161367
4116551341
4116455942
4116012285
4116261292
4116455920
4115836626
4116447820
4116184672
4116439734
4116170439
4115679353
4116452849
4116347349
4115658986
4116291469
4115702347
4115795951
4115927594
4115950818
4116371587
4116158193
4116352228
4115696729
4116575708
4116196180
4116566753
4116317731
4115982596
4116351838
4116318933
4116499643
4115861077
4115972576
4116187936
4116260776
4116013079
4116570871
4115880078
4116569534
4115777082
4115978957
4115698521
4116108187
4116552031
4115944279
4116255204
4115910060
4116407310
4116288662
4115605055
4116434408
4115879999
4116555481
4115640552
4115647058
4116523284
4115829176
4116536774
4116477497
4115762842
4115665048
4116138734
4116275385
4115744142
4115779883
4115791521
4116497017
4115688020
4116059183
4115761033
4115901484
4116092928
4115827756
4115917825
4115632723
4116082319
4115718649
4116376077
4115944504
4116415276
4115891062
4115882331
4115997043
4115627822
4116139089
4116037195
4115649702
4115808279
4115988612
4116099490
4116030979
4116339924
4116303506
4116175639
4116466051
4116105281
4116461967
4115639496
4116152686
4116011237
4116151704
4115850883
4116050712
4116432816
4116542549
4116020993
4115801247
4115944002
4115685692
4116266980
4116465328
4116452389
4115989967
4116073150
4116397826
4115851088
4116491674
4116025164
4115753112
4116333668
4116076024
4116587701
4116422849
4116394289
4116492558
4115768078
4115702809
4115784560
4116158860
4115785686
4115623112
4116004360
4116402673
4115868668
4115882944
4115962891
4116144902
4116079575
4115612096
4116586680
4115831072
4115897899
4116199574
4116368633
4115957408
4116024296
4115711510
4116014244
4116541684
4116413996
4116577190
4115916861
4116406998
4116308606
4116488821
4115842864
4115671370
4116496531
4115801597
4115914905
4115741346
4115839116
4116241862
4116543486
4115864444
4115659060
4115872228
4116052881
4116575168
4115825923
4115661110
4116152625
4116420260
4116211360
4116521000
4116595175
4116371306
4116347737
4116048752
4116390764
4115801311
4116052523
4116204114
4116085792
4116272156
4116376702
4116381085
4116150866
4115699271
4115688168
4115910317
4115646397
4116092497
4116077735
4116117034
4116471110
4115731063
4115735914
4115888326
4116236289
4116327747
4115989831
4115664193
4115932588
4116517130
4116284100
4115942246
4116428721
4115823213
4116549136
4116599053
4115777318
4116380251
4116127944
4116535641
4115888397
4116010763
4116296885
4116484282
4115604183
4116031749
4116470731
4116534314
4116241691
4115993240
4115899434
4115859570
4116146594
4115777379
4115964895
4115740580
4116452700
4116174222
4116456289
4116297824
4115637994
4115789776
4115900054
4116588882
4116267028
4116421097
4115869518
4115726512
4116053906
4116044391
4116367173
4116322622
4116555526
4116471651
4116341475
4115792076
4115847742
4116377539
4116493501
4116149300
4116508340
4115914936
4116592979
4116278111
4116094352
4116261887
4116235090
4115925503
4115804258
4116561826
4116440594
4116580180
4115886699
4115774966
4115780184
4116535146
4116142675
4115884317
4116023315
4115944599
4116212850
4116287492
4116469472
4116023487
4116345097
4115920932
4116370119
4116600914
4115641736
4116227650
4115638782
4115690955
4115835912
4116207537
4116061283
4115674289
4116186705
4115811852
4116176709
4115925591
4115842899
4115797567
4116452250
4115830237
4115931054
4115859710
4115825288
4115850095
4116409709
4116474698
4116408030
4116123011
4115692356
4116578993
4115655322
4115743134
4115782232
4116434765
4116068130
4116206925
4115616693
4116318210
4115805901
4116016174
4116139735
4116201858
4115899674
4116058855
4115836196
4116464459
4115989494
4116463595
4116132975
4116084197
4115991353
4115728955
4115884405
4116332134
4116479399
4116006240
4116219105
4115635248
4116025904
4116253236
4115899209
4116022384
4115905202
4116514584
4116478192
4115847263
4115633204
4116367997
4116331525
4116582659
4116292524
4115919070
4116414561
4115886316
4116597496
4116519874
4116289163
4116250105
4116359014
4115640189
4115815861
4116384019
4116061742
4116144813
4116479102
4115828783
4116194420
4116049023
4116465072
4115755343
4116597833
4115887081
4115721217
4116348863
4115614057
4116585392
4115657364
4115682650
4116222589
4116012898
4115605815
4116219396
4115614105
4116219867
4116227173
4116142767
4116253884
4116225282
4116034756
4115726873
4115927317
4116583435
4115922790
4116009226
4116275578
4116071668
4115781962
4116476121
4116445617
4115620106
4115864921
4116209766
4115903465
4115844324
4115964011
4115824735
4115757183
4115903396
4115679490
4116399869
4116435708
4116340860
4116482125
4116043910
4116504596
4115914084
4116114020
4115901963
4116273063
4115808039
4115609936
4116238761
4116403458
4116578965
4115980034
4115828490
4116476829
4116489360
4116561816
4116433955
4115642268
4115676098
4115749342
4116204662
4116579919
4115900643
4115730313
4115822288
4116061236
4116516598
4116573756
4115874378
4116212467
4115817930
4115873092
4116385801
4116434079
4115689723
4116257822
4115960959
4116530873
4115754416
4115633006
4115639658
4116583022
4116011805
4116533320
4115934931
4116068054
4116065153
4115674793
4115721359
4116468214
4115640295
4116205309
4116179071
4116225469
4115820327
4115826393
4115679121
4116046408
4115814243
4115853375
4115695551
4116383648
4115966477
4115694751
4116246669
4115911288
4116008286
4115728787
4116005389
4115871090
4115907742
4116507744
4115750172
4115713177
4116007969
4115788089
4115807780
4115976294
4115699142
4115641086
4115715547
4116406782
4116118648
4116480631
4115751745
4116172657
4116144687
4116400604
4116419939
4115905082
4115990126
4115626510
4116179612
4115894275
4115797700
4115992733
4116526929
4115736864
4116095950
4115972482
4115985971
4115821201
4116574193
4116417124
4116078847
4115678467
4116191906
4116305301
4115637567
4116417998
4116447520
4116055444
4116345031
4115620726
4116348982
4116386508
4116409915
4116403243
4115894972
4115987345
4115870790
4115990411
4116565397
4115987687
4115823459
4116411934
4116477425
4115689853
4116597014
4115948503
4116069514
4116136556
4115651825
4116254999
4116318889
4116394683
4116052818
4116428907
4115615712
4116049884
4116321505
4116305803
4115883983
4116057966
4116389525
4116167068
4115652577
4116148091
4115901742
4116271277
4116428942
4116087673
4116579450
4115828155
4115728537
4116262283
4116277394
4116295599
4115962322
4116195776
4116330332
4116600220
4116312916
4115986897
4116368265
4115946820
4115681221
4116469540
4116582614
4116130322
4116350298
4116378510
4115907277
4115983136
4115655378
4116598794
4116058819
4116481841
4116366457
4115650629
4116572826
4116112693
4116501157
4116505236
4115703102
4116061130
4115795514
4116306938
4115647658
4115884407
4115653864
4115895718
4116293859
4116274481
4116268650
4116040496
4115924345
4115740824
4115706566
4116292129
4115705739
4115889528
4115837394
4116002538
4115867778
4115951307
4116009387
4116316713
4116327762
4115695412
4115849725
4115609962
4116125886
4115709124
4115991105
4115891810
4116351892
4116229367
4116448504
4116386804
4116013291
4116005109
4116064499
4116407086
4115997802
4115617172
4115990028
4116053323
4116151682
4116210834
4116029228
4115757552
4115958000
4115607965
4116287238
4116411569
4116499583
4115868109
4116226456
4116521739
4116031298
4115988775
4115730671
4116400618
4116098716
4116502298
4116535585
4116501283
4116207098
4115908419
4115974610
4115674552
4116376021
4115918443
4115647346
4115775833
4115864754
4115612933
4116542524
4116203232
4116145316
4116575091
4115850167
4116283794
4116379207
4116512641
4116257142
4116357667
4116512901
4116562150
4116462682
4116519728
4116290451
4116224072
4116051020
4115939076
4116444978
4115765494
4115652038
4115765526
4116166896
4115940654
4116534921
4116299015
4115819367
4115627607
4116226342
4116380839
4116196859
4116417222
4116324344
4116523055
4116403806
4116311163
4116432870
4116334215
4115942798
4116404963
4116046436
4115898687
4116091987
4115636245
4116151408
4115947607
4115806340
4115794200
4115697815
4115793977
4116233601
4115994073
4115985584
4116023164
4116027576
4116029431
4115750749
4115728353
4116456162
4116368762
4115692367
4116160216
4115903429
4116016981
4116082049
4116390458
4116342066
4115788202
4115990458
4115721358
4116241606
4116376068
4116600078
4115650822
4116543403
4116242204
4115881180
4116138177
4116162454
4116442454
4116390863
4115946057
4116063688
4115676611
4116097438
4116158101
4115892496
4115874272
4116569614
4115672518
4115660550
4116118483
4116122925
4116256427
4115737615
4116191539
4115752791
4115925567
4116200157
4116561919
4116315123
4116113704
4115718510
4115740451
4116546229
4116348088
4115862731
4116021881
4116183068
4115709486
4115947657
4116497476
4116472371
4116321524
4115705609
4116524276
4115920786
4116512672
4115996729
4115757927
4116063067
4115622837
4116494226
4116535012
4116083456
4115731169
4115731674
4115946336
4116505146
4116539135
4115656610
4115873659
4115886673
4115967125
4116168200
4115776514
4116363865
4116223317
4116301684
4116080941
4115630065
4116446558
4116574620
4115733088
4115756100
4115670201
4115770434
4116544172
4115798986
4116216094
4116207027
4116553101
4116234757
4116008623
4116323784
4116496043
4116557895
4116076922
4115786278
4116083355
4116326825
4116337658
4116291200
4115653022
4115686355
4116459925
4116184530
4115793759
4115866361
4115991196
4116376485
4116226999
4115823386
4116369104
4115924496
4116464939
4116100289
4116270298
4115681204
4115611114
4116359110
4115837967
4116450877
4115770129
4116072780
4116487348
4115959718
4115654633
4115821699
4116224182
4116234611
4115647462
4116007589
4116275952
4116279414
4116248615
4115705338
4115786407
4115828557
4116487995
4115979031
4116516111
4116404256
4116477656
4116041113
4116429253
4115648805
4115828388
4115707564
4116317972
4115941662
4116352239
4116296008
4115797875
4115682200
4115977012
4116103216
4116481860
4116112620
4116236254
4116286899
4116120789
4116559744
4116451519
4115971246
4115929888
4115932869
4116100888
4115756166
4116556044
4115788664
4115809558
4116103729
4116147820
4115770659
4116507472
4116156332
4115697853
4115975259
4116532365
4115914563
4116503658
4116016898
4116426811
4115893198
4115751370
4116499524
4116232439
4115795120
4115729822
4115627932
4115975305
4116531161
4116311254
4116419726
4116432102
4116588739
4115795531
4116363437
4116157679
4115656567
4115908164
4115746388
4116129391
4116113479
4116074483
4116272815
4115662303
4115993811
4116167799
4116455666
4115676644
4115952839
4116174683
4116450782
4116380109
4115962969
4115888851
4115814593
4115830871
4116209805
4115818563
4116262068
4116498859
4116430067
4116070074
4116418141
4116559965
4116334822
4116106801
4116072109
4116063597
4115781260
4115880399
4116581857
4116039495
4116265947
4115907750
4116066628
4115633221
4115802128
4115970677
4116227625
4116311466
4116483960
4116012454
4116313587
4116215590
4116108009
4115739983
4115833038
4115929431
4116380615
4116386611
4115662645
4116462148
4116193666
4116174912
4115743469
4115707170
4115967957
4116225233
4115695878
4115787537
4116215431
4116576556
4116507935
4115843678
4115626347
4116202051
4116068001
4116090241
4116093793
4116532725
4116507905
4115874590
4116086165
4116351500
4116092864
4115924102
4115991293
4115708990
4116010220
4116454133
4115851486
4116558062
4115983455
4116144276
4116425862
4116589162
4116526717
4116088694
4116525457
4116128237
4115654136
4115730909
4116014565
4116575644
4115693710
4116262644
4116006136
4116425035
4115935239
4115797140
4116334471
4115854520
4115655162
4115967618
4115675615
4116181324
4116027207
4116085997
4115628055
4115702943
4115838043
4116112114
4116167441
4115655539
4115703538
4116011226
4116042366
4116363574
4115768014
4116467609
4116412761
4115750403
4116145731
4115609679
4116037993
4115615519
4115947885
4116403080
4116154242
4116446526
4116411958
4115673470
4116243714
4115669309
4116114451
4116220948
4115602966
4116178216
4116209094
4115884186
4115746293
4115810484
4116284251
4116267918
4116214177
4115608963
4116108589
4116440791
4116481388
4115797541
4115915680
4116216074
4115746478
4115655763
4115872999
4116527528
4115724882
4115743029
4115994365
4116596316
4116544456
4116216987
4115783854
4115682430
4116547218
4116145862
4116356237
4115838805
4116515514
4116087710
4116598718
4116166863
4116179608
4116184635
4116002412
4116439177
4115869710
4115797342
4116084817
4115862027
4115750029
4116441207
4116412595
4116588299
4116057936
4116245919
4116320931
4116532839
4115635807
4116251805
4115951934
4115823277
4116470923
4116515748
4115966702
4116240790
4116373302
4115908497
4116108136
4116111172
4115695306
4116277679
4115680814
4116481034
4116131967
4116097012
4115801549
4116039330
4116308888
4115646276
4115625566
4115940790
4116450980
4116390315
4116272902
4116358746
4115671679
4115991013
4116582072
4115666638
4115772881
4116320984
4116383280
4116316350
4115823307
4116108183
4116549815
4115890052
4115909423
4115812831
4116581156
4115699555
4116170695
4116566810
4115891800
4116493003
4116119403
4115608673
4116460927
4116334298
4116400510
4116243188
4115660627
4116417751
4116116144
4115893122
4115947930
4116288951
4116182075
4115630758
4115791717
4116031003
4116100839
4115661030
4115950418
4116347214
4116292616
4115758324
4116549513
4116152009
4115693053
4115832239
4116222721
4115698160
4115603697
4116238305
4116405050
4116094420
4115718620
4115780736
4115665025
4116401905
4115790017
4115848943
4116537266
4115912943
4116034352
4115745724
4116227951
4116473380
4116600515
4116435362
4116184876
4116413839
4116439267
4116411719
4115675685
4116597020
4115947778
4115776509
4115951012
4116137252
4115607840
4116097986
4116132030
4116375148
4116305800
4116122882
4116177428
4115684835
4116113490
4116506386
4116362837
4116511718
4115901409
4116500853
4116542585
4116247614
4115942757
4115873753
4116138821
4115650207
4116549528
4115676057
4116271435
4116014505
4115850115
4116495994
4116436009
4115629033
4116592376
4116210864
4115706567
4116533910
4116227671
4115740761
4116240988
4116390230
4115926348
4115638078
4115699496
4115892025
4116369677
4115658455
4115984953
4116573051
4116148382
4115690182
4116238376
4115891012
4116146511
4116486169
4115817755
4116348201
4116314234
4115971914
4116274115
4115930282
4116023624
4115613312
4115656925
4116163060
4116008683
4116122702
4116541364
4116236639
4116356963
4115620721
4115815451
4115856240
4116060156
4115971349
4115744948
4116501910
4116563084
4116367438
4116034542
4116404078
4116107255
4116322913
4115723841
4116158912
4116497389
4116505659
4115757874
4115751490
4116472617
4116407350
4116441940
4116234643
4116083889
4116530841
4115980995
4116050047
4115810843
4116148759
4116052520
4116025279
4116190724
4116100877
4116185402
4115689528
4115895705
4116580742
4116133050
4116405817
4115888208
4116466169
4115951796
4116131776
4115627629
4116553671
4116542530
4115909812
4116226624
4116117632
4115971594
4116325161
4115805540
4116012893
4116583549
4116345121
4115934592
4116275781
4115623769
4116591048
4116210183
4116400714
4115890854
4116546486
4115857210
4115966251
4116421946
4116225903
4115853090
4116332690
4115984759
4116139555
4116293273
4115896278
4116477962
4116322736
4116287424
4116005752
4116531756
4116138653
4115892808
4116178535
4116471203
4115644960
4115662636
4116426430
4116242752
4116187479
4115847859
4115610179
4116067808
4115706064
4116586288
4116123560
4116357933
4116531779
4115789956
4116330828
4116564316
4115815700
4115758233
4116261945
4116099438
4116254228
4115704038
4116598886
4116124977
4116544255
4115898736
4116509300
4116344191
4116217534
4115819525
4115688818
4116168252
4115876325
4115602817
4115764443
4115982043
4116565939
4116195339
4116001812
4115859543
4116344023
4116048214
4115904817
4115739132
4115720871
4116249955
4116072880
4116047453
4115676137
4115697916
4116044283
4115891421
4115721740
4115941049
4116507752
4116551337
4116502638
4116315900
4116323706
4116065595
4115939798
4116111414
4116516063
4116482582
4116231736
4115903970
4115696562
4116172814
4116596854
4115833351
4116456760
4115811584
4115943196
4116592633
4115836453
4116029524
4115863010
4115919511
4116356567
4116548032
4116549420
4116481228
4115711511
4116380997
4116307979
4116356752
4115759901
4115898546
4116591674
4116172645
4116228811
4116416479
4115894692
4116585117
4116347055
4116014769
4116588059
4116036817
4116193092
4116364763
4115935520
4116430505
4115903215
4115716825
4115713120
4116045273
4116422276
4115760244
4116300659
4116033951
4115634240
4116400195
4115739102
4116375625
4116355470
4115833894
4116368784
4116120363
4115620997
4116356107
4116393830
4115677931
4115870631
4116601516
4115732905
4116286904
4116483426
4116064525
4115880844
4116237644
4116153936
4115705344
4116436401
4115714543
4116096952
4116581090
4115999267
4115936949
4116124813
4115772446
4116011036
4116534589
4116512812
4115645287
4116589310
4116145586
4115966752
4115628928
4116407132
4115935756
4116123872
4116565750
4115782704
4116486670
4115794254
4115952098
4116412772
4115688007
4115982839
4115651049
4116550668
4115821395
4115624599
4116390334
4115616744
4116152602
4116511829
4115737565
4116501925
4116316558
4115985857
4115771408
4116164187
4116351727
4116323035
4116117420
4116447822
4116529416
4116146189
4116380946
4116493614
4115726641
4116472622
4116314865
4116220121
4115928205
4116213119
4115815936
4116304663
4115849612
4116036591
4116356102
4116561947
4115915176
4116175705
4115894165
4115790406
4116205546
4116126659
4115842632
4115955685
4115773284
4115661920
4116579211
4115830000
4116008374
4115885005
4116075537
4116241420
4115919755
4115908117
4116030301
4116428424
4116482907
4116192558
4116107004
4116020129
4116499945
4115707003
4116099144
4116149952
4116195013
4116594250
4115963748
4115683000
4116194505
4115607574
4116039876
4115828555
4116585054
4116111621
4116221988
4116481893
4116239350
4116425001
4116255822
4115767965
4116555729
4116281537
4115941080
4116282553
4116072443
4116001783
4116000865
4116229608
4116031690
4115896801
4116006617
4116592904
4115659682
4116582722
4115994296
4116485344
4116097779
4116323208
4115613891
4115633317
4116067959
4115770638
4116128972
4115936119
4116440183
4116459097
4116093425
4115794531
4116060293
4116457693
4115850203
4115907232
4115786434
4116298616
4115791359
4116000724
4116363863
4116142516
4116483742
4115713103
4116087421
4115854663
4115604742
4116439245
4115961464
4116308116
4116530000
4116113270
4115782358
4116553257
4116486946
4116552736
4115728242
4116474112
4115620909
4116371913
4115845749
4116191361
4116550063
4116212639
4115832785
4115664828
4116425648
4116237242
4116522695
4115972210
4116394694
4115757023
4116048672
4116451723
4116176851
4115852925
4115955126
4116460767
4115763268
4115654129
4115971626
4115749040
4115964434
4116118020
4115745965
4116140396
4115912067
4116095529
4116180410
4116140141
4116358695
4116597826
4116505432
4115847994
4116206301
4115644763
4115935898
4115895686
4116513806
4115864619
4116350817
4116086638
4116215215
4115917912
4115776790
4116592318
4115921281
4116040881
4116452019
4116040234
4115807187
4116475188
4116575673
4115759767
4116468092
4115618248
4116208441
4116348370
4115736995
4115826690
4116174734
4116059989
4116129786
4116178210
4116298463
4115645511
4115898940
4115678997
4116422112
4115730427
4116427253
4116125619
4116191823
4115985774
4116188344
4115939264
4116362553
4115865931
4115859304
4116243053
4115673461
4115988008
4115855538
4116461205
4115947493
4116127625
4116590223
4115715331
4116350138
4116551322
4116411077
4116089449
4116277871
4115836600
4116496485
4115996457
4115662411
4115793767
4116030924
4116134414
4115877986
4116022234
4116239908
4115622545
4116594707
4116139568
4116219298
4116470486
4115762312
4116139507
4116423368
4116276846
4115819195
4115828185
4115968738
4115617814
4116475630
4115913989
4116480971
4115842421
4116268080
4115692166
4116566695
4116053663
4115757661
4116409109
4116064489
4115671318
4116404252
4115685529
4115662925
4116410757
4115985761
4116494628
4116512540
4115837766
4116070635
4116209397
4116399469
4116332572
4116126085
4116501621
4116052832
4116048247
4115896262
4115688637
4116519715
4116157557
4116188371
4116358733
4116387760
4115788829
4115893914
4116216916
4115722059
4116029348
4116231128
4116296429
4115703750
4116360170
4116076050
4115968606
4115962686
4116107644
4115779229
4116434905
4116401629
4115888018
4116491799
4115929788
4115736600
4115700624
4116291310
4116509011
4116563569
4116415943
4116477078
4115735443
4115890101
4115633075
4116378197
4115742495
4115857341
4115995900
4115658106
4115979077
4116537582
4115867703
4116027999
4115629248
4115655867
4116036645
4116526380
4115652661
4116377376
4116311217
4115721493
4115621624
4116256807
4116435124
4115904345
4115863687
4116144613
4115812019
4115776579
4116059595
4115857595
4115659869
4116311723
4116589596
4116582103
4116334671
4116192756
4116190652
4115766451
4116588882
4116508366
4115690137
4115750355
4116216730
4116556595
4115615437
4116565833
4116455431
4115605803
4115679392
4115904051
4116112869
4116304010
4115987330
4115862905
4116390638
4115891759
4115762900
4116138322
4115703300
4115754118
4115913246
4116206398
4116557306
4116526917
4116534872
4116370571
4115841547
4116173424
4116247971
4116049874
4115748831
4116123094
4116317647
4115843832
4116340299
4116112980
4116410518
4115937328
4116474831
4116234831
4115699933
4116576822
4115739480
4116524284
4115604343
4115712340
4116357694
4115853914
4116124387
4116246431
4116565701
4116489141
4116552588
4116504697
4116153630
4116087011
4116347462
4116173326
4116361445
4116413640
4115904790
4116373721
4116149538
4115730836
4116069992
4116563871
4116016010
4115763393
4116487705
4116063600
4116233534
4115839896
4115708077
4116478059
4116288841
4115706731
4115737943
4115851960
4115819108
4115801498
4116240630
4115605774
4115862260
4116231953
4116323156
4115846509
4115611464
4116219910
4116161448
4116351395
4116339805
4116417021
4116561747
4115729930
4116130460
4116484870
4116156964
4116240901
4115609177
4116385084
4116510742
4116139976
4115770260
4115947717
4115665999
4116396560
4115736569
4115945303
4116446433
4115976549
4115660386
4115941615
4115935179
4116217885
4116429202
4115808217
4116450615
4116294682
4116296633
4116253166
4116542716
4115833865
4116255285
4115918031
4115834139
4116149731
4116519373
4116224749
4116421891
4115709421
4115982518
4115858819
4115892687
4115870074
4116323856
4115684311
4116480261
4116214246
4116323624
4116183615
4116211543
4116038874
4116052470
4116596312
4116297827
4115704397
4116464222
4116307343
4115664373
4116285952
4115732913
4116052506
4116492738
4116045759
4115652075
4115662462
4116084013
4116001060
4116321461
4116236233
4116094725
4116581718
4116170210
4115995862
4116283778
4116341508
4116283124
4115628622
4116313101
4115987500
4116485590
4116561828
4116152759
4116569753
4115972385
4115818134
4116296830
4116584094
4116079002
4115891441
4116096206
4115707806
4116002800
4115850444
4115908220
4116153094
4116567808
4115645769
4116208779
4116190607
4115703123
4116360729
4116431657
4115968383
4116131165
4116237175
4115875312
4116415398
4116325374
4116271338
4116457192
4116598244
4116476610
4115630342
4115660481
4115781791
4116013091
4115857897
4115889564
4116400655
4116224452
4115625152
4115760833
4116389045
4116420149
4116009858
4116549416
4116432029
4115611188
4116032241
4115712691
4116005346
4115749224
4115636254
4116498544
4116389929
4116589350
4115741540
4116104601
4116539042
4116129839
4116357482
4115845909
4115986572
4115996462
4116361764
4115962999
4115685743
4116584187
4116455185
4115800636
4116380322
4115787357
4116156156
4115620431
4115725893
4116021954
4116144572
4115890247
4116216838
4115900935
4116549750
4116553382
4116448158
4116504820
4116525848
4115803033
4116186835
4116457279
4116447262
4116354045
4115871030
4116075334
4115674640
4116112470
4116290404
4115958296
4115606143
4116013783
4115934600
4116434539
4115930637
4116121503
4115645525
4116485284
4116589924
4115657016
4115918030
4115784725
4115749372
4116149657
4115668991
4115944824
4116471576
4116071907
4115749187
4116094903
4116177927
4116379814
4116587583
4116033702
4116180773
4115658459
4116036003
4115661317
4115738329
4115948521
4116407918
4116332032
4116571799
4116033634
4115690537
4116117361
4116366110
4116594885
4116048297
4116064091
4116452729
4116111100
4116297615
4116194286
4116519936
4116008157
4115816137
4115946248
4115625814
4116270700
4115681361
4115857136
4115624362
4116415637
4116532011
4116167835
4115632441
4116555828
4116116201
4116460074
4116074312
4116160911
4115797544
4115975144
4115708460
4116586712
4115919763
4116495502
4115895556
4116576878
4115961117
4116026560
4116175931
4115954395
4115676041
4116580751
4116204297
4116165589
4115734500
4116506743
4115636849
4115816127
4115835335
4116529377
4115645635
4115725031
4116554968
4116590624
4115719705
4115829320
4115917639
4116217846
4115732188
4115957383
4116538835
4116390542
4116480446
4116540728
4116541957
4115863745
4115980927
4115711833
4115944050
4115799572
4116061354
4115967316
4116141436
4116270262
4115859735
4116017471
4115856975
4116459333
4115899305
4116515421
4115969702
4115702343
4116331408
4115760284
4115667973
4116267699
4116139718
4115879702
4116165759
4115645864
4115673684
4115983251
4116485103
4115801651
4115657996
4116473156
4116568705
4116068747
4116547022
4116204551
4116182952
4116203478
4116418053
4115816104
4116183975
4116572068
4116575786
4116149724
4116344651
4116601009
4116209982
4116082821
4116517998
4115715173
4116298321
4115953971
4116016308
4116378005
4115926336
4116338912
4115899663
4115939522
4115606193
4116407729
4115672188
4115950487
4115943895
4116460026
4116288005
4115913452
4116025714
4115726840
4115743295
4116556232
4116290894
4116460502
4115823180
4116273049
4115696065
4115886571
4116420120
4116556412
4116061743
4115722105
4116347102
4115666809
4116117384
4115708845
4115838307
4116019782
4116496454
4115948772
4116431351
4116342850
4115854514
4115701346
4116412793
4116170361
4116257695
4116298138
4116330194
4115994916
4116520747
4116407212
4115640759
4116434728
4115665474
4116130016
4116146153
4116375380
4116286749
4116432621
4116106614
4116157670
4116147005
4115791863
4115790264
4116135813
4116473459
4115891274
4116427411
4116513477
4116260186
4116149346
4116135545
4116254376
4116355929
4115626918
4116254503
4116088218
4116420259
4115833254
4116411175
4116325427
4115925240
4115725218
4116528463
4116323447
4115657316
4116509764
4116339519
4116336534
4116033342
4116063010
4115647205
4116141806
4116490472
4115642560
4116239610
4116428167
4116295571
4116403082
4115837315
4115624660
4115931194
4115894620
4116088595
4116237622
4116458660
4116373948
4116552838
4116470394
4115674404
4116091292
4115877062
4116051736
4115728731
4116443227
4116278600
4116148852
4116026867
4115807747
4116416397
4116275807
4115777315
4116421898
4115737252
4116472662
4116310000
4115742803
4115985316
4116037439
4116410088
4116224236
4116533941
4116574577
4116260583
4115658896
4116140806
4116376362
4116130900
4115706405
4115623126
4115862297
4116427746
4116029693
4116374509
4116456788
4116192594
4115858135
4115690146
4115738913
4116502254
4116527388
4115611221
4116165871
4115765517
4115762661
4115641780
4116068636
4115983444
4116541618
4116553208
4116273583
4116210033
4115893682
4116569063
4116003420
4116158496
4116086591
4115847314
4116274886
4115709224
4116454497
4116255638
4115852214
4116584221
4116137481
4116412701
4115610791
4116192542
4116239829
4116120540
4115939836
4115777750
4115663249
4115945173
4115999494
4116277436
4116223922
4116566228
4116219968
4115654997
4116143579
4115864244
4116211285
4116567919
4115834522
4116595162
4116278359
4116495782
4116482089
4116290998
4116105927
4116109986
4115664816
4116214983
4115904850
4116382677
4115750463
4116086870
4115740560
4116144254
4116286615
4116223735
4115717446
4115609962
4115624864
4116548110
4116174947
4116111408
4116273842
4116224582
4115669508
4115909683
4116206543
4115957465
4116255730
4115932962
4116094116
4116008717
4116547424
4116311098
4115957966
4115618163
4115613680
4115814528
4116379729
4115664617
4115622765
4116496713
4115648929
4116058327
4116251345
4115707572
4116556187
4116471155
4116364926
4115987308
4115865482
4115745663
4116599687
4116269801
4115703653
4116590728
4116420454
4116251630
4115805901
4115993063
4115995589
4116067786
4116059730
4116214466
4115913976
4116527065
4116295597
4116082889
4115650303
4116581763
4115817477
4116369147
4115614983
4116039546
4115879149
4115897377
4116206504
4115840958
4116377314
4115897232
4115611686
4115919258
4115738127
4115836650
4115909490
4116382182
4116218506
4116025691
4115786407
4115939333
4116306711
4115809438
4116405904
4116190951
4115775458
4115934967
4116279007
4116122310
4116483463
4116562616
4116400373
4116572074
4116186636
4115929727
4115761183
4116568104
4116265571
4116285556
4116571158
4115900509
4115829291
4116048654
4115898876
4116230325
4115952942
4115719565
4116098531
4115808936
4116247010
4115694079
4116421319
4116045881
4116056939
4115699325
4116189649
4115612792
4116566869
4115996141
4115666900
4115741631
4115875228
4116595008
4115822034
4116576055
4115612070
4116311411
4116591351
4116379858
4115776069
4115617424
4116170586
4115780304
4116132727
4115618796
4116349953
4116543165
4115768168
4115999785
4116441435
4115711407
4116332718
4116217331
4116432198
4116455754
4116332490
4116460549
4115693385
4116099774
4116547435
4115984739
4116513369
4115880645
4116108267
4116185504
4116485718
4115617128
4115876498
4115682968
4116001101
4115799417
4116125137
4116102324
4116296373
4115762392
4116117575
4116437547
4115988276
4115639537
4115828093
4116422205
4116115866
4115961658
4116498411
4115695352
4116509923
4116436088
4116579699
4115837238
4116377655
4115966200
4116207715
4116096539
4116490028
4116329688
4116133302
4116486809
4115657920
4115958846
4115769233
4116115629
4116502881
4116062045
4115955144
4116280673
4116335015
4115916022
4116354264
4116201483
4116475991
4116073042
4116552621
4116550155
4115950432
4116336331
4116503644
4115853070
4116591199
4116575554
4115964775
4116578063
4115916253
4115889320
4116022270
4116511699
4116593357
4116486904
4116140411
4116351914
4115880273
4115863161
4115639011
4116480820
4116303797
4116177086
4115890282
4116369623
4116507632
4115678503
4116138285
4115685131
4116371432
4116303136
4115842039
4115757137
4116516140
4116569440
4116047871
4115988789
4116598522
4116156649
4115684455
4115650898
4116001529
4116003788
4116139708
4116333964
4116251390
4116542884
4116324283
4116015957
4115612425
4116348696
4116384968
4116244651
4116451207
4116496667
4115874230
4115946006
4116304336
4115813550
4116006660
4116418348
4116281704
4116421723
4115879900
4116067279
4115773440
4116043065
4116227349
4116091180
4116460276
4116588269
4115812528
4115970877
4116343180
4116419301
4116402909
4115739077
4115616765
4115828829
4115737333
4116057432
4115766184
4116427740
4116548863
4115788818
4116202520
4115669750
4115997165
4116364893
4116581702
4115732489
4116206366
4116300654
4115603542
4116364802
4115980828
4116428807
4115826010
4115852376
4115631902
4116467317
