200 15
320 313 443 972
214 557 265 963
243 852 848 719
205 17 933 631
183 664 542 666
77 626 850 298
38 925 912 361
305 954 161 235
244 725 639 468
930 836 122 215
905 200 885 17
464 290 3 172
424 454 234 186
165 271 829 190
964 573 968 188
760 445 214 530
348 93 418 132
512 816 830 901
469 368 599 169
663 7 349 740
903 842 472 910
94 958 649 360
945 891 365 446
17 277 621 633
432 814 300 853
538 998 0 333
698 429 764 169
258 609 850 278
688 7 231 483
749 862 846 328
156 987 698 580
268 517 57 389
314 820 194 599
557 809 154 357
359 514 309 779
660 626 737 745
828 582 424 95
768 136 296 697
489 957 183 36
769 865 626 533
735 912 198 952
400 875 4 564
782 31 156 438
323 12 993 522
361 896 763 348
94 662 70 951
111 946 146 135
497 117 395 346
829 582 266 132
572 426 741 299
689 26 483 668
673 686 870 438
165 752 344 123
734 61 447 910
59 454 652 752
30 622 267 946
746 950 407 488
561 874 364 580
438 874 205 909
116 233 947 620
530 631 237 586
175 680 843 68
580 62 916 686
259 452 308 844
949 681 604 728
127 934 813 467
657 390 858 525
344 718 778 447
890 511 969 863
487 888 882 560
510 186 879 123
76 476 948 196
678 496 25 309
556 368 833 315
910 597 204 693
237 204 234 852
228 40 59 604
884 53 1 13
161 230 629 174
906 709 486 921
243 946 945 4
286 112 342 449
672 456 449 269
947 593 319 63
129 342 550 844
470 945 339 807
374 675 97 424
897 481 222 741
11 2 675 714
342 153 763 917
764 580 748 194
671 694 811 494
461 213 560 106
319 651 144 318
588 148 482 99
16 374 69 544
577 440 67 717
800 691 412 712
354 767 805 893
342 279 77 851
965 115 484 520
439 949 147 629
47 198 902 243
642 233 677 948
88 436 942 258
80 216 316 667
108 791 741 636
162 278 735 304
27 902 583 958
144 695 207 265
917 418 459 848
29 981 429 840
939 577 39 817
337 570 594 576
753 926 692 848
159 138 433 720
526 138 476 335
749 629 667 837
963 832 847 218
462 541 749 356
125 525 3 122
954 540 897 642
530 576 382 250
809 136 289 51
489 210 236 20
711 226 64 388
715 547 737 675
602 410 571 37
751 431 382 192
171 648 617 672
303 292 677 920
772 248 873 83
150 480 751 974
23 742 72 649
56 448 838 434
364 380 129 177
462 805 593 918
404 526 526 176
1000 125 670 241
83 686 380 390
324 560 954 383
485 240 457 663
92 302 835 912
424 846 634 334
872 692 726 767
301 730 327 382
166 430 508 554
314 218 430 398
305 68 945 486
41 585 544 477
294 158 695 451
58 188 230 515
657 771 862 989
39 404 663 798
549 14 171 686
423 965 730 28
149 131 513 846
452 366 122 670
554 913 34 97
697 63 402 925
833 411 275 141
978 813 639 453
713 852 544 270
310 520 122 833
186 106 49 758
760 806 360 61
725 446 305 933
188 841 142 340
527 711 495 324
520 298 426 353
243 728 925 255
155 625 237 149
0 444 340 785
194 51 142 617
640 138 147 421
834 64 710 949
220 637 894 372
181 29 854 229
709 23 76 847
648 311 326 769
183 512 398 429
666 390 21 898
205 502 659 340
541 618 76 410
989 212 629 164
224 80 24 611
138 963 481 496
617 581 456 207
56 414 143 62
953 993 515 935
265 588 516 941
830 377 676 391
335 177 389 396
167 155 668 901
746 897 3 155
478 236 120 991
262 612 517 283
458 459 159 235
130 882 62 171
923 334 670 479
0 0
0 500
0 1000
500 0
500 500
500 1000
1000 0
1000 500
1000 1000
250 250
250 750
750 250
750 750
500 300
500 700
