93 1
676 593 830 124
865 582 81 458
527 969 340 886
326 869 760 292
929 999 716 528
221 290 620 863
754 797 183 915
145 8 38 176
457 945 971 997
932 44 840 230
646 995 342 466
335 145 420 517
413 439 728 316
404 278 394 971
892 417 24 986
782 476 959 239
199 494 180 526
118 910 529 400
272 828 466 115
473 904 930 933
979 356 436 775
552 351 81 383
536 767 443 927
752 877 407 813
693 908 84 811
382 745 167 835
764 682 116 61
170 379 849 893
573 140 499 112
549 496 438 187
84 381 693 504
431 599 945 989
413 971 331 461
101 936 959 143
90 817 864 984
561 288 416 51
45 851 351 832
257 327 785 314
521 110 493 897
32 219 460 348
523 295 206 820
966 119 928 448
568 296 139 940
526 461 676 102
333 323 765 111
903 628 217 959
678 417 311 240
903 776 829 612
298 231 28 936
237 446 246 250
64 669 230 880
816 728 234 364
738 166 479 904
459 695 397 86
120 795 973 800
559 364 810 188
994 531 505 65
903 127 922 131
128 501 575 427
532 294 72 363
292 23 321 969
478 140 18 366
490 728 433 829
548 803 598 78
811 448 26 950
395 600 713 766
838 650 787 194
783 17 118 711
368 348 182 888
614 202 338 944
255 738 744 633
155 473 14 285
551 872 731 154
964 884 668 494
844 945 690 850
212 991 178 169
835 871 127 932
216 549 488 404
423 270 257 930
252 984 221 43
578 230 179 424
985 958 744 672
349 331 618 977
694 271 695 360
478 999 641 442
966 951 339 130
327 256 624 345
296 427 718 232
485 762 151 775
309 330 553 385
865 859 695 671
915 142 611 315
857 376 795 204
10 758
