118 2
520 523 673 396
803 511 609 761
539 665 770 320
404 591 1 526
773 98 18 292
576 57 506 763
823 491 242 974
641 286 798 717
557 190 13 454
286 295 388 353
452 921 786 322
52 471 789 252
661 474 645 499
285 29 141 770
229 807 894 790
692 297 338 553
712 377 480 655
606 684 603 214
809 267 962 58
541 153 529 925
548 894 420 922
410 455 249 882
745 481 494 652
135 307 151 500
125 370 268 395
265 234 458 929
492 817 812 844
531 194 553 529
34 483 481 6
312 357 192 869
540 126 437 807
887 96 33 351
555 781 217 991
317 234 410 991
549 5 187 906
85 502 231 1000
263 412 977 508
250 921 805 820
30 405 780 586
686 147 430 519
956 138 233 206
311 496 52 588
764 655 740 99
120 332 884 394
779 905 947 403
173 319 303 640
599 232 337 969
27 115 553 279
996 451 175 283
475 117 372 823
155 156 207 798
156 32 108 968
794 887 817 346
560 221 735 312
296 495 340 602
176 284 530 949
994 487 426 323
897 152 595 768
34 838 400 715
184 149 673 351
595 810 474 133
22 104 898 69
482 206 540 453
257 395 443 505
455 432 346 383
965 296 40 463
980 448 556 910
499 858 512 579
933 378 692 670
546 863 3 771
671 397 830 189
798 771 172 10
252 740 81 527
372 676 382 636
161 136 702 121
988 648 982 928
830 776 239 442
788 124 747 194
773 782 681 750
857 941 278 109
421 422 707 137
528 799 748 910
723 448 978 486
357 345 610 714
214 847 744 281
3 449 826 700
434 261 714 348
850 712 218 694
472 576 81 614
623 486 818 866
744 539 811 591
558 156 916 834
202 207 994 565
981 551 337 594
188 374 67 157
649 295 941 193
635 542 435 384
855 32 796 541
496 710 686 372
350 442 539 33
195 481 495 277
339 967 746 796
87 487 548 708
623 742 533 682
364 98 530 454
97 884 823 705
61 57 294 863
818 92 268 916
335 978 796 751
270 291 399 331
798 625 645 62
590 51 642 238
551 83 950 403
637 421 238 995
667 988 866 558
764 155 187 384
617 476 939 39
119 593 760 749
666 18
252 849
