79 10
69 7 80 421
728 662 370 993
999 148 108 161
736 295 687 567
254 474 505 974
214 126 526 585
90 31 430 711
464 178 475 976
125 837 987 382
372 165 150 936
86 65 96 893
29 400 44 790
788 713 780 990
556 23 861 998
750 249 706 979
941 957 747 465
297 339 449 117
139 179 227 862
303 448 140 500
41 569 127 666
812 26 78 191
251 653 867 123
613 132 792 925
518 778 698 934
244 870 256 136
459 116 451 350
513 556 258 299
665 388 380 730
483 621 583 482
188 937 652 96
940 140 780 220
874 417 336 966
317 405 82 719
390 802 663 144
675 866 387 996
778 959 46 72
659 735 612 301
70 943 367 478
724 840 915 732
815 967 368 382
97 197 335 244
471 250 165 970
977 760 374 478
116 501 23 177
149 493 218 528
558 685 157 295
385 311 306 881
798 525 986 543
845 469 996 15
925 603 459 741
894 294 584 648
117 340 151 90
858 500 724 564
199 249 739 579
210 860 302 912
165 650 428 31
776 43 60 570
56 492 996 598
292 458 743 239
863 887 863 578
880 910 983 796
852 888 207 985
651 285 269 403
615 76 41 859
740 788 869 997
444 936 781 532
716 906 83 543
130 720 562 613
528 13 711 753
127 123 780 23
696 707 334 269
336 54 881 544
491 444 287 580
826 384 969 55
795 270 174 145
947 257 807 514
383 49 843 536
336 628 700 523
710 595 363 18
425 321
996 532
793 737
820 170
958 725
423 186
875 261
390 401
805 691
352 985
