75 12
809 92 595 173
846 926 714 439
730 500 703 721
669 404 171 268
6 181 578 581
204 959 84 637
185 813 706 570
571 793 64 147
380 829 91 749
328 591 7 106
788 334 964 378
84 316 436 110
408 4 522 633
387 703 111 815
396 949 583 410
978 661 752 578
967 463 638 237
497 358 756 91
663 989 552 227
427 590 404 247
3 797 962 494
316 707 373 695
108 733 861 334
174 531 284 460
423 510 975 542
32 884 196 664
543 96 730 651
39 455 843 943
511 413 72 847
944 183 471 121
400 469 738 384
550 625 997 626
847 674 715 891
358 232 828 744
911 155 53 794
941 337 576 650
332 739 368 719
462 295 307 760
432 232 86 815
291 473 308 13
578 674 372 843
496 515 32 178
475 807 201 143
380 249 278 961
134 392 793 518
583 486 957 994
135 217 117 466
644 256 623 525
710 430 85 544
203 620 948 84
866 551 133 533
166 719 115 700
146 723 617 107
424 782 189 810
656 765 267 162
775 247 202 191
961 29 175 12
549 322 964 78
925 222 93 196
795 347 358 954
436 567 604 298
202 695 985 654
842 954 986 620
410 247 779 593
200 501 456 8
263 499 48 196
117 162 788 426
843 695 185 923
671 305 832 501
286 355 245 139
422 445 159 996
793 157 198 275
812 661 309 949
115 290 193 742
450 914 268 91
555 210
208 218
716 914
812 390
563 162
949 90
357 285
346 78
781 43
173 784
37 264
55 809
