65 11
889 632 821 381
741 960 518 545
264 545 883 718
754 794 259 932
145 138 587 663
65 557 416 157
608 292 842 992
850 158 523 551
499 185 295 701
919 801 452 618
984 746 808 286
441 780 682 447
300 293 978 235
205 321 3 59
262 173 376 240
785 294 63 222
561 364 480 436
664 361 50 629
153 870 37 908
204 969 606 131
908 867 328 63
281 957 499 214
618 186 44 372
529 539 218 77
900 622 287 40
679 89 736 813
620 905 175 903
401 57 224 853
685 674 977 639
704 184 709 418
946 649 24 3
922 919 847 102
203 746 72 900
802 430 874 194
303 724 605 583
845 797 88 855
868 197 150 663
838 726 546 783
356 404 751 529
790 778 225 441
640 553 852 645
166 244 208 723
22 492 794 379
39 562 604 281
576 935 405 555
1 672 946 537
206 63 896 769
609 807 138 109
749 609 185 782
930 993 0 852
385 910 103 139
104 527 538 203
39 376 763 833
701 220 946 185
119 396 567 603
498 137 692 303
63 769 161 905
963 515 922 240
671 606 520 338
55 832 64 879
950 273 119 943
207 438 548 288
884 297 202 701
384 58 810 782
714 916 405 679
892 113
458 429
583 190
204 585
15 734
133 541
640 494
988 293
641 819
913 580
137 829
