134 14
464 855 542 225
618 778 119 579
726 693 722 609
675 53 439 294
6 542 73 69
460 997 770 419
75 766 452 442
472 988 479 926
889 828 255 947
50 754 535 175
551 261 150 453
684 301 543 433
796 852 419 892
45 135 89 23
278 480 975 247
854 344 334 782
305 136 64 701
441 327 77 500
318 966 926 116
605 580 957 685
20 304 175 323
960 29 171 648
337 471 832 179
626 745 916 408
994 788 791 712
898 181 948 962
860 938 342 185
547 511 929 398
722 18 341 990
403 979 812 192
477 50 692 220
546 653 380 999
810 527 535 975
993 815 41 597
473 911 209 387
472 589 607 264
397 933 141 487
100 282 837 629
222 475 352 973
206 812 712 63
478 789 964 631
356 841 393 896
611 572 853 870
709 153 807 145
168 51 848 530
127 391 222 21
432 353 521 316
532 558 550 557
594 948 145 647
340 316 940 517
500 943 662 674
7 918 408 55
434 907 350 179
185 622 121 892
537 445 38 38
819 905 130 640
715 609 664 382
535 590 447 707
999 248 794 542
513 80 878 811
314 817 43 103
120 671 190 156
286 704 857 988
782 498 990 142
145 373 339 555
724 515 890 514
816 802 929 89
468 105 462 84
946 108 576 884
230 857 961 324
320 547 597 178
395 850 147 23
644 867 967 594
377 259 648 741
78 773 570 445
513 760 990 984
534 142 753 290
903 353 773 497
127 754 169 636
586 726 781 754
367 566 969 308
251 222 197 939
438 852 260 216
737 200 615 237
999 699 902 352
1 771 53 296
344 106 182 926
240 201 162 304
980 811 402 647
620 789 938 305
438 988 575 117
99 294 250 609
923 382 860 380
570 351 251 172
358 497 521 945
351 11 786 944
818 832 134 936
407 296 672 723
146 611 712 526
989 59 672 826
200 527 320 70
289 969 665 113
724 143 47 344
612 367 149 697
938 787 839 525
568 687 362 42
856 403 578 778
794 781 493 568
756 640 74 515
412 619 599 642
268 767 288 987
60 575 921 581
200 783 187 634
147 4 501 691
358 156 337 385
231 728 57 21
748 977 930 669
932 597 364 895
720 852 385 158
210 591 57 804
136 363 584 720
796 543 362 530
972 498 783 616
925 92 701 328
398 581 92 635
100 235 105 195
113 44 394 215
803 945 275 249
369 401 607 160
715 31 133 337
948 670 900 686
570 63 114 694
170 441 297 938
557 736 941 4
11 123
920 916
723 453
24 708
884 327
222 311
502 130
763 648
561 40
69 115
211 374
821 134
890 425
734 42
