129 11
771 380 996 75
727 10 11 678
504 390 104 179
16 448 614 520
713 722 549 618
637 403 762 600
515 613 100 512
886 44 650 720
365 92 212 753
318 698 705 515
671 161 175 752
210 804 639 374
35 849 978 843
991 105 166 21
701 966 821 813
199 871 101 681
106 545 73 3
436 500 474 893
596 536 305 495
788 88 973 695
346 668 296 448
311 75 533 37
877 120 524 30
741 758 74 616
17 111 731 638
115 491 776 217
27 211 970 778
656 720 785 886
596 365 625 446
216 791 503 373
47 699 46 112
815 537 395 309
545 933 630 621
969 306 991 703
212 865 119 78
685 884 368 697
945 272 159 206
21 643 336 764
499 309 381 314
71 855 242 152
779 481 873 570
529 394 422 663
803 109 128 931
886 542 683 948
185 873 609 617
681 847 536 946
388 155 780 723
906 577 692 669
80 142 388 829
614 50 276 410
78 791 632 889
233 341 914 924
812 135 955 520
152 709 207 590
337 745 788 564
697 812 889 380
434 687 175 768
589 280 903 66
480 889 477 89
637 291 930 210
210 253 836 735
740 622 104 106
73 273 733 307
149 764 609 782
920 329 180 927
368 875 12 337
706 528 28 52
862 649 15 458
88 208 758 786
680 339 63 288
352 685 454 940
689 150 365 415
697 980 503 0
651 558 153 513
62 235 363 543
615 411 57 892
714 201 460 15
477 471 232 858
264 338 940 652
943 911 21 673
555 409 978 41
623 99 53 428
774 794 15 925
160 345 569 262
323 7 295 84
632 422 333 937
671 37 205 6
927 897 37 316
812 476 861 191
511 985 62 472
794 883 66 589
848 267 857 818
98 674 794 60
726 201 47 45
376 832 801 405
326 754 554 884
707 200 133 409
675 371 942 821
285 521 737 693
265 68 684 134
2 434 487 300
789 871 499 888
921 66 200 589
28 78 474 489
458 805 665 442
807 318 333 534
401 26 872 740
33 927 181 669
48 833 59 914
812 36 905 840
730 55 852 975
819 837 435 41
961 986 552 175
241 940 939 681
934 634 11 660
290 612 80 125
136 329 694 10
254 243 149 141
607 78 422 187
607 72 729 171
392 466 285 650
186 724 419 51
872 395 604 94
758 94 852 118
555 154 498 681
942 455 895 406
582 257 703 809
235 504 168 762
603 218 532 360
11 49
791 675
920 214
572 856
809 520
523 336
734 17
661 521
894 81
246 870
160 278
