184 14
502 921 544 798
862 436 633 953
756 448 53 503
571 20 699 140
163 599 381 512
374 816 130 441
844 318 595 872
391 453 139 739
237 506 923 60
309 2 525 608
502 249 826 921
966 557 66 344
97 749 533 441
163 977 430 931
526 406 206 35
882 462 191 643
488 358 980 819
813 590 951 577
202 23 151 49
46 772 7 64
692 375 74 989
762 391 198 966
837 199 369 421
206 767 968 85
764 372 249 16
597 964 829 427
974 190 280 602
778 719 467 127
517 389 828 640
721 310 902 304
413 29 894 443
531 339 993 975
770 968 248 229
104 515 216 255
346 808 714 667
976 93 148 442
660 602 337 444
391 351 362 72
168 564 452 46
77 833 566 342
822 630 518 510
729 58 321 395
308 379 730 810
289 816 810 16
91 557 100 194
25 968 548 498
273 959 971 661
176 305 504 535
568 269 766 595
946 460 617 14
752 303 333 187
70 147 129 769
433 368 375 847
290 377 658 971
325 775 210 611
217 636 311 732
480 792 248 226
3 285 383 369
342 561 645 853
709 690 892 266
353 48 859 312
657 238 718 576
156 19 407 246
387 733 313 456
747 209 498 162
79 701 261 336
902 462 460 131
200 769 592 319
266 868 247 726
792 271 520 456
4 566 233 189
401 326 567 155
47 838 996 60
247 13 921 1
728 451 153 615
764 899 991 847
919 200 277 313
515 803 544 465
697 776 854 312
357 573 472 797
968 612 341 964
36 268 732 85
149 441 578 745
879 758 826 555
630 88 817 217
545 623 263 655
836 376 851 902
835 839 539 662
236 281 421 35
969 491 816 609
604 218 811 766
100 374 188 424
485 495 677 325
1 329 838 500
534 820 619 715
376 846 241 904
240 763 19 76
65 967 143 918
946 411 302 824
348 104 640 214
949 986 994 214
578 822 136 248
633 891 605 380
470 791 245 996
132 921 982 900
771 319 609 648
88 952 22 581
15 826 653 229
330 50 276 422
851 84 226 786
547 915 52 353
787 562 827 73
591 27 593 170
53 369 846 148
327 142 252 711
581 858 652 994
490 750 825 53
360 508 915 582
550 371 495 659
74 238 198 6
444 593 694 849
833 10 840 755
458 610 179 119
631 794 85 39
173 551 20 128
791 346 743 596
545 191 164 238
762 482 536 627
845 786 110 255
572 842 115 683
217 386 955 81
457 795 663 395
168 316 346 189
93 983 431 744
921 579 435 804
763 260 947 561
904 874 391 828
105 650 326 339
432 426 100 507
205 479 391 230
849 408 628 602
330 621 242 545
15 651 587 40
386 979 864 478
682 110 471 19
576 190 964 626
795 49 491 985
891 307 161 574
664 183 937 120
415 381 374 270
797 510 753 97
182 837 350 769
860 984 376 361
42 224 626 689
770 976 760 727
298 263 104 833
743 187 503 768
273 309 335 631
24 787 784 331
730 865 291 663
125 927 655 709
823 716 120 273
511 674 490 32
216 576 290 606
930 31 58 854
528 155 367 561
977 71 192 861
411 633 888 300
575 665 556 799
642 247 615 756
191 194 292 848
968 202 704 482
17 203 972 805
228 0 365 267
171 675 897 813
399 800 993 219
437 654 845 502
245 273 446 832
45 908 87 76
68 632 524 16
999 573 157 238
762 762 990 658
905 338 617 347
960 643 128 480
763 1000
721 940
297 796
566 760
508 601
542 250
652 129
535 212
27 333
81 955
283 912
489 405
3 969
61 595
