124 14
492 351 172 791
242 444 656 377
667 151 296 284
63 438 45 628
887 575 1000 355
476 315 133 754
929 447 817 265
732 723 869 698
825 13 113 964
850 654 788 578
958 670 213 105
506 979 289 351
733 724 220 78
560 666 583 643
537 471 203 978
415 637 827 151
843 433 874 459
972 487 891 997
856 310 482 26
611 617 947 455
923 540 548 927
983 956 667 750
427 445 318 162
20 539 388 929
798 32 800 815
922 760 254 712
49 418 612 273
868 254 934 748
93 151 51 392
710 755 2 276
781 661 216 220
215 557 149 467
338 355 389 123
532 975 53 476
547 821 720 657
873 828 793 458
11 924 169 135
239 715 385 327
223 906 30 79
481 938 664 325
194 874 14 487
824 159 801 222
558 627 580 591
628 905 248 725
138 794 256 788
54 455 787 728
533 189 867 968
747 541 891 753
714 733 771 495
656 866 492 160
811 551 735 305
290 587 262 920
591 776 263 389
230 183 139 314
100 384 329 686
879 99 532 286
524 371 972 190
86 351 790 893
46 805 901 770
966 465 856 965
797 643 976 19
969 398 129 962
515 449 387 150
603 333 44 324
377 886 170 362
24 907 791 671
788 418 506 223
375 695 624 331
58 372 712 996
885 38 48 48
682 701 929 277
462 688 586 555
565 693 606 94
691 209 34 595
471 247 888 723
913 511 70 153
851 112 673 533
442 294 934 974
512 830 911 253
186 257 161 838
224 428 880 247
757 773 648 481
42 804 919 710
9 273 999 646
662 244 688 73
969 168 974 12
744 765 998 11
1000 401 772 874
82 847 502 73
827 76 859 659
33 280 118 547
601 359 292 485
538 60 702 112
770 0 715 940
669 152 999 252
866 141 751 592
733 782 415 707
616 357 257 91
415 144 556 334
336 605 538 920
935 11 265 204
304 129 244 234
470 542 718 635
638 261 902 788
14 278 292 497
692 8 124 313
743 528 32 601
754 687 119 361
365 41 66 641
112 125 853 875
156 224 761 951
210 578 256 885
8 162 675 837
449 997 341 708
662 842 541 421
248 700 623 495
305 322 922 870
958 541 137 644
915 671 184 478
472 167 910 638
460 664 781 391
118 256 309 614
254 959 755 255
714 340 333 577
277 917
756 169
131 734
881 9
50 431
275 983
483 204
730 556
134 687
763 286
518 797
203 154
770 260
871 931
