163 11
852 261 990 440
429 372 609 816
22 872 862 86
252 403 60 66
183 787 252 165
1 284 816 899
910 266 154 557
542 496 20 179
931 581 694 47
538 216 92 961
757 726 745 360
868 704 580 693
789 872 265 260
729 980 288 273
414 198 347 941
473 946 637 861
976 954 704 830
231 241 381 313
711 843 87 976
96 975 105 138
658 867 97 593
546 320 448 904
931 918 219 473
974 819 93 543
740 45 779 877
144 649 644 796
873 382 628 805
483 931 878 557
490 517 530 876
805 580 532 770
492 468 230 100
166 293 639 392
318 656 148 50
489 925 510 650
346 743 842 554
274 613 479 704
420 708 396 565
346 352 610 429
105 108 255 187
372 812 385 523
471 328 969 802
942 455 499 133
834 336 423 522
585 945 395 929
257 606 600 848
195 179 304 283
175 493 4 870
244 735 590 584
906 630 53 127
674 859 593 824
179 548 663 512
732 319 546 32
302 102 161 158
486 534 933 700
944 504 14 78
616 769 841 255
55 865 725 84
437 60 752 884
682 620 815 558
735 667 903 877
635 468 300 102
280 884 238 903
757 618 380 609
15 707 134 425
87 445 801 281
138 77 378 417
901 292 448 855
341 292 807 266
76 970 419 653
324 680 800 452
718 375 683 967
254 947 301 355
951 124 275 220
484 34 80 583
40 299 464 177
666 644 203 230
589 586 890 441
936 375 339 48
541 143 809 905
682 963 997 822
78 32 157 400
213 782 411 484
882 518 570 112
453 259 396 141
907 598 753 150
387 759 120 153
940 171 857 973
564 325 3 184
803 694 71 89
691 283 942 858
725 816 97 20
188 286 81 238
57 779 577 248
103 813 795 516
974 134 820 117
414 97 898 333
55 28 68 412
990 743 174 196
551 418 724 498
802 410 560 877
617 301 570 734
361 831 336 957
397 734 393 604
783 821 34 317
186 278 588 714
858 30 672 817
382 16 301 650
858 704 905 0
715 54 604 403
139 913 807 533
142 552 985 60
365 677 317 134
192 21 526 665
622 864 982 43
910 467 950 256
366 635 700 526
2 390 633 505
230 979 372 18
831 715 41 481
411 775 657 105
827 732 572 346
186 836 918 537
428 523 272 993
773 188 589 595
253 707 806 450
715 260 232 360
863 993 860 685
314 849 840 174
79 233 348 811
367 168 93 99
891 348 161 356
289 401 2 946
544 273 400 947
753 325 101 92
302 140 601 106
105 191 12 615
149 769 473 109
224 328 67 396
858 70 503 75
132 732 590 790
133 157 42 661
673 431 238 340
611 841 501 985
477 896 582 200
961 863 660 742
503 206 22 916
180 301 884 286
797 824 451 421
154 771 19 736
623 984 758 847
454 536 26 338
447 226 467 302
245 112 5 630
127 893 196 38
125 238 431 612
562 875 400 771
784 254 144 510
867 517 508 8
81 276 23 156
151 313 817 601
174 269 208 263
287 308 358 235
54 732 631 41
472 5
965 583
403 966
910 751
736 984
352 870
677 728
650 968
186 870
774 341
765 872
