38 15
84 967 523 383
217 479 108 514
559 590 635 377
408 897 291 528
563 126 888 24
817 369 831 8
172 704 305 597
939 43 994 703
714 694 633 1
71 859 261 331
483 222 955 126
932 624 954 715
455 298 947 905
649 745 46 354
921 31 67 124
817 747 285 139
655 185 203 505
5 131 642 115
473 773 560 316
548 741 637 375
201 922 643 969
818 497 863 908
913 460 367 692
117 994 286 279
99 830 717 250
220 698 72 947
350 251 705 252
552 5 127 554
854 647 751 998
901 249 813 91
34 174 717 936
300 108 773 679
64 371 870 815
214 433 577 600
875 259 374 698
459 534 444 798
862 91 912 19
382 652 66 405
401 429
807 500
70 292
16 728
222 211
132 323
734 708
485 611
160 302
292 45
116 526
596 533
26 782
103 164
602 723
