73 4
865 737 976 714
675 702 750 570
836 758 888 426
649 609 300 733
893 406 131 487
837 211 493 20
324 988 736 546
49 305 767 83
91 91 310 71
313 416 469 716
848 418 602 802
113 513 817 113
990 804 406 311
388 191 958 523
74 179 534 898
291 963 516 757
514 101 605 140
173 37 201 969
611 723 386 11
781 225 711 115
374 948 665 835
113 489 390 338
966 976 696 927
585 562 556 889
750 153 964 365
13 904 989 692
466 593 474 69
43 690 657 521
814 498 906 460
612 92 843 114
331 460 985 451
548 572 72 427
323 370 806 630
625 417 315 636
625 596 77 344
467 830 8 2
984 886 172 846
41 713 312 648
160 531 210 149
970 28 871 69
999 612 532 382
976 206 788 978
888 148 334 87
117 223 854 807
938 916 93 129
865 316 260 763
434 223 81 446
461 521 964 667
996 847 235 414
209 566 300 623
514 30 320 378
266 345 449 49
111 340 636 782
235 403 211 424
2 801 634 694
378 318 10 967
625 371 756 178
38 685 927 696
526 876 165 567
174 382 692 508
312 50 702 903
818 557 181 379
35 849 790 377
32 471 937 121
381 305 104 877
874 361 931 23
631 648 389 9
866 499 290 639
577 87 226 960
557 734 601 971
740 758 838 664
113 91 741 316
409 730 845 816
414 668
215 49
310 974
491 209
