179 15
653 494 874 527
890 372 765 238
36 883 5 270
481 244 396 437
709 926 268 730
650 345 264 174
385 534 25 110
4 642 428 400
921 859 692 662
451 324 381 500
908 671 508 367
332 575 412 275
575 742 58 205
345 505 510 210
961 807 901 588
254 484 952 1000
188 708 18 240
449 902 451 771
78 447 1000 175
166 544 287 181
78 653 120 378
318 215 988 901
682 359 361 154
370 663 669 376
203 305 452 441
732 831 125 444
0 178 912 699
333 417 380 868
369 916 375 995
35 432 731 863
296 277 114 845
759 364 510 243
737 45 330 591
147 705 148 961
582 605 396 220
379 117 610 302
664 84 311 138
362 153 676 350
335 717 187 160
83 778 736 480
368 24 158 610
29 744 685 69
674 421 655 2
190 736 199 775
215 30 563 823
305 580 189 468
633 761 576 148
112 56 365 59
894 779 860 43
493 512 847 865
861 529 462 460
639 456 642 323
575 460 414 345
889 975 467 287
973 995 912 877
739 685 36 465
559 994 985 528
818 642 314 687
893 779 67 720
30 868 367 644
507 532 373 845
669 457 196 750
337 614 449 382
522 774 458 214
951 951 461 209
381 168 902 621
411 867 599 98
219 424 254 32
260 723 336 378
707 686 523 713
603 674 406 191
253 886 302 165
860 811 430 431
320 273 704 469
499 77 559 730
495 29 721 112
192 863 345 662
168 87 370 903
992 890 160 822
473 447 865 518
409 490 600 669
569 701 370 602
870 636 641 140
68 970 279 164
665 588 16 243
952 787 188 748
661 468 661 247
86 401 230 435
107 407 36 493
468 699 952 57
904 849 799 552
945 314 938 901
643 970 358 117
244 987 167 849
843 669 25 595
928 427 340 681
557 584 652 225
903 662 408 755
162 116 255 417
813 421 846 72
260 852 111 576
470 984 500 614
236 15 297 680
567 277 716 782
211 596 872 165
494 834 613 500
372 800 779 352
636 201 942 431
37 445 356 935
314 297 505 419
890 875 965 434
574 600 26 930
619 837 305 809
730 581 70 247
780 72 464 634
391 622 527 913
753 856 470 115
523 421 636 302
96 416 876 366
487 891 440 986
948 415 599 541
968 703 664 444
759 142 644 839
851 442 765 803
156 585 256 75
793 429 493 361
7 336 301 156
394 243 322 282
935 8 503 208
235 221 371 822
929 926 354 42
147 216 551 867
143 883 125 951
830 521 242 162
785 161 749 500
743 757 838 891
167 826 382 746
967 239 873 494
93 916 119 736
144 690 851 666
241 121 515 361
27 688 22 859
78 872 614 361
726 857 880 469
277 868 839 698
23 353 947 308
525 863 509 442
538 34 62 182
253 226 699 762
319 757 147 341
227 51 492 559
929 349 70 60
31 148 839 227
86 194 772 265
588 753 874 486
683 431 943 75
20 107 22 171
495 758 443 441
112 661 717 469
218 152 554 389
793 114 493 304
518 415 184 495
481 69 987 958
852 483 742 944
540 326 896 686
839 215 817 538
824 755 475 331
588 334 319 505
476 304 949 226
72 644 347 980
560 308 571 192
10 210 596 836
838 710 976 615
997 96 224 367
402 450 200 329
369 783 962 482
326 316 938 885
977 808 229 615
918 652 836 437
186 586
334 913
369 445
805 974
447 592
119 341
857 532
403 949
954 212
277 369
383 76
91 746
186 989
833 986
470 935
