35 9
579 93 953 638
770 120 896 22
661 818 381 203
152 895 793 359
790 995 58 39
675 229 201 554
252 553 634 883
542 177 97 998
713 652 927 19
901 362 321 32
384 434 438 341
486 253 456 161
143 759 818 309
484 899 706 939
441 280 844 459
649 134 930 143
568 122 10 125
134 413 969 181
960 711 413 31
357 509 579 141
583 177 582 721
879 382 708 36
702 543 230 11
651 352 672 794
780 472 50 709
816 186 915 151
829 483 60 55
925 136 532 502
518 220 406 209
313 855 967 646
380 310 397 155
998 630 154 248
520 13 8 859
369 826 755 323
335 964 645 988
495 803
343 34
196 601
80 229
901 719
579 284
510 539
228 74
442 159
