51 4
872 834 553 573
257 201 216 969
221 37 195 592
885 377 371 171
29 989 555 838
479 835 748 156
275 463 201 562
707 681 118 898
344 87 881 988
477 400 744 185
618 155 85 555
402 663 967 629
224 686 7 728
896 62 989 255
824 1000 402 772
200 575 973 774
550 941 412 787
277 126 729 346
267 726 189 725
825 949 113 526
914 60 499 308
750 338 795 668
184 496 560 494
817 76 435 328
181 90 263 741
374 509 662 234
860 308 76 202
494 557 871 623
319 893 19 593
224 966 545 448
614 286 621 236
745 124 936 945
637 341 497 526
414 472 686 190
522 154 114 360
712 96 257 617
514 365 967 205
25 987 869 14
915 987 164 588
846 401 553 808
23 471 201 384
296 706 95 646
774 786 115 493
341 391 496 848
942 523 384 476
369 564 801 920
130 560 877 416
131 118 619 634
759 863 486 644
662 627 696 972
73 96 643 802
615 490
769 173
941 647
805 505
