108 5
297 152 289 71
231 281 865 539
865 938 237 210
603 388 166 818
832 53 490 218
918 288 29 676
698 447 508 720
581 17 93 986
780 776 495 839
198 228 639 635
570 123 892 536
23 822 641 3
484 232 218 531
278 300 889 407
444 948 804 232
308 640 232 131
906 665 508 264
113 249 515 574
484 751 812 417
990 982 639 932
650 145 318 574
699 859 64 453
193 344 642 355
18 543 79 345
769 974 384 220
254 652 696 744
51 337 295 62
845 557 49 128
586 220 405 927
70 360 410 270
496 729 285 305
149 52 227 95
204 279 455 180
122 59 467 36
335 356 505 733
759 318 122 625
296 326 286 51
668 846 734 994
944 276 1 292
607 364 687 839
100 787 84 522
978 681 722 617
378 48 31 641
767 378 176 613
600 27 396 559
303 620 963 727
67 137 151 326
635 648 364 825
64 199 416 262
50 855 92 203
386 695 875 436
797 95 892 764
854 699 862 478
121 393 82 989
886 841 234 613
128 52 844 4
223 41 737 693
731 95 216 111
901 28 431 752
560 68 488 144
802 1000 569 506
231 157 821 307
689 231 561 285
691 740 755 930
1 747 686 289
121 722 135 329
486 804 61 220
218 884 545 217
423 635 70 741
303 641 380 317
912 408 740 812
803 981 249 124
549 944 79 755
1000 491 263 430
474 14 208 131
417 665 680 682
488 242 33 583
156 593 139 477
531 592 769 460
471 993 157 738
398 812 609 61
179 167 891 516
520 993 471 38
154 951 689 318
828 633 450 292
6 183 280 349
212 25 240 615
537 570 147 140
148 792 995 317
763 720 953 624
839 290 481 342
661 340 279 909
123 121 735 732
659 508 402 675
673 287 275 200
714 969 575 78
639 379 572 837
327 926 277 827
608 43 76 533
424 420 414 339
87 350 20 915
647 54 544 413
961 969 101 897
636 308 865 756
757 965 823 726
370 731 849 535
12 370 490 143
227 396 620 487
705 766
230 840
766 717
223 228
749 409
