59 12
713 477 919 635
368 916 117 343
349 563 686 569
166 754 347 873
191 42 464 692
552 581 950 292
366 604 420 735
908 328 878 184
309 833 697 619
211 93 306 330
862 62 560 113
306 957 725 411
520 630 472 532
272 301 542 404
685 719 49 906
875 390 570 269
861 280 277 19
866 572 10 750
404 335 587 786
242 119 433 927
927 532 24 877
143 744 105 385
103 160 301 768
125 365 21 540
621 24 974 551
887 192 460 625
669 891 13 931
35 115 139 289
782 443 791 31
901 695 199 808
823 272 953 551
933 885 854 491
444 621 478 607
983 728 511 730
461 307 942 675
601 179 28 965
120 512 337 790
911 393 888 858
163 821 992 42
358 102 677 956
415 171 320 552
284 564 315 588
529 364 992 121
144 934 8 331
427 515 821 580
653 104 503 452
714 197 663 724
917 972 75 210
754 391 164 209
273 575 969 628
655 333 390 497
149 262 41 387
787 200 500 47
921 789 512 587
231 912 650 732
919 843 211 989
222 549 50 144
461 144 830 864
1000 950 332 557
828 177
1000 795
801 387
837 336
181 191
994 834
954 556
380 165
149 67
450 551
755 814
853 803
