190 5
801 570 831 820
76 920 981 164
990 19 963 85
868 1000 443 352
619 761 148 538
574 437 460 833
861 856 737 700
121 849 331 415
46 432 274 434
829 707 750 979
489 762 180 918
278 549 48 15
332 408 669 39
728 95 354 92
540 888 982 583
858 19 521 37
625 81 583 25
533 627 958 1000
750 989 978 762
976 211 195 336
652 611 760 766
419 408 59 862
583 875 118 705
577 335 930 774
844 792 320 353
109 585 354 977
73 927 745 200
971 672 45 339
150 515 22 441
808 825 864 34
837 879 135 719
514 354 343 547
775 565 952 184
705 961 441 67
250 882 821 709
17 708 44 245
610 644 368 862
403 122 244 372
861 150 233 672
125 356 943 881
521 235 463 40
731 982 839 135
664 823 990 282
353 867 804 884
883 621 127 661
405 202 637 551
226 256 311 806
992 853 12 608
785 781 895 233
390 556 17 401
887 93 69 764
107 361 323 284
866 453 370 698
734 454 952 1000
154 546 497 225
216 572 523 406
416 513 399 982
256 160 458 986
26 82 604 917
219 698 764 121
896 457 479 270
233 270 416 814
960 510 443 203
603 357 161 316
655 934 916 817
571 897 872 314
258 242 721 772
36 387 555 939
682 477 938 887
91 189 236 313
229 90 888 641
848 435 662 443
459 491 603 655
298 271 586 655
436 123 253 414
86 807 29 789
513 966 894 861
85 150 704 296
799 436 894 653
671 978 676 344
227 206 854 796
791 368 296 837
104 275 938 500
634 169 997 541
491 478 528 554
153 255 999 464
858 628 582 87
544 699 901 940
503 910 678 884
321 705 837 30
175 285 657 779
567 382 755 845
807 292 919 939
38 876 857 242
754 968 48 599
344 976 335 273
670 963 596 846
616 487 592 668
388 693 335 771
490 961 31 134
806 94 940 360
1000 513 763 96
473 657 453 555
30 651 670 749
377 971 724 633
886 96 663 953
4 257 537 546
820 171 746 333
151 222 130 526
526 571 903 615
285 463 823 755
572 460 499 219
798 995 76 291
259 714 293 153
85 263 126 5
584 653 33 892
691 874 232 630
859 760 519 330
310 123 430 916
886 606 589 175
220 547 930 128
526 287 231 526
989 598 539 90
745 189 642 985
33 67 863 691
112 563 425 950
243 217 693 197
141 722 548 641
869 340 535 267
425 876 333 774
573 830 594 827
231 150 396 450
741 111 892 440
510 86 931 815
752 740 140 883
690 727 561 205
72 381 331 906
22 661 47 588
488 881 348 520
721 726 688 889
497 910 518 172
3 345 937 665
841 28 410 229
753 389 698 14
878 707 285 983
366 7 1 885
209 712 415 162
840 942 293 482
964 496 994 405
219 287 522 535
67 370 812 841
62 548 956 756
973 769 40 139
196 89 999 257
384 108 998 740
992 148 523 548
322 742 806 330
701 560 374 497
20 988 326 754
609 303 568 726
376 895 230 571
716 468 157 920
930 293 768 775
889 586 565 174
924 562 623 210
390 782 299 637
505 707 509 726
589 121 86 641
253 585 389 925
400 809 590 682
514 858 409 619
219 737 581 367
805 301 474 690
238 919 132 80
766 36 304 703
991 37 823 35
157 545 484 888
175 394 815 711
581 851 327 866
890 46 764 88
405 200 937 183
462 767 312 432
519 380 179 817
739 474 735 536
944 61 692 489
871 36 321 363
299 16 347 730
197 183 652 438
478 21 521 271
582 921 17 468
799 120
890 536
814 245
774 116
617 633
