130 14
186 413 982 489
111 498 685 930
86 455 613 83
307 941 673 780
450 518 111 28
880 155 6 168
848 588 423 655
467 735 635 132
624 233 889 403
919 378 504 395
634 966 171 878
174 574 177 67
412 622 99 587
536 640 850 995
383 219 293 84
983 349 242 89
779 666 592 268
12 764 159 876
148 819 441 125
320 711 592 401
28 793 798 392
450 503 633 850
777 684 345 975
280 842 309 565
878 942 796 927
902 713 221 595
673 325 740 565
7 979 396 644
908 36 372 257
132 246 92 633
644 921 149 116
339 407 341 283
156 298 17 600
580 396 978 620
587 0 617 131
493 476 597 907
839 442 64 873
330 107 357 290
803 883 763 304
119 310 479 914
315 584 604 192
219 220 250 466
211 235 107 298
573 113 947 142
830 684 246 949
314 305 698 631
726 30 940 164
94 393 395 897
805 571 44 458
870 134 337 670
80 123 172 599
959 702 114 499
250 927 658 267
553 773 792 754
787 331 482 961
242 669 588 178
333 312 780 690
765 437 308 914
133 370 438 832
925 40 711 583
32 14 642 325
937 18 260 910
763 541 605 952
146 99 93 107
872 553 295 469
128 840 981 806
245 885 503 387
994 306 663 354
787 152 705 751
624 169 109 321
463 954 92 615
189 546 261 965
857 813 892 222
681 607 873 267
405 86 748 675
987 147 887 436
573 551 613 485
715 362 199 426
760 871 308 190
304 66 343 830
370 939 606 74
396 723 512 493
108 658 671 216
194 840 463 932
4 363 638 143
928 874 477 547
964 442 685 331
862 499 14 659
955 373 985 449
435 479 365 104
350 115 765 584
580 630 471 54
707 759 608 409
905 497 354 299
241 320 88 624
378 619 648 327
685 397 525 388
856 353 937 297
435 824 492 407
968 460 474 354
570 31 10 672
204 60 598 266
330 596 18 278
300 995 931 255
425 743 599 235
856 910 972 605
185 967 841 329
224 85 833 203
533 211 761 591
365 763 800 592
166 107 956 742
635 652 316 700
23 654 856 788
835 348 696 781
912 141 70 331
154 80 839 19
385 637 781 165
270 542 915 236
258 454 152 108
837 53 568 407
916 803 101 565
896 236 515 162
181 361 998 565
621 987 169 432
252 461 159 564
63 388 459 405
689 374 114 504
14 219 660 171
690 425 902 33
281 463 826 947
636 368
156 245
604 28
964 9
659 856
187 130
420 533
357 560
508 754
104 515
733 856
95 841
593 41
411 376
