101 13
279 719 823 416
744 591 213 252
777 437 69 275
478 477 494 137
727 478 20 975
1 741 949 904
803 763 127 901
253 860 702 263
440 901 976 363
182 579 874 894
593 590 984 241
59 306 359 166
719 993 437 533
402 661 887 361
925 979 884 848
4 126 578 724
816 602 843 469
228 175 442 804
609 861 618 173
595 635 391 790
956 492 135 615
807 900 614 998
178 438 844 910
558 172 716 838
114 827 896 590
278 579 894 783
284 982 278 25
47 344 296 980
112 729 961 228
922 55 468 84
311 720 21 46
991 109 163 437
139 821 430 885
129 67 492 49
112 84 670 553
154 823 51 784
797 228 570 860
455 251 186 339
323 284 611 532
252 515 983 980
679 606 139 502
991 217 969 495
584 610 950 335
502 60 451 818
995 225 857 916
357 270 780 356
728 746 747 382
880 214 888 617
657 80 343 383
587 45 685 799
616 813 39 219
568 258 928 947
633 79 866 827
568 805 384 142
15 97 733 687
861 329 317 380
446 579 371 899
22 226 730 845
337 495 853 319
189 883 626 702
849 919 491 563
767 480 386 39
996 649 331 820
277 520 451 47
44 424 421 491
357 222 4 294
404 777 572 17
340 955 476 976
333 631 389 507
83 830 29 338
807 873 943 435
170 467 373 648
611 839 253 979
461 174 707 263
290 690 693 997
59 740 692 206
885 314 332 811
736 959 809 228
413 145 96 760
243 221 294 409
150 840 280 19
881 902 73 21
508 293 725 704
506 937 186 149
834 109 312 351
106 319 217 259
813 16 329 757
809 405 750 179
739 480 535 676
147 248 441 34
205 755 180 194
756 588 847 33
58 302 664 716
624 60 965 73
744 713 226 95
587 697 22 647
836 618 51 816
791 130 301 26
925 5 544 333
483 141 190 152
37 55 740 296
251 468
856 84
916 480
259 66
89 816
57 442
80 375
753 148
303 40
582 894
98 289
0 44
894 604
