105 9
606 106 385 190
740 92 492 302
869 842 143 34
681 534 787 808
995 254 814 327
307 508 669 929
981 371 182 503
191 207 982 500
810 406 545 325
167 780 312 706
166 659 521 438
801 98 668 655
602 888 980 379
873 514 657 783
650 478 883 765
788 468 89 251
888 928 354 321
827 478 654 186
906 771 368 221
543 743 795 744
616 172 132 593
438 692 667 174
759 39 38 613
669 351 725 74
0 579 546 468
903 421 408 122
731 779 282 222
371 954 922 440
470 236 278 394
870 131 976 789
400 76 294 104
826 24 185 209
537 2 862 24
137 803 127 300
441 107 559 876
221 545 885 895
870 352 64 615
602 780 522 970
921 89 851 92
459 59 290 459
760 463 348 294
649 905 398 9
772 935 844 760
783 476 397 969
991 563 508 604
99 447 532 915
435 168 989 992
915 760 735 840
102 174 788 381
131 533 869 386
27 108 418 931
671 735 49 13
430 593 729 301
281 184 351 216
796 149 98 884
791 738 179 753
250 272 484 598
312 434 755 722
394 273 481 632
185 838 893 539
239 352 784 328
549 808 617 459
617 931 927 358
822 92 696 718
136 836 16 329
77 623 737 938
8 315 943 223
761 569 980 300
839 99 637 388
283 481 698 967
222 75 505 162
903 617 225 995
349 703 745 902
135 519 265 679
691 72 877 616
173 997 946 660
371 982 881 946
891 212 890 25
51 320 850 255
323 638 785 457
641 323 537 506
780 828 747 213
52 945 649 998
533 775 287 923
879 381 501 493
696 818 31 652
637 688 457 787
993 478 693 427
508 756 565 368
863 286 455 27
245 205 676 425
175 222 812 889
466 201 953 693
141 524 444 513
789 823 993 771
586 513 114 727
195 764 330 555
545 634 686 532
924 973 847 163
503 703 166 295
721 322 406 409
787 669 977 863
731 603 166 34
494 523 769 423
549 49 620 122
611 478
84 321
104 857
429 639
585 23
257 112
169 964
474 638
764 794
