91 1
998 5 320 451
955 377 616 926
582 574 541 440
641 725 524 678
446 458 109 51
529 534 848 286
228 760 594 272
976 299 933 134
50 794 363 116
995 606 536 657
276 699 448 460
326 111 934 768
625 435 599 62
185 346 478 741
163 724 59 689
187 349 664 408
648 212 715 683
114 55 913 951
329 926 945 469
421 403 198 649
753 651 175 577
911 255 212 577
688 13 445 125
235 10 750 51
129 152 196 87
901 714 885 509
198 183 28 736
462 643 18 45
456 604 711 910
164 532 663 738
823 476 143 27
539 995 625 229
794 165 808 639
585 764 925 227
720 521 571 918
149 484 850 916
474 145 640 172
416 152 316 634
991 577 104 70
831 439 434 532
196 822 518 42
332 580 88 467
148 470 160 151
815 606 120 945
100 907 280 384
989 777 84 298
616 577 933 904
44 689 393 261
469 601 573 767
387 926 810 245
890 465 746 203
573 398 700 227
990 125 636 57
300 955 305 11
497 652 470 228
77 857 182 278
526 406 513 544
223 498 20 879
54 635 191 905
600 66 913 997
443 758 890 183
523 554 743 464
149 192 176 396
779 477 183 476
351 898 898 997
824 937 695 821
474 978 599 116
143 546 726 477
984 80 310 167
445 287 553 679
849 710 89 129
560 953 461 903
749 239 370 341
227 388 746 736
12 671 776 343
600 472 357 746
718 906 6 184
844 990 418 576
127 860 148 486
120 976 716 788
992 306 909 281
704 948 41 59
47 604 289 623
242 589 784 754
971 962 697 737
321 792 399 44
276 89 308 937
459 620 324 980
205 324 82 98
282 602 589 27
968 126 663 131
375 938
