78 6
853 561 88 226
93 783 834 470
592 856 147 256
88 954 970 969
538 388 750 828
60 107 928 469
565 668 802 808
425 979 775 818
203 667 722 242
866 74 574 476
66 935 957 508
786 379 739 164
421 573 213 703
741 298 980 895
550 665 662 251
552 818 484 384
311 728 730 471
394 11 772 364
282 505 590 793
545 829 298 367
542 524 956 198
261 678 636 859
939 164 875 619
646 649 324 327
883 128 441 441
601 423 446 359
511 406 120 273
427 642 357 19
756 272 81 557
229 249 350 823
646 351 686 40
120 45 745 790
525 926 485 201
516 402 585 619
494 625 702 5
265 940 277 932
682 425 60 284
129 693 622 17
965 417 29 914
399 692 201 322
854 950 559 65
431 116 642 779
462 29 215 999
206 27 882 779
74 586 86 361
415 517 664 695
216 263 679 824
429 814 184 991
83 805 523 448
321 786 720 966
963 822 915 136
195 291 706 531
596 50 406 80
98 979 449 124
206 672 556 786
75 858 124 118
205 92 986 427
583 545 493 307
956 551 575 987
137 937 724 551
404 248 384 985
345 506 349 547
400 352 768 99
474 213 177 796
271 312 151 559
304 392 374 637
165 936 607 730
377 494 579 258
379 849 738 648
159 342 89 120
878 856 493 256
139 705 19 304
471 225 142 484
394 238 285 557
591 808 884 815
446 755 648 93
7 235 242 162
122 941 862 746
770 786
656 232
536 919
152 901
562 884
4 424
