137 2
250 51 33 895
457 43 54 267
473 234 194 401
619 813 566 595
188 723 620 23
354 820 616 540
181 210 425 489
41 330 468 797
671 337 664 632
905 881 662 670
938 327 263 772
437 351 299 767
556 2 800 579
876 196 913 749
928 321 25 683
298 793 331 396
663 437 609 815
429 993 677 123
975 376 609 214
835 309 138 279
247 15 449 266
758 643 418 656
628 911 511 833
30 44 312 342
586 769 848 447
519 3 212 996
680 471 653 439
315 774 240 680
460 641 40 744
135 968 450 470
153 676 738 776
133 381 195 635
332 244 212 686
486 38 843 465
28 970 231 935
731 310 379 135
651 443 297 113
40 3 243 678
907 545 495 680
479 800 188 818
100 917 754 321
230 339 828 619
858 771 423 150
0 544 805 632
186 959 574 967
231 617 577 136
552 478 351 985
537 698 128 187
928 633 338 250
618 432 75 76
129 814 774 688
775 530 864 557
855 760 38 299
215 562 883 563
475 362 135 956
602 2 311 875
94 293 461 174
608 781 683 502
123 107 490 387
75 801 707 277
446 560 679 95
907 75 205 103
55 714 48 303
157 326 538 145
687 653 345 476
614 686 321 98
77 873 403 865
817 694 184 558
540 804 482 754
207 372 704 80
817 215 813 898
954 967 431 956
315 387 428 452
324 152 961 3
858 281 261 949
437 904 620 82
286 695 62 269
236 991 422 645
931 621 783 866
307 805 769 304
985 520 966 487
327 59 73 860
743 196 574 757
659 388 627 392
770 227 353 181
470 484 35 555
964 585 44 895
817 552 118 456
707 826 975 528
780 580 556 630
504 129 836 174
734 58 346 577
783 265 655 688
73 331 970 630
496 359 665 74
673 419 867 985
414 781 798 32
117 62 443 7
924 941 705 553
473 169 596 699
959 693 472 310
957 474 840 220
82 783 854 325
735 883 453 131
11 749 223 973
53 805 581 257
649 19 758 310
784 163 905 659
360 218 856 679
740 45 167 80
69 340 358 642
405 685 634 623
431 532 607 688
952 50 593 3
666 935 750 283
641 667 124 557
296 487 306 35
718 92 432 390
363 490 994 298
62 51 663 509
562 151 416 65
36 170 790 725
129 748 742 766
31 595 241 732
231 406 923 48
494 334 501 486
37 535 989 673
972 980 594 957
185 422 940 581
62 634 989 765
444 890 881 314
124 855 262 271
295 627 678 964
922 708 385 836
730 103 720 921
730 956 730 709
479 948 326 646
871 333
855 397
