128 9
161 421 681 105
856 304 483 296
5 614 939 361
901 370 813 690
603 535 652 454
523 832 111 640
814 420 700 851
48 628 398 228
55 398 886 433
634 767 350 117
698 728 349 220
380 886 136 926
450 891 856 24
993 272 801 420
241 199 857 52
323 213 167 440
102 434 783 697
353 589 742 928
749 946 37 21
24 356 533 193
732 768 152 687
89 477 150 587
123 82 550 888
523 820 501 676
963 820 176 874
403 94 660 448
633 606 460 920
913 145 60 112
265 81 518 488
411 235 428 333
864 311 110 981
487 967 24 68
638 221 365 913
770 996 997 810
571 568 420 263
613 401 614 387
84 904 468 774
3 646 296 715
624 40 420 474
142 174 954 378
326 744 746 467
474 549 862 522
608 955 589 970
300 281 445 955
469 527 917 23
229 811 400 838
761 373 918 19
488 806 633 841
156 756 234 536
513 510 700 728
879 212 39 495
948 925 231 544
500 700 46 657
616 204 468 55
307 633 202 523
289 347 144 890
789 332 419 309
240 587 681 81
546 262 538 989
38 892 703 970
201 677 469 438
903 994 25 130
378 473 125 407
556 724 381 815
715 680 363 825
290 887 121 311
481 265 324 530
590 811 767 282
556 347 843 868
731 557 936 236
801 547 82 585
139 349 468 145
353 767 345 39
811 570 756 990
390 434 940 923
432 886 200 427
366 128 899 657
914 362 136 461
857 778 857 138
856 903 23 220
359 731 846 152
446 175 988 237
136 8 417 731
79 208 959 7
464 627 411 892
567 22 32 603
730 760 80 805
331 399 399 681
745 235 457 203
934 401 767 57
418 829 242 188
928 699 787 381
603 686 477 225
85 63 445 462
688 372 174 276
77 925 76 806
135 597 279 474
486 368 285 675
491 170 270 523
859 827 627 76
353 662 904 730
997 795 400 140
976 942 138 996
595 958 56 732
320 356 171 618
952 86 571 938
994 168 811 917
611 892 164 708
512 528 464 754
391 425 565 328
149 924 930 946
392 127 74 129
847 97 466 873
128 180 765 575
651 758 449 670
354 372 108 954
617 893 379 173
415 724 347 588
339 767 426 604
425 816 579 840
389 411 55 334
139 63 939 263
773 928 102 784
626 561 166 594
807 949 484 5
225 201 245 971
911 842 371 309
371 437 791 181
855 209
923 536
697 828
176 394
344 936
468 503
119 596
67 862
561 919
