58 7
343 6 15 415
266 92 169 218
562 547 33 773
117 350 795 89
126 653 927 982
239 791 736 271
944 632 77 489
957 555 965 173
334 733 904 873
16 944 410 513
354 22 295 996
946 461 79 496
422 191 672 603
975 917 155 234
905 75 117 783
596 714 930 835
787 56 104 446
897 430 920 92
394 934 119 164
846 7 938 344
150 186 212 304
410 212 540 847
800 47 698 848
638 337 387 512
219 813 98 60
530 321 647 12
619 351 986 664
948 989 556 880
124 942 196 566
502 771 992 385
956 932 484 130
125 592 448 785
148 526 879 300
501 187 301 841
818 977 445 341
967 279 726 212
416 198 667 559
241 830 846 272
878 621 920 447
715 308 932 915
956 168 724 775
823 588 6 962
702 114 431 100
366 737 480 481
51 700 165 368
166 920 849 572
249 509 476 330
995 293 927 819
784 288 779 378
610 543 842 172
550 434 194 934
710 556 617 922
926 655 240 407
942 7 816 679
459 494 605 462
426 589 887 70
775 25 91 161
106 831 345 992
837 62
495 435
423 255
865 421
163 619
676 63
808 308
