50 7
95 637 300 557
636 216 992 963
734 825 718 539
408 667 958 989
419 706 406 974
496 751 297 466
99 547 646 990
79 526 229 21
943 747 165 799
46 220 809 350
244 767 838 605
398 905 579 108
336 620 337 240
945 949 244 473
635 543 898 522
233 378 200 134
650 34 388 476
520 923 810 424
613 929 416 186
938 146 978 870
433 653 872 836
509 832 554 690
61 587 724 512
411 556 603 33
16 101 208 138
167 185 532 238
703 236 524 90
947 989 88 131
579 46 229 819
6 228 130 409
257 939 954 724
297 894 726 994
44 890 931 914
91 405 289 906
823 92 760 935
779 595 653 963
764 816 824 386
966 299 527 908
156 882 790 45
336 339 368 485
152 626 172 86
275 968 509 335
226 728 552 974
922 345 916 13
214 128 472 721
15 173 74 1000
438 437 879 358
511 769 12 856
913 167 658 40
852 546 370 244
482 941
430 59
915 281
3 424
929 283
115 798
750 867
